Date,Open,High,Low,Close,Volume,Adj Close
2014-12-08,30.54,31.30,30.54,31.06,26400,31.06
2014-12-05,30.75,31.21,30.49,31.00,21900,31.00
2014-12-04,30.31,31.04,30.14,30.73,17300,30.73
2014-12-03,29.40,30.42,29.14,30.28,26300,30.28
2014-12-02,30.42,30.66,28.99,29.39,21200,29.39
2014-12-01,31.47,31.47,30.09,30.17,18800,30.17
2014-11-28,32.35,32.42,31.72,31.72,4900,31.72
2014-11-26,32.75,32.93,32.06,32.06,16100,32.06
2014-11-25,31.70,32.69,31.70,32.56,18800,32.56
2014-11-24,30.18,31.58,30.13,31.46,19600,31.46
2014-11-21,31.28,31.28,29.61,29.97,24500,29.97
2014-11-20,30.50,30.98,30.10,30.75,20400,30.75
2014-11-19,31.34,31.44,30.52,30.65,39800,30.65
2014-11-18,32.90,32.90,31.51,31.73,22800,31.73
2014-11-17,33.87,34.18,32.55,32.95,22600,32.95
2014-11-14,35.00,35.09,33.77,34.04,22400,34.04
2014-11-13,35.76,35.86,34.87,35.22,18300,35.22
2014-11-12,35.14,35.71,34.66,35.52,32400,35.52
2014-11-11,34.92,35.30,34.72,35.23,18900,35.23
2014-11-10,35.51,35.51,34.49,35.01,18700,35.01
2014-11-07,34.76,36.21,33.77,35.22,32800,35.22
2014-11-06,33.57,34.52,33.01,34.48,32000,34.48
2014-11-05,34.61,34.61,33.30,33.57,27200,33.57
2014-11-04,33.93,34.65,33.93,34.44,10100,34.44
2014-11-03,34.46,34.94,33.95,34.20,26100,34.20
2014-10-31,34.46,34.46,34.10,34.31,23400,34.31
2014-10-30,33.21,33.95,32.76,33.88,15600,33.88
2014-10-29,33.97,33.97,32.41,33.16,18300,33.16
2014-10-28,31.99,33.73,31.93,33.67,19300,33.67
2014-10-27,32.19,32.46,31.83,31.96,41600,31.96
2014-10-24,32.06,32.51,32.06,32.46,22700,32.46
2014-10-23,33.04,34.52,31.72,32.25,34500,32.25
2014-10-22,31.63,32.79,31.63,32.74,14300,32.74
2014-10-21,32.46,33.27,31.59,31.78,31100,31.78
2014-10-20,33.76,33.89,31.97,32.17,28100,32.17
2014-10-17,35.32,35.47,33.58,33.73,30100,33.73
2014-10-16,34.64,35.80,33.89,34.74,34400,34.74
2014-10-15,36.10,36.60,33.58,35.35,19800,35.35
2014-10-14,36.62,36.62,35.60,36.60,22200,36.60
2014-10-13,35.42,36.71,35.38,36.59,17900,36.59
2014-10-10,35.22,36.12,35.00,35.51,20100,35.51
2014-10-09,36.10,36.20,34.99,35.34,11500,35.34
2014-10-08,33.18,36.40,33.18,36.13,28800,36.13
2014-10-07,33.13,33.42,33.13,33.38,13900,33.38
2014-10-06,33.21,33.50,33.14,33.39,25100,33.39
2014-10-03,33.87,33.87,33.12,33.12,18500,33.12
2014-10-02,33.06,33.98,32.86,33.72,16700,33.72
2014-10-01,33.53,33.53,32.74,33.28,34600,33.28
2014-09-30,34.90,34.90,33.57,33.73,26100,33.73
2014-09-29,35.81,36.26,34.61,34.86,32900,34.86
2014-09-26,36.73,36.78,35.92,36.53,12600,36.53
2014-09-25,36.53,36.87,36.47,36.56,9000,36.56
2014-09-24,36.75,36.97,36.52,36.93,12500,36.93
2014-09-23,36.78,36.98,36.25,36.64,27800,36.64
2014-09-22,36.59,37.00,35.60,36.79,27600,36.79
2014-09-19,36.95,37.31,36.22,37.01,34800,37.01
2014-09-18,36.57,37.60,36.38,36.62,15700,36.62
2014-09-17,35.84,37.10,35.50,36.24,30700,36.24
2014-09-16,35.45,36.67,35.40,36.13,17200,35.95
2014-09-15,36.09,37.26,35.23,35.57,21900,35.39
2014-09-12,37.88,38.43,35.21,35.82,77400,35.64
2014-09-11,36.54,38.19,35.72,37.79,119600,37.60
2014-09-10,35.99,36.90,35.56,36.67,32000,36.49
2014-09-09,36.55,36.76,35.83,35.87,20900,35.69
2014-09-08,36.29,36.81,35.05,36.48,50300,36.30
2014-09-05,35.59,36.80,35.22,36.52,28500,36.34
2014-09-04,35.45,35.75,35.25,35.68,20700,35.50
2014-09-03,35.73,35.73,34.83,35.05,22100,34.88
2014-09-02,35.33,35.75,34.94,35.52,33900,35.34
2014-08-29,35.30,35.68,34.67,35.04,21500,34.87
2014-08-28,35.28,35.74,35.03,35.19,19100,35.01
2014-08-27,35.28,35.75,35.28,35.42,18200,35.24
2014-08-26,35.57,35.75,35.20,35.49,24300,35.31
2014-08-25,34.78,35.63,34.72,35.41,24400,35.23
2014-08-22,33.05,34.49,32.80,34.47,39500,34.30
2014-08-21,33.30,33.43,32.48,33.26,43800,33.09
2014-08-20,33.60,33.74,31.90,33.23,32900,33.06
2014-08-19,32.64,33.70,32.64,33.49,14600,33.32
2014-08-18,32.82,33.30,32.00,33.15,25200,32.98
2014-08-15,32.82,32.82,31.83,32.56,32100,32.40
2014-08-14,32.35,32.61,32.31,32.41,4700,32.25
2014-08-13,31.91,32.73,31.64,32.15,13400,31.99
2014-08-12,31.72,31.92,31.32,31.32,8000,31.16
2014-08-11,32.06,32.06,31.69,31.82,8600,31.66
2014-08-08,31.56,32.06,31.56,31.92,6400,31.76
2014-08-07,31.22,31.89,30.69,31.51,10900,31.35
2014-08-06,30.36,31.43,30.36,31.06,32500,30.91
2014-08-05,30.25,30.70,30.25,30.50,12500,30.35
2014-08-04,30.32,30.79,30.25,30.26,31400,30.11
2014-08-01,30.36,31.05,30.25,30.30,18600,30.15
2014-07-31,31.25,31.48,30.25,30.26,22900,30.11
2014-07-30,31.44,31.44,31.25,31.31,10300,31.15
2014-07-29,31.30,31.63,31.25,31.28,15500,31.12
2014-07-28,31.65,31.65,31.27,31.28,10300,31.12
2014-07-25,31.54,32.75,31.54,31.56,13900,31.40
2014-07-24,32.53,32.82,31.70,31.74,13000,31.58
2014-07-23,32.67,33.19,32.34,32.45,21600,32.29
2014-07-22,32.09,32.78,32.09,32.51,28700,32.35
2014-07-21,32.04,32.45,31.90,32.00,16300,31.84
2014-07-18,32.00,32.57,31.87,32.30,29700,32.14
2014-07-17,32.27,32.35,32.01,32.19,16100,32.03
2014-07-16,32.62,32.80,32.31,32.43,11800,32.27
2014-07-15,32.64,33.29,32.12,32.30,17700,32.14
2014-07-14,32.83,33.37,32.52,32.82,27500,32.66
2014-07-11,32.99,32.99,32.21,32.83,23700,32.67
2014-07-10,33.58,33.66,32.81,33.06,25400,32.90
2014-07-09,34.26,34.60,34.11,34.34,14500,34.17
2014-07-08,34.46,34.70,34.00,34.09,14500,33.92
2014-07-07,34.46,35.62,33.88,34.27,25900,34.10
2014-07-03,35.23,35.37,34.24,34.42,8800,34.25
2014-07-02,36.17,36.17,35.00,35.10,19400,34.93
2014-07-01,33.87,36.84,33.68,36.00,49500,35.82
2014-06-30,32.48,34.67,32.11,33.35,89200,33.18
2014-06-27,31.90,32.70,31.90,32.60,36300,32.44
2014-06-26,32.04,32.42,31.80,32.11,8400,31.95
2014-06-25,32.60,32.69,31.75,31.88,37700,31.72
2014-06-24,33.73,34.30,32.63,32.70,24600,32.54
2014-06-23,34.72,35.97,33.42,33.60,30100,33.43
2014-06-20,34.64,34.97,34.20,34.51,19400,34.34
2014-06-19,34.16,34.97,33.73,34.36,19400,34.19
2014-06-18,34.19,34.40,33.43,34.04,11900,33.87
2014-06-17,33.78,34.40,33.54,34.10,20000,33.78
2014-06-16,34.90,36.17,33.22,33.86,53800,33.54
2014-06-13,35.73,36.02,35.00,35.23,9500,34.90
2014-06-12,35.77,35.77,35.09,35.48,10500,35.15
2014-06-11,36.31,36.80,35.35,35.70,19700,35.37
2014-06-10,36.95,36.98,36.57,36.69,11500,36.35
2014-06-09,35.75,37.38,33.11,36.95,41400,36.60
2014-06-06,34.95,36.06,34.95,35.83,16800,35.49
2014-06-05,32.40,35.07,32.40,34.65,15200,34.33
2014-06-04,31.67,32.98,31.67,32.39,21400,32.09
2014-06-03,32.09,32.89,31.25,31.95,25200,31.65
2014-06-02,33.20,33.27,32.04,32.40,20000,32.10
2014-05-30,33.78,34.46,33.05,33.28,19400,32.97
2014-05-29,34.44,34.98,33.09,33.59,22700,33.28
2014-05-28,33.28,34.50,33.28,33.60,19100,33.29
2014-05-27,32.83,33.99,32.64,33.87,36900,33.55
2014-05-23,32.05,32.93,32.00,32.14,24800,31.84
2014-05-22,32.07,32.70,32.00,32.27,22600,31.97
2014-05-21,32.89,32.89,32.00,32.14,20500,31.84
2014-05-20,32.70,35.95,31.70,32.57,20800,32.27
2014-05-19,33.39,33.70,32.74,32.94,19100,32.63
2014-05-16,32.76,33.69,32.44,33.68,22100,33.36
2014-05-15,32.83,33.88,32.32,32.72,41800,32.41
2014-05-14,35.39,36.06,32.80,33.10,28100,32.79
2014-05-13,36.01,36.42,35.30,35.32,27700,34.99
2014-05-12,33.78,36.10,33.54,35.96,18300,35.62
2014-05-09,32.82,33.74,30.74,33.48,21100,33.17
2014-05-08,33.44,34.40,32.86,32.98,19900,32.67
2014-05-07,33.34,33.41,30.61,33.41,19700,33.10
2014-05-06,33.90,34.35,33.29,33.37,17000,33.06
2014-05-05,33.84,34.27,33.34,33.93,24400,33.61
2014-05-02,33.06,34.30,33.06,34.27,23700,33.95
2014-05-01,34.42,34.42,32.15,33.09,40900,32.78
2014-04-30,34.32,34.87,32.97,34.32,31700,34.00
2014-04-29,35.25,36.16,34.02,34.37,25600,34.05
2014-04-28,36.09,37.25,34.11,34.98,26700,34.65
2014-04-25,37.23,37.66,35.56,35.77,20900,35.44
2014-04-24,37.86,38.06,37.18,37.41,13800,37.06
2014-04-23,38.11,38.25,37.28,37.28,16900,36.93
2014-04-22,38.22,38.39,38.01,38.23,30300,37.87
2014-04-21,37.49,38.54,37.22,38.24,32200,37.88
2014-04-17,37.00,37.81,36.60,37.03,23600,36.68
2014-04-16,37.10,37.61,36.12,36.78,39400,36.44
2014-04-15,36.26,37.00,34.97,36.88,49000,36.53
2014-04-14,36.82,36.90,35.44,36.26,39300,35.92
2014-04-11,34.97,36.94,34.97,36.37,63700,36.03
2014-04-10,36.85,37.00,34.92,35.19,46500,34.86
2014-04-09,37.72,38.43,36.68,36.71,64500,36.37
2014-04-08,35.44,37.73,35.33,37.49,38800,37.14
2014-04-07,36.70,38.76,35.31,35.62,31800,35.29
2014-04-04,39.69,39.85,36.24,36.84,32000,36.50
2014-04-03,39.85,39.87,39.17,39.22,13200,38.85
2014-04-02,39.62,40.44,39.15,39.59,23600,39.22
2014-04-01,37.85,39.89,37.72,39.50,48400,39.13
2014-03-31,36.50,38.00,36.50,37.62,138600,37.27
2014-03-28,37.00,37.55,35.76,36.24,28500,35.90
2014-03-27,36.13,37.00,35.57,36.99,22600,36.64
2014-03-26,37.40,37.70,36.23,36.23,21000,35.89
2014-03-25,36.20,37.03,35.75,36.81,29400,36.47
2014-03-24,36.79,36.84,36.10,36.15,15700,35.81
2014-03-21,36.00,36.52,36.00,36.48,36700,36.14
2014-03-20,36.33,36.90,36.03,36.17,10300,35.83
2014-03-19,36.09,37.99,36.09,36.44,21000,36.10
2014-03-18,36.10,36.47,35.90,36.16,18100,35.67
2014-03-17,36.08,36.18,35.83,36.17,10200,35.68
2014-03-14,36.09,36.18,34.89,35.73,23100,35.25
2014-03-13,36.60,36.88,35.88,36.17,17500,35.68
2014-03-12,37.54,37.54,36.59,37.09,28800,36.59
2014-03-11,38.45,38.63,37.53,37.62,20600,37.11
2014-03-10,38.23,38.62,37.67,38.47,17400,37.95
2014-03-07,38.31,38.56,37.65,38.13,10700,37.62
2014-03-06,37.45,38.20,37.45,38.14,10500,37.63
2014-03-05,37.31,37.98,37.31,37.65,11200,37.14
2014-03-04,37.58,38.00,36.89,37.28,43900,36.78
2014-03-03,36.47,37.80,35.91,37.03,33700,36.53
2014-02-28,37.16,37.80,37.00,37.15,17300,36.65
2014-02-27,36.62,37.40,36.62,37.15,12200,36.65
2014-02-26,36.53,37.40,36.02,36.85,15900,36.35
2014-02-25,37.05,37.15,35.90,36.27,21900,35.78
2014-02-24,36.17,37.27,35.96,37.16,23100,36.66
2014-02-21,36.20,36.93,36.15,36.21,15300,35.72
2014-02-20,36.19,36.35,35.04,36.34,16600,35.85
2014-02-19,36.77,36.90,35.88,36.03,14900,35.54
2014-02-18,35.97,36.90,35.89,36.68,15600,36.19
2014-02-14,34.98,35.55,34.42,35.54,25400,35.06
2014-02-13,33.64,35.36,33.64,34.97,20900,34.50
2014-02-12,35.66,36.13,33.53,33.80,67000,33.34
2014-02-11,34.78,35.79,34.26,35.46,18900,34.98
2014-02-10,32.34,34.81,32.02,34.78,41100,34.31
2014-02-07,30.87,33.22,30.86,32.59,39000,32.15
2014-02-06,29.28,30.74,29.28,30.65,157000,30.24
2014-02-05,29.25,29.54,28.33,28.72,21600,28.33
2014-02-04,30.33,30.33,28.96,29.03,22200,28.64
2014-02-03,30.94,30.96,29.28,29.68,51700,29.28
2014-01-31,29.70,30.91,29.70,30.83,17600,30.41
2014-01-30,29.15,30.44,28.83,30.06,16000,29.66
2014-01-29,28.07,28.83,28.01,28.71,15100,28.32
2014-01-28,28.23,28.70,28.15,28.31,31000,27.93
2014-01-27,28.28,28.94,28.05,28.21,12300,27.83
2014-01-24,28.68,28.92,28.04,28.11,16700,27.73
2014-01-23,28.73,29.00,28.50,28.76,9400,28.37
2014-01-22,27.96,28.85,27.96,28.65,7100,28.26
2014-01-21,28.36,29.08,28.36,28.69,21300,28.30
2014-01-17,28.13,28.43,27.98,28.05,13000,27.67
2014-01-16,27.43,27.98,27.37,27.98,16900,27.60
2014-01-15,27.23,27.43,26.83,27.43,11200,27.06
2014-01-14,26.10,27.54,25.83,27.43,20400,27.06
2014-01-13,26.55,26.57,25.77,26.00,46900,25.65
2014-01-10,27.97,27.97,26.17,26.57,22000,26.21
2014-01-09,29.00,29.00,27.50,27.98,12700,27.60
2014-01-08,29.84,29.88,28.78,28.94,18000,28.55
2014-01-07,30.23,30.94,29.76,29.99,14500,29.59
2014-01-06,30.83,31.15,30.01,30.19,12600,29.78
2014-01-03,30.54,30.86,30.52,30.65,6700,30.24
2014-01-02,30.80,30.88,30.48,30.52,8500,30.11
2013-12-31,30.21,30.98,30.21,30.73,8700,30.32
2013-12-30,31.06,31.06,29.88,30.28,30400,29.87
2013-12-27,31.53,31.53,30.59,30.97,13200,30.55
2013-12-26,30.50,31.65,30.46,31.40,11600,30.98
2013-12-24,29.85,30.54,29.48,30.45,8100,30.04
2013-12-23,29.10,30.35,28.85,30.29,11600,29.88
2013-12-20,27.81,29.08,27.54,28.96,40300,28.57
2013-12-19,27.69,27.85,27.60,27.67,7800,27.30
2013-12-18,27.64,27.81,27.55,27.64,14600,27.27
2013-12-17,27.70,27.84,27.42,27.76,15800,27.24
2013-12-16,27.60,27.70,27.41,27.68,15000,27.16
2013-12-13,27.60,27.67,27.42,27.60,11700,27.08
2013-12-12,27.60,27.69,27.47,27.47,7300,26.95
2013-12-11,27.34,27.74,27.34,27.60,16800,27.08
2013-12-10,27.59,27.74,27.30,27.38,8400,26.87
2013-12-09,27.53,27.75,27.53,27.57,7400,27.05
2013-12-06,27.18,27.74,27.18,27.60,4900,27.08
2013-12-05,26.68,27.22,26.32,27.01,10800,26.50
2013-12-04,26.41,27.02,26.36,26.75,9100,26.25
2013-12-03,26.52,26.81,26.24,26.40,9700,25.90
2013-12-02,27.62,27.70,26.56,26.58,10300,26.08
2013-11-29,27.61,27.73,27.60,27.66,6500,27.14
2013-11-27,27.60,27.82,27.49,27.65,8800,27.13
2013-11-26,27.60,27.74,27.50,27.60,13400,27.08
2013-11-25,27.62,27.92,27.50,27.64,13300,27.12
2013-11-22,27.63,27.72,27.55,27.56,6600,27.04
2013-11-21,27.51,27.68,27.40,27.62,11600,27.10
2013-11-20,27.38,27.75,27.24,27.55,11100,27.03
2013-11-19,27.65,27.73,27.22,27.33,9700,26.82
2013-11-18,27.60,27.78,27.30,27.42,10300,26.90
2013-11-15,27.53,27.71,27.26,27.63,7500,27.11
2013-11-14,27.55,27.65,27.37,27.60,3700,27.08
2013-11-13,27.51,27.77,27.43,27.60,12300,27.08
2013-11-12,27.36,27.87,27.36,27.60,4800,27.08
2013-11-11,27.60,27.78,27.27,27.50,10900,26.98
2013-11-08,27.60,27.80,27.27,27.63,15900,27.11
2013-11-07,27.45,27.80,27.36,27.63,16300,27.11
2013-11-06,27.60,27.60,27.25,27.44,25000,26.92
2013-11-05,27.27,27.59,27.25,27.41,24900,26.89
2013-11-04,27.26,27.61,27.25,27.35,11100,26.84
2013-11-01,27.39,27.39,26.89,27.27,36000,26.76
2013-10-31,27.62,27.79,27.00,27.46,27600,26.94
2013-10-30,27.58,28.10,27.23,27.52,29200,27.00
2013-10-29,27.23,27.62,27.07,27.62,39700,27.10
2013-10-28,27.28,27.66,26.89,27.06,16500,26.55
2013-10-25,27.56,27.56,26.90,27.18,47400,26.67
2013-10-24,27.56,27.74,27.20,27.49,21900,26.97
2013-10-23,27.14,27.79,27.09,27.37,35600,26.86
2013-10-22,26.99,27.24,26.89,27.24,29300,26.73
2013-10-21,26.32,26.89,26.32,26.89,25600,26.38
2013-10-18,27.20,27.20,25.67,26.31,55800,25.82
2013-10-17,26.80,27.08,25.92,27.06,26500,26.55
2013-10-16,25.03,26.97,25.03,26.66,16900,26.16
2013-10-15,25.50,25.59,24.72,24.72,16600,24.26
2013-10-14,23.91,25.63,23.70,25.62,25000,25.14
2013-10-11,23.71,24.15,23.09,23.97,14900,23.52
2013-10-10,23.28,23.80,22.99,23.75,18200,23.30
2013-10-09,22.84,23.42,22.51,22.89,40500,22.46
2013-10-08,23.23,23.49,22.75,22.81,16100,22.38
2013-10-07,23.47,23.87,23.09,23.17,18100,22.73
2013-10-04,23.23,24.17,23.06,23.67,18800,23.23
2013-10-03,24.55,24.55,23.21,23.26,7200,22.82
2013-10-02,24.46,25.03,24.13,24.50,45100,24.04
2013-10-01,24.89,24.89,24.46,24.64,13300,24.18
2013-09-30,24.69,24.97,24.26,24.97,14700,24.50
2013-09-27,24.65,25.23,24.10,24.89,15000,24.42
2013-09-26,24.80,25.58,24.30,24.88,11800,24.41
2013-09-25,24.87,25.59,24.40,24.72,17500,24.26
2013-09-24,25.41,25.50,24.87,24.87,15200,24.40
2013-09-23,25.57,25.86,25.10,25.51,25900,25.03
2013-09-20,24.72,25.78,24.72,25.65,38100,25.17
2013-09-19,23.83,24.78,23.68,24.69,30700,24.23
2013-09-18,22.94,23.96,22.89,23.83,25100,23.38
2013-09-17,22.76,23.30,22.66,23.07,33700,22.49
2013-09-16,22.96,23.25,22.55,22.69,46300,22.12
2013-09-13,22.79,23.39,22.49,22.67,39800,22.10
2013-09-12,22.55,23.10,22.52,22.73,8500,22.16
2013-09-11,23.28,23.42,22.49,22.50,23400,21.93
2013-09-10,22.63,23.56,22.51,22.59,29500,22.02
2013-09-09,22.60,22.75,22.49,22.63,5400,22.06
2013-09-06,22.60,22.60,22.49,22.49,9000,21.92
2013-09-05,22.59,22.59,22.45,22.45,3800,21.88
2013-09-04,22.53,22.60,22.49,22.49,4400,21.92
2013-09-03,22.60,22.60,22.40,22.50,13000,21.93
2013-08-30,22.50,22.59,22.41,22.49,9400,21.92
2013-08-29,22.45,22.55,22.40,22.53,4500,21.96
2013-08-28,22.49,22.56,22.41,22.48,13300,21.91
2013-08-27,22.49,22.52,22.42,22.47,15600,21.90
2013-08-26,22.59,22.59,22.44,22.54,11000,21.97
2013-08-23,22.52,22.64,22.46,22.46,4100,21.89
2013-08-22,22.43,22.60,22.35,22.58,4500,22.01
2013-08-21,22.50,22.59,22.40,22.44,5700,21.87
2013-08-20,22.50,22.74,22.42,22.59,14900,22.02
2013-08-19,22.55,23.50,22.27,22.40,14800,21.84
2013-08-16,23.36,23.36,22.45,22.45,30900,21.88
2013-08-15,24.40,24.92,23.47,23.48,15700,22.89
2013-08-14,25.05,25.40,24.42,24.61,15900,23.99
2013-08-13,25.33,25.43,24.87,25.02,9700,24.39
2013-08-12,24.89,25.36,24.85,25.25,19100,24.61
2013-08-09,25.40,25.40,24.94,25.08,1900,24.45
2013-08-08,25.45,25.45,25.21,25.40,3100,24.76
2013-08-07,25.26,25.48,25.26,25.28,3200,24.64
2013-08-06,25.15,25.48,24.99,25.28,5600,24.64
2013-08-05,24.84,25.27,24.77,25.24,1800,24.60
2013-08-02,25.10,25.59,24.76,24.84,7200,24.21
2013-08-01,25.16,25.52,25.06,25.28,6200,24.64
2013-07-31,25.00,25.00,24.50,24.89,4000,24.26
2013-07-30,25.25,25.25,24.95,24.95,3600,24.32
2013-07-29,25.37,25.37,25.00,25.01,3700,24.38
2013-07-26,25.37,25.44,25.26,25.27,4500,24.63
2013-07-25,25.32,25.50,25.30,25.47,14100,24.83
2013-07-24,25.31,25.37,25.13,25.31,5600,24.67
2013-07-23,25.51,25.51,25.21,25.29,10700,24.65
2013-07-22,25.40,25.40,25.00,25.30,5500,24.66
2013-07-19,25.49,25.60,25.39,25.49,12100,24.85
2013-07-18,25.50,25.96,25.30,25.49,11100,24.85
2013-07-17,25.45,25.50,25.22,25.36,7400,24.72
2013-07-16,25.44,25.47,25.10,25.25,11100,24.61
2013-07-15,24.97,25.50,24.40,25.45,12700,24.81
2013-07-12,24.70,24.91,24.59,24.88,2700,24.25
2013-07-11,25.31,25.31,23.70,24.64,15000,24.02
2013-07-10,24.78,25.18,24.73,25.03,7000,24.40
2013-07-09,24.92,25.25,24.63,24.87,8600,24.24
2013-07-08,24.93,25.03,24.71,24.84,13300,24.21
2013-07-05,25.10,25.28,24.74,25.03,10500,24.40
2013-07-03,24.75,24.84,24.63,24.77,1100,24.15
2013-07-02,24.93,25.20,24.55,24.82,19600,24.20
2013-07-01,24.61,24.88,24.55,24.88,6400,24.25
2013-06-28,24.25,24.70,23.64,24.38,54100,23.77
2013-06-27,24.02,24.44,23.56,24.35,6300,23.74
2013-06-26,24.07,24.36,23.22,23.90,6600,23.30
2013-06-25,23.38,24.00,23.08,23.99,5500,23.39
2013-06-24,23.35,23.35,22.51,23.10,7600,22.52
2013-06-21,22.89,23.54,22.65,23.37,19900,22.78
2013-06-20,22.98,23.16,22.61,22.78,7800,22.21
2013-06-19,23.34,23.80,22.73,23.21,18600,22.63
2013-06-18,22.71,23.59,22.39,23.52,10600,22.78
2013-06-17,22.75,22.75,22.32,22.54,9000,21.83
2013-06-14,22.56,22.76,22.52,22.57,3800,21.86
2013-06-13,22.48,22.65,22.14,22.65,7000,21.94
2013-06-12,22.39,22.39,22.07,22.10,3800,21.41
2013-06-11,22.22,22.28,21.88,22.27,8200,21.57
2013-06-10,22.61,22.62,22.26,22.30,4700,21.60
2013-06-07,21.76,22.54,21.76,22.47,9100,21.76
2013-06-06,21.17,21.64,21.17,21.60,7100,20.92
2013-06-05,22.00,22.00,21.03,21.10,14500,20.44
2013-06-04,22.55,22.64,22.00,22.11,7800,21.42
2013-06-03,22.82,22.82,22.44,22.54,16500,21.83
2013-05-31,22.71,22.76,22.53,22.73,6600,22.02
2013-05-30,22.78,22.98,22.63,22.84,3000,22.12
2013-05-29,22.85,22.88,22.50,22.61,5400,21.90
2013-05-28,22.99,23.51,22.76,22.92,7100,22.20
2013-05-24,21.95,22.70,21.84,22.65,6700,21.94
2013-05-23,21.89,22.14,21.31,22.14,9800,21.44
2013-05-22,22.44,22.47,22.08,22.13,8500,21.44
2013-05-21,22.44,22.63,22.14,22.40,6800,21.70
2013-05-20,21.70,22.47,21.70,22.20,6100,21.50
2013-05-17,21.12,21.98,21.12,21.69,10400,21.01
2013-05-16,21.10,21.27,20.92,21.00,5300,20.34
2013-05-15,20.87,21.11,20.75,21.10,14800,20.44
2013-05-14,20.93,21.20,20.67,20.99,25000,20.33
2013-05-13,20.99,21.03,20.78,20.84,5300,20.19
2013-05-10,20.76,21.06,20.57,21.01,14600,20.35
2013-05-09,20.40,21.00,20.00,20.67,21700,20.02
2013-05-08,19.71,20.47,19.71,20.34,27900,19.70
2013-05-07,19.32,19.81,19.32,19.68,31100,19.06
2013-05-06,19.24,19.30,18.56,19.18,52600,18.58
2013-05-03,19.53,19.73,19.13,19.24,33000,18.64
2013-05-02,19.84,19.90,19.30,19.53,17100,18.92
2013-05-01,20.63,20.68,19.68,19.72,26100,19.10
2013-04-30,20.50,20.68,20.46,20.59,9300,19.94
2013-04-29,20.45,20.80,20.44,20.53,10300,19.89
2013-04-26,21.12,21.12,20.51,20.54,5000,19.90
2013-04-25,21.01,21.19,21.01,21.13,5000,20.47
2013-04-24,21.25,21.29,21.01,21.19,7500,20.52
2013-04-23,20.76,21.30,20.76,21.20,7600,20.53
2013-04-22,21.00,21.00,20.58,20.68,8700,20.03
2013-04-19,20.24,21.00,20.00,20.87,22000,20.21
2013-04-18,21.57,21.99,20.01,20.16,21000,19.53
2013-04-17,23.02,23.21,21.39,21.47,32100,20.80
2013-04-16,23.09,24.48,23.09,23.22,5800,22.49
2013-04-15,24.35,24.48,22.77,23.01,14200,22.29
2013-04-12,24.49,24.87,24.40,24.41,7800,23.64
2013-04-11,24.76,24.94,24.47,24.51,4800,23.74
2013-04-10,24.44,24.97,24.44,24.94,4500,24.16
2013-04-09,24.11,24.40,24.02,24.30,4800,23.54
2013-04-08,24.28,24.43,24.11,24.20,3900,23.44
2013-04-05,23.94,25.43,23.91,24.06,5100,23.30
2013-04-04,23.28,24.34,23.28,24.22,5700,23.46
2013-04-03,24.55,24.55,22.76,23.26,15100,22.53
2013-04-02,24.50,25.35,24.23,24.58,17200,23.81
2013-04-01,24.77,24.77,23.66,24.33,10500,23.57
2013-03-28,25.23,25.65,24.63,24.74,9400,23.96
2013-03-27,25.17,25.41,24.95,25.22,4200,24.43
2013-03-26,25.85,26.00,25.13,25.25,7300,24.46
2013-03-25,25.65,25.99,25.18,25.57,19900,24.77
2013-03-22,25.01,25.96,25.01,25.49,24500,24.69
2013-03-21,25.00,25.18,24.88,25.09,3600,24.30
2013-03-20,24.10,25.15,23.41,25.08,12800,24.29
2013-03-19,23.61,24.16,23.60,24.05,10800,23.15
2013-03-18,23.08,24.00,22.68,23.58,18700,22.70
2013-03-15,23.43,24.14,22.95,23.39,32700,22.51
2013-03-14,23.87,23.98,23.19,23.39,31700,22.51
2013-03-13,24.52,24.52,23.36,23.98,12800,23.08
2013-03-12,25.15,25.35,23.97,24.43,8900,23.52
2013-03-11,25.17,26.29,25.10,25.16,14800,24.22
2013-03-08,24.62,25.62,24.29,25.19,18600,24.25
2013-03-07,23.88,24.48,23.61,24.41,8700,23.50
2013-03-06,23.28,23.93,23.28,23.92,8000,23.02
2013-03-05,23.95,23.95,23.07,23.24,65400,22.37
2013-03-04,23.09,23.95,23.09,23.84,4300,22.95
2013-03-01,22.69,23.14,22.69,23.09,4700,22.23
2013-02-28,22.89,23.10,22.68,23.00,7100,22.14
2013-02-27,22.80,22.97,22.75,22.92,8400,22.06
2013-02-26,22.99,22.99,22.85,22.85,4500,21.99
2013-02-25,23.31,23.42,22.99,22.99,6900,22.13
2013-02-22,23.14,23.51,23.04,23.25,16500,22.38
2013-02-21,22.91,23.15,22.85,23.00,6900,22.14
2013-02-20,23.04,23.68,22.86,22.90,24000,22.04
2013-02-19,23.06,23.41,22.75,23.00,14600,22.14
2013-02-15,23.57,23.75,22.78,22.98,21700,22.12
2013-02-14,23.60,23.60,22.89,23.35,3400,22.48
2013-02-13,22.87,23.99,22.87,23.58,9400,22.70
2013-02-12,22.06,22.94,22.05,22.80,7800,21.95
2013-02-11,21.72,22.18,21.72,21.99,13100,21.17
2013-02-08,22.10,22.48,21.50,21.62,15800,20.81
2013-02-07,22.90,23.39,22.03,22.05,16600,21.22
2013-02-06,23.56,23.56,22.61,23.03,7200,22.17
2013-02-05,24.09,24.09,23.30,23.69,14100,22.80
2013-02-04,24.55,24.55,24.00,24.02,11500,23.12
2013-02-01,23.48,24.94,23.07,24.17,22400,23.27
2013-01-31,23.11,23.71,23.11,23.46,8600,22.58
2013-01-30,24.02,24.47,23.03,23.11,9500,22.24
2013-01-29,23.10,23.90,22.99,23.89,6100,23.00
2013-01-28,23.09,23.15,22.84,23.11,7900,22.24
2013-01-25,23.03,23.22,22.35,22.91,6600,22.05
2013-01-24,22.73,23.01,22.09,22.82,17300,21.97
2013-01-23,23.16,23.39,22.73,22.75,11400,21.90
2013-01-22,22.58,23.23,22.58,23.10,10700,22.24
2013-01-18,22.72,22.96,22.41,22.58,7100,21.73
2013-01-17,22.97,22.97,22.16,22.75,20800,21.90
2013-01-16,22.17,23.00,21.51,22.91,14600,22.05
2013-01-15,22.10,22.73,21.92,22.17,9000,21.34
2013-01-14,22.73,22.75,22.08,22.18,5400,21.35
2013-01-11,22.80,23.10,22.40,22.62,12200,21.77
2013-01-10,22.00,22.90,21.95,22.75,26600,21.90
2013-01-09,21.91,22.00,21.71,21.97,6900,21.15
2013-01-08,22.51,22.51,21.81,21.82,4900,21.00
2013-01-07,21.87,22.90,21.15,22.51,25700,21.67
2013-01-04,22.25,22.25,21.52,21.86,19000,21.04
2013-01-03,22.99,22.99,21.58,22.27,24200,21.44
2013-01-02,21.76,23.00,21.67,22.82,22600,21.97
2012-12-31,20.55,21.88,20.55,21.45,11300,20.65
2012-12-28,21.04,21.46,20.44,20.55,22100,19.78
2012-12-27,22.40,22.56,21.01,21.43,15400,20.63
2012-12-26,22.99,23.26,22.28,22.32,9000,21.48
2012-12-24,22.66,23.44,22.31,22.93,12800,22.07
2012-12-21,21.49,23.10,20.42,22.87,62400,22.01
2012-12-20,21.08,21.40,20.55,21.40,15500,20.60
2012-12-19,20.98,21.36,20.68,21.24,24900,20.44
2012-12-18,20.27,21.45,20.05,21.09,31000,20.30
2012-12-17,19.67,20.50,19.55,20.24,16100,19.48
2012-12-14,19.60,19.82,19.35,19.55,22900,18.82
2012-12-13,19.68,19.74,19.40,19.55,5800,18.82
2012-12-12,19.75,19.75,19.53,19.54,15200,18.81
2012-12-11,19.75,19.75,19.32,19.72,7200,18.98
2012-12-10,19.66,19.77,19.47,19.77,13400,18.89
2012-12-07,19.75,19.75,19.51,19.58,4100,18.70
2012-12-06,19.54,19.75,19.54,19.70,4200,18.82
2012-12-05,19.54,19.73,19.29,19.65,7300,18.77
2012-12-04,19.53,19.58,19.29,19.57,5600,18.69
2012-12-03,19.95,19.95,19.26,19.63,6000,18.75
2012-11-30,19.86,19.99,19.85,19.89,6700,19.00
2012-11-29,19.98,19.98,19.74,19.91,8900,19.02
2012-11-28,19.64,19.99,19.55,19.93,15400,19.04
2012-11-27,19.70,19.75,19.58,19.74,4400,18.86
2012-11-26,19.62,19.79,19.60,19.70,6000,18.82
2012-11-23,19.59,19.89,19.55,19.70,8700,18.82
2012-11-21,19.76,19.88,19.56,19.72,2400,18.84
2012-11-20,20.42,20.42,19.57,19.60,16000,18.72
2012-11-19,19.78,20.08,19.52,19.79,8000,18.90
2012-11-16,19.53,19.64,19.06,19.51,27200,18.64
2012-11-15,19.30,20.39,19.30,19.62,15600,18.74
2012-11-14,19.42,19.65,19.42,19.52,4600,18.65
2012-11-13,19.43,19.76,19.25,19.34,17300,18.47
2012-11-12,19.73,19.95,19.45,19.50,8200,18.63
2012-11-09,19.24,19.91,19.24,19.67,2900,18.79
2012-11-08,20.02,20.02,19.01,19.40,21700,18.53
2012-11-07,20.06,20.81,19.88,19.89,11900,19.00
2012-11-06,20.56,20.56,20.11,20.23,4800,19.32
2012-11-05,20.81,20.81,20.38,20.55,9600,19.63
2012-11-02,20.99,20.99,20.51,20.75,8800,19.82
2012-11-01,20.09,21.20,20.09,20.90,39100,19.96
2012-10-31,20.00,20.73,20.00,20.13,15400,19.23
2012-10-26,19.60,20.70,19.60,19.95,18200,19.06
2012-10-25,19.38,19.84,19.38,19.77,5000,18.89
2012-10-24,19.45,19.64,19.20,19.34,9200,18.47
2012-10-23,19.51,19.81,19.17,19.35,8300,18.48
2012-10-22,19.33,19.83,19.31,19.50,4000,18.63
2012-10-19,19.30,19.75,19.05,19.23,26800,18.37
2012-10-18,19.30,19.59,19.18,19.40,13200,18.53
2012-10-17,19.26,19.70,19.02,19.25,13500,18.39
2012-10-16,19.53,19.78,19.22,19.38,13100,18.51
2012-10-15,19.64,19.84,19.31,19.52,15800,18.65
2012-10-12,19.18,20.00,19.11,19.50,25100,18.63
2012-10-11,19.07,19.27,19.07,19.23,3400,18.37
2012-10-10,19.13,19.30,19.01,19.15,4900,18.29
2012-10-09,19.42,19.45,19.11,19.11,2700,18.26
2012-10-08,19.40,19.60,19.29,19.47,10500,18.60
2012-10-05,19.56,19.76,19.28,19.39,12600,18.52
2012-10-04,19.80,19.80,19.39,19.56,16200,18.68
2012-10-03,20.96,21.99,19.55,19.83,33500,18.94
2012-10-02,20.82,20.88,20.61,20.82,10000,19.89
2012-10-01,20.75,21.19,20.67,20.72,4800,19.79
2012-09-28,21.37,21.37,20.66,20.70,6700,19.77
2012-09-27,21.37,21.99,21.25,21.47,73900,20.51
2012-09-26,20.86,21.52,20.66,21.20,9800,20.25
2012-09-25,21.18,21.37,20.30,20.77,17500,19.84
2012-09-24,20.67,21.71,20.50,21.18,14300,20.23
2012-09-21,20.15,20.96,19.88,20.83,39100,19.90
2012-09-20,19.99,20.20,19.95,20.05,11100,19.15
2012-09-19,19.57,20.05,19.29,19.94,17900,19.05
2012-09-18,18.87,19.67,18.87,19.49,31800,18.62
2012-09-17,19.34,19.41,18.94,18.99,25900,18.00
2012-09-14,18.83,19.54,18.68,19.24,49500,18.23
2012-09-13,18.95,19.39,18.75,18.89,39700,17.90
2012-09-12,18.99,19.00,18.95,18.99,7100,18.00
2012-09-11,18.84,19.08,18.84,19.00,10500,18.01
2012-09-10,19.02,19.11,18.90,18.96,21400,17.97
2012-09-07,19.05,19.22,18.89,19.11,11500,18.11
2012-09-06,19.41,19.49,18.77,19.00,44800,18.01
2012-09-05,19.71,19.71,18.93,19.36,20600,18.35
2012-09-04,19.56,19.80,19.42,19.63,26100,18.60
2012-08-31,20.00,20.00,19.60,19.62,11700,18.59
2012-08-30,20.38,20.38,19.59,19.91,10900,18.87
2012-08-29,20.96,20.96,19.72,20.31,22100,19.25
2012-08-28,21.43,21.47,20.72,21.07,19800,19.97
2012-08-27,22.61,22.61,22.00,22.01,10600,20.86
2012-08-24,22.58,22.84,22.35,22.67,6900,21.48
2012-08-23,22.47,22.81,22.47,22.55,8800,21.37
2012-08-22,22.50,22.70,22.40,22.50,10300,21.32
2012-08-21,22.80,22.99,22.39,22.47,18500,21.30
2012-08-20,22.70,23.22,22.62,22.77,13500,21.58
2012-08-17,22.65,22.85,22.37,22.84,25900,21.65
2012-08-16,22.70,22.92,22.65,22.74,7200,21.55
2012-08-15,22.63,22.84,22.51,22.70,9200,21.51
2012-08-14,22.90,22.99,22.54,22.63,7000,21.45
2012-08-13,22.92,23.07,22.70,22.90,11900,21.70
2012-08-10,23.13,23.22,22.73,22.99,5100,21.79
2012-08-09,22.83,23.28,22.52,23.12,13200,21.91
2012-08-08,22.45,22.99,22.40,22.97,7800,21.77
2012-08-07,22.04,22.75,21.84,22.60,30700,21.42
2012-08-06,21.25,21.95,21.21,21.90,26400,20.75
2012-08-03,21.48,21.75,21.20,21.36,9000,20.24
2012-08-02,21.31,21.57,21.14,21.48,9800,20.36
2012-08-01,21.40,21.55,21.15,21.23,9400,20.12
2012-07-31,21.32,21.77,21.02,21.39,38100,20.27
2012-07-30,21.50,21.79,20.78,21.26,9900,20.15
2012-07-27,21.59,21.59,21.35,21.53,31300,20.40
2012-07-26,21.32,21.60,21.16,21.42,6900,20.30
2012-07-25,21.21,21.68,21.06,21.35,21800,20.23
2012-07-24,21.25,21.30,21.03,21.21,11000,20.10
2012-07-23,21.73,21.73,21.14,21.32,11000,20.21
2012-07-20,21.68,21.95,21.54,21.87,10100,20.73
2012-07-19,22.00,22.00,21.00,21.76,5600,20.62
2012-07-18,21.87,21.95,21.69,21.94,6900,20.79
2012-07-17,21.40,21.95,21.34,21.95,21900,20.80
2012-07-16,20.96,21.50,20.68,21.50,39900,20.38
2012-07-13,20.63,20.97,20.44,20.96,7700,19.86
2012-07-12,20.96,20.96,20.32,20.60,18500,19.52
2012-07-11,21.10,21.10,20.93,20.95,10700,19.85
2012-07-10,21.05,21.07,20.77,21.05,28200,19.95
2012-07-09,20.74,20.99,20.74,20.92,25400,19.83
2012-07-06,20.84,21.04,20.52,20.72,16100,19.64
2012-07-05,20.00,20.98,19.86,20.95,17000,19.85
2012-07-03,20.50,20.85,20.35,20.82,14800,19.73
2012-07-02,19.83,20.50,19.80,20.50,31100,19.43
2012-06-29,20.05,20.05,19.45,19.78,18600,18.75
2012-06-28,19.88,20.05,19.72,20.03,9800,18.98
2012-06-27,19.91,20.12,19.87,20.01,15700,18.96
2012-06-26,19.83,20.13,19.75,19.90,23500,18.86
2012-06-25,19.65,20.21,19.60,19.94,61400,18.90
2012-06-22,19.93,20.00,19.46,19.70,594000,18.67
2012-06-21,19.92,20.09,19.82,20.03,33600,18.98
2012-06-20,19.87,20.13,19.72,20.01,32800,18.96
2012-06-19,19.50,20.24,19.50,19.84,50800,18.80
2012-06-18,19.97,20.20,19.65,19.67,42700,18.64
2012-06-15,19.93,20.03,19.65,19.93,23800,18.89
2012-06-14,19.88,20.01,19.59,20.01,32500,18.96
2012-06-13,19.77,20.00,19.43,20.00,18300,18.95
2012-06-12,19.72,20.00,19.06,19.84,8700,18.66
2012-06-11,20.05,20.05,19.60,19.60,20300,18.43
2012-06-08,19.95,20.04,19.90,20.00,24500,18.81
2012-06-07,20.01,20.18,19.86,19.86,27100,18.68
2012-06-06,19.95,19.95,19.84,19.95,8500,18.76
2012-06-05,19.89,20.16,19.67,19.93,34200,18.75
2012-06-04,20.05,20.05,19.54,19.98,17200,18.79
2012-06-01,19.81,20.07,19.36,19.92,14300,18.74
2012-05-31,19.69,20.11,19.66,20.11,10600,18.91
2012-05-30,20.00,20.12,19.65,19.94,11900,18.75
2012-05-29,20.15,20.15,19.89,20.01,21800,18.82
2012-05-25,20.10,20.39,19.92,19.99,16500,18.80
2012-05-24,19.97,20.55,19.82,20.02,16400,18.83
2012-05-23,20.00,20.62,19.78,19.81,49000,18.63
2012-05-22,20.00,20.30,19.78,19.88,44000,18.70
2012-05-21,19.86,20.24,19.63,20.00,24000,18.81
2012-05-18,20.50,20.63,19.49,19.86,37500,18.68
2012-05-17,20.58,20.94,19.94,20.50,30300,19.28
2012-05-16,20.65,20.86,20.24,20.48,36400,19.26
2012-05-15,20.52,20.80,20.23,20.72,34000,19.49
2012-05-14,20.16,21.00,20.10,20.72,47000,19.49
2012-05-11,21.66,21.75,20.31,20.68,39500,19.45
2012-05-10,22.00,22.00,21.62,21.87,95000,20.57
2012-05-09,21.11,22.00,21.05,21.71,41000,20.42
2012-05-08,20.51,21.19,20.34,21.04,31000,19.79
2012-05-07,20.00,20.54,20.00,20.52,39000,19.30
2012-05-04,20.50,20.50,20.11,20.26,9500,19.06
2012-05-03,20.17,20.49,20.13,20.32,50000,19.11
2012-05-02,20.04,20.38,20.01,20.15,24200,18.95
2012-05-01,20.09,20.32,20.02,20.16,21000,18.96
2012-04-30,20.16,20.37,20.00,20.00,32000,18.81
2012-04-27,20.59,20.59,20.00,20.02,24000,18.83
2012-04-26,20.27,20.65,20.18,20.40,18000,19.19
2012-04-25,20.13,20.50,19.69,20.17,28300,18.97
2012-04-24,19.93,20.30,19.71,20.28,11800,19.07
2012-04-23,20.00,20.15,19.58,19.91,29200,18.73
2012-04-20,20.07,20.47,20.01,20.07,8900,18.88
2012-04-19,20.12,20.61,19.95,20.11,12200,18.91
2012-04-18,18.75,20.35,18.75,20.22,65600,19.02
2012-04-17,19.29,19.32,19.08,19.20,23200,18.06
2012-04-16,19.00,19.34,18.96,19.19,25900,18.05
2012-04-13,18.85,19.00,18.85,19.00,10400,17.87
2012-04-12,18.85,18.98,18.72,18.98,12000,17.85
2012-04-11,19.00,19.00,18.69,18.90,8400,17.78
2012-04-10,19.00,19.00,18.50,18.90,13800,17.78
2012-04-09,18.49,18.70,18.45,18.67,9900,17.56
2012-04-05,18.45,18.50,18.45,18.50,10300,17.40
2012-04-04,18.49,18.50,18.40,18.48,5400,17.38
2012-04-03,18.40,18.50,18.39,18.50,3600,17.40
2012-04-02,18.39,18.50,18.28,18.47,13700,17.37
2012-03-30,18.20,18.39,18.10,18.10,9500,17.02
2012-03-29,18.05,18.28,17.82,18.12,4200,17.04
2012-03-28,18.25,18.25,17.88,18.15,6700,17.07
2012-03-27,17.99,18.39,17.87,18.12,11600,17.04
2012-03-26,17.34,18.00,17.02,17.98,16400,16.91
2012-03-23,17.19,17.24,17.11,17.20,1700,16.18
2012-03-22,17.19,17.27,17.19,17.27,2300,16.24
2012-03-21,17.02,17.22,17.02,17.22,5000,16.20
2012-03-20,17.25,17.27,16.90,17.18,5400,16.06
2012-03-19,16.97,17.27,16.90,17.25,5800,16.13
2012-03-16,16.83,17.28,16.83,16.92,6800,15.82
2012-03-15,17.29,17.34,17.01,17.01,4500,15.91
2012-03-14,17.06,17.28,17.00,17.05,3400,15.94
2012-03-13,17.15,17.25,17.07,17.13,7200,16.02
2012-03-12,17.13,17.20,17.00,17.01,2900,15.91
2012-03-09,17.06,17.20,16.91,17.20,6500,16.08
2012-03-08,17.03,17.13,16.94,16.96,3400,15.86
2012-03-07,16.99,17.09,16.81,17.03,5200,15.92
2012-03-06,17.05,17.16,16.81,16.89,4200,15.79
2012-03-05,17.15,17.20,16.81,17.14,8500,16.03
2012-03-02,16.72,17.15,16.72,17.15,3500,16.04
2012-03-01,17.02,17.20,16.61,16.83,11900,15.74
2012-02-29,16.99,17.18,16.99,17.10,2700,15.99
2012-02-28,16.77,16.98,16.77,16.98,3400,15.88
2012-02-27,17.00,17.00,16.70,16.77,4000,15.68
2012-02-24,17.09,17.18,16.89,17.01,12300,15.91
2012-02-23,16.96,17.08,16.90,17.00,12000,15.90
2012-02-22,16.89,17.00,16.81,16.96,9400,15.86
2012-02-21,16.77,16.92,16.62,16.81,17100,15.72
2012-02-17,16.36,16.95,16.35,16.77,12400,15.68
2012-02-16,16.41,16.59,16.23,16.31,6800,15.25
2012-02-15,16.32,16.50,16.14,16.39,9400,15.33
2012-02-14,15.52,16.47,15.48,16.20,18100,15.15
2012-02-13,15.15,15.50,15.01,15.47,8500,14.47
2012-02-10,14.96,15.15,14.94,15.01,15900,14.04
2012-02-09,14.91,15.15,14.91,15.01,10100,14.04
2012-02-08,14.90,15.00,14.75,14.85,17900,13.89
2012-02-07,14.75,15.00,14.75,14.90,7500,13.93
2012-02-06,14.66,14.89,14.43,14.70,10400,13.75
2012-02-03,14.74,14.89,14.66,14.66,5900,13.71
2012-02-02,14.47,14.64,14.42,14.64,9200,13.69
2012-02-01,14.20,14.34,14.19,14.34,3900,13.41
2012-01-31,14.19,14.20,14.09,14.20,2000,13.28
2012-01-30,14.24,14.24,13.85,14.10,17800,13.18
2012-01-27,14.10,14.13,14.03,14.03,7100,13.12
2012-01-26,14.26,14.28,14.02,14.05,7800,13.14
2012-01-25,14.12,14.36,13.95,14.14,17900,13.22
2012-01-24,14.11,14.29,13.93,14.05,5700,13.14
2012-01-23,14.39,14.43,14.00,14.02,18200,13.11
2012-01-20,14.05,14.34,14.04,14.31,2300,13.38
2012-01-19,14.27,14.27,14.02,14.05,5900,13.14
2012-01-18,14.07,14.39,14.01,14.14,12700,13.22
2012-01-17,14.44,14.45,14.02,14.11,9200,13.19
2012-01-13,14.20,14.45,14.15,14.21,5300,13.29
2012-01-12,14.27,14.43,14.03,14.15,16500,13.23
2012-01-11,14.21,14.49,14.02,14.06,13000,13.15
2012-01-10,14.40,14.50,14.13,14.13,28300,13.21
2012-01-09,14.17,14.47,14.11,14.39,3300,13.46
2012-01-06,14.00,14.13,13.90,14.13,6300,13.21
2012-01-05,13.94,14.05,13.90,14.05,6200,13.14
2012-01-04,14.04,14.04,13.91,13.91,2500,13.01
2012-01-03,13.85,14.04,13.82,13.99,3100,13.08
2011-12-30,14.00,14.06,13.82,13.84,3300,12.94
2011-12-29,13.81,14.00,13.81,13.90,3500,13.00
2011-12-28,14.06,14.06,13.81,13.95,2800,13.04
2011-12-27,13.79,13.95,13.78,13.95,6600,13.04
2011-12-23,13.82,13.96,13.82,13.82,3100,12.92
2011-12-22,13.70,13.80,13.60,13.80,2900,12.90
2011-12-21,13.89,14.06,13.69,13.69,4600,12.80
2011-12-20,13.88,13.90,13.77,13.87,4300,12.88
2011-12-19,13.68,14.06,13.68,13.87,5800,12.88
2011-12-16,13.59,13.89,13.50,13.79,8200,12.80
2011-12-15,13.93,14.14,13.50,13.50,1800,12.53
2011-12-14,13.76,14.17,13.75,13.78,1700,12.79
2011-12-13,13.90,13.90,13.75,13.76,3700,12.77
2011-12-12,13.87,13.90,13.76,13.90,2800,12.90
2011-12-09,13.26,13.88,13.26,13.87,12400,12.88
2011-12-08,13.90,13.90,13.75,13.84,1700,12.85
2011-12-07,13.75,13.87,13.75,13.87,6200,12.88
2011-12-06,13.83,13.85,13.80,13.84,3000,12.85
2011-12-05,13.87,13.94,13.75,13.76,1700,12.77
2011-12-02,13.90,13.98,13.75,13.75,1300,12.76
2011-12-01,14.00,14.00,13.67,13.79,3600,12.80
2011-11-30,13.93,14.42,13.88,14.12,12500,13.11
2011-11-29,13.94,13.98,13.72,13.83,3000,12.84
2011-11-28,13.90,14.61,13.77,13.93,8100,12.93
2011-11-25,13.60,13.75,13.60,13.71,4800,12.73
2011-11-23,13.45,13.60,13.45,13.60,2500,12.63
2011-11-22,13.55,13.55,13.45,13.52,2500,12.55
2011-11-21,13.55,13.60,13.49,13.50,2800,12.53
2011-11-18,13.70,13.75,13.60,13.60,3300,12.63
2011-11-17,13.70,13.73,13.56,13.71,5000,12.73
2011-11-16,13.73,13.73,13.57,13.70,1200,12.72
2011-11-15,13.63,13.63,13.63,13.63,200,12.65
2011-11-14,13.61,13.71,13.39,13.63,2400,12.65
2011-11-11,13.96,13.96,13.50,13.50,2300,12.53
2011-11-10,13.85,13.93,13.50,13.50,11500,12.53
2011-11-09,13.81,14.00,13.80,13.80,4600,12.81
2011-11-08,14.30,14.30,13.81,13.98,700,12.98
2011-11-07,13.85,14.35,13.85,13.99,1800,12.99
2011-11-04,14.30,14.30,14.05,14.06,2100,13.05
2011-11-03,14.32,14.36,14.01,14.13,2900,13.12
2011-11-02,14.01,14.37,14.01,14.31,1300,13.28
2011-11-01,14.29,14.30,14.02,14.22,2900,13.20
2011-10-31,14.35,14.46,14.25,14.25,1900,13.23
2011-10-28,14.35,14.65,14.35,14.35,3600,13.32
2011-10-27,14.50,14.81,14.50,14.65,6800,13.60
2011-10-26,14.50,14.50,14.50,14.50,1200,13.46
2011-10-25,14.25,14.44,14.23,14.44,4500,13.41
2011-10-24,14.03,14.05,13.75,14.05,2700,13.04
2011-10-21,13.66,14.22,13.66,13.75,1300,12.76
2011-10-20,14.12,14.12,13.92,13.92,1400,12.92
2011-10-19,14.00,14.06,13.92,13.92,900,12.92
2011-10-18,13.88,14.00,13.70,14.00,3100,13.00
2011-10-17,13.86,14.00,13.85,13.92,5700,12.92
2011-10-14,13.87,13.89,13.48,13.89,7200,12.89
2011-10-13,13.60,13.95,13.60,13.63,1800,12.65
2011-10-12,13.63,13.85,13.50,13.66,3100,12.68
2011-10-11,13.50,13.88,13.50,13.60,1100,12.63
2011-10-10,13.61,13.68,13.52,13.52,4100,12.55
2011-10-07,13.72,13.97,13.72,13.72,800,12.74
2011-10-06,14.05,14.43,13.42,13.88,1400,12.89
2011-10-05,14.12,14.12,14.07,14.12,400,13.11
2011-10-04,14.00,14.14,14.00,14.12,2600,13.11
2011-10-03,14.97,15.00,14.00,14.09,5200,13.08
2011-09-30,15.12,15.12,14.99,14.99,300,13.92
2011-09-29,14.44,14.97,14.26,14.26,3700,13.24
2011-09-28,14.65,14.65,14.30,14.44,1600,13.41
2011-09-27,15.01,15.01,14.60,14.67,3000,13.62
2011-09-26,14.53,15.01,14.53,14.76,1100,13.70
2011-09-23,14.58,14.99,14.58,14.64,1900,13.59
2011-09-22,14.13,14.29,14.00,14.20,1700,13.18
2011-09-21,14.30,14.35,14.27,14.27,900,13.25
2011-09-20,14.56,14.70,14.32,14.54,4000,13.50
2011-09-19,15.14,15.14,14.40,14.56,10600,13.42
2011-09-16,15.18,15.18,14.94,14.94,2100,13.77
2011-09-15,15.00,15.10,15.00,15.01,1800,13.84
2011-09-14,15.05,15.10,14.99,15.06,4600,13.88
2011-09-13,15.05,15.05,14.86,15.00,4100,13.83
2011-09-12,14.76,15.23,14.76,15.05,2800,13.88
2011-09-09,14.76,15.09,14.70,14.82,4700,13.66
2011-09-08,14.99,15.09,14.66,14.97,4200,13.80
2011-09-07,15.06,15.48,14.76,14.99,5200,13.82
2011-09-06,14.99,14.99,14.55,14.87,5500,13.71
2011-09-02,15.00,15.03,14.71,14.95,4800,13.78
2011-09-01,15.00,15.56,14.64,15.07,11700,13.89
2011-08-31,15.31,15.46,15.00,15.02,2100,13.85
2011-08-30,14.83,15.70,14.69,15.38,4200,14.18
2011-08-29,15.00,15.00,14.51,14.69,3400,13.54
2011-08-26,14.93,14.93,14.84,14.84,500,13.68
2011-08-25,14.97,14.97,14.45,14.85,1200,13.69
2011-08-24,14.52,14.99,14.52,14.83,2700,13.67
2011-08-23,14.27,14.55,14.18,14.55,1100,13.41
2011-08-22,14.65,14.75,14.38,14.75,5700,13.60
2011-08-19,14.69,15.00,14.49,14.50,9700,13.37
2011-08-18,14.40,15.74,14.35,14.60,18400,13.46
2011-08-17,14.42,14.70,14.10,14.55,12200,13.41
2011-08-16,14.99,15.75,14.80,15.24,7100,14.05
2011-08-15,14.81,15.18,14.39,15.18,13500,14.00
2011-08-12,13.92,15.46,13.90,14.81,12500,13.65
2011-08-11,13.88,13.95,13.78,13.95,2700,12.86
2011-08-10,13.50,13.95,13.20,13.95,7500,12.86
2011-08-09,13.04,14.00,13.04,13.47,13600,12.42
2011-08-08,14.90,15.19,13.60,13.60,12500,12.54
2011-08-05,15.60,15.60,15.05,15.05,4700,13.88
2011-08-04,15.65,15.86,15.50,15.57,6700,14.35
2011-08-03,15.57,15.72,15.55,15.69,1900,14.47
2011-08-02,15.61,15.81,15.60,15.80,2700,14.57
2011-08-01,15.91,15.91,15.54,15.82,4000,14.59
2011-07-29,15.25,15.64,15.05,15.64,2400,14.42
2011-07-28,15.40,15.43,14.99,15.23,6600,14.04
2011-07-27,15.01,15.46,14.90,15.40,6600,14.20
2011-07-26,15.00,15.10,15.00,15.01,5600,13.84
2011-07-25,15.15,15.17,15.00,15.13,5100,13.95
2011-07-22,15.12,15.65,15.12,15.17,2200,13.99
2011-07-21,15.41,15.41,15.05,15.05,2200,13.88
2011-07-20,15.02,15.57,14.90,15.37,6700,14.17
2011-07-19,14.91,15.29,14.91,15.04,5800,13.87
2011-07-18,15.00,15.00,14.74,14.96,9300,13.79
2011-07-15,15.00,15.00,14.88,15.00,5700,13.83
2011-07-14,15.04,15.13,14.75,14.96,11400,13.79
2011-07-13,14.83,15.09,14.83,15.09,700,13.91
2011-07-12,15.00,15.02,14.78,14.80,7700,13.64
2011-07-11,15.25,15.25,14.90,15.00,12300,13.83
2011-07-08,15.16,15.30,15.10,15.20,5300,14.01
2011-07-07,14.96,15.16,14.96,15.16,1700,13.98
2011-07-06,14.76,15.00,14.70,14.90,12700,13.74
2011-07-05,14.75,14.93,14.75,14.90,3400,13.74
2011-07-01,14.65,14.83,14.45,14.83,3200,13.67
2011-06-30,14.40,14.79,14.27,14.62,5100,13.48
2011-06-29,14.30,14.41,13.93,14.35,3600,13.23
2011-06-28,14.16,14.39,14.05,14.32,4200,13.20
2011-06-27,14.08,14.29,13.87,14.21,4600,13.10
2011-06-24,13.86,14.24,13.86,14.11,6500,13.01
2011-06-23,14.01,14.45,13.80,14.03,14100,12.94
2011-06-22,13.96,14.02,13.93,14.02,600,12.93
2011-06-21,14.02,14.02,13.90,13.90,1200,12.82
2011-06-20,13.99,13.99,13.90,13.94,1000,12.85
2011-06-17,14.03,14.08,13.92,14.08,6100,12.98
2011-06-16,14.34,14.34,13.92,14.12,8600,13.02
2011-06-15,14.59,14.59,14.23,14.49,3200,13.36
2011-06-14,14.45,14.54,14.30,14.52,4100,13.32
2011-06-13,14.75,14.78,14.45,14.50,5100,13.30
2011-06-10,14.67,14.78,14.67,14.78,1000,13.56
2011-06-09,14.80,14.93,14.66,14.77,7500,13.55
2011-06-08,14.89,14.89,14.76,14.85,3800,13.62
2011-06-07,15.01,15.21,14.83,14.83,3100,13.60
2011-06-06,14.90,15.13,14.90,14.90,4600,13.67
2011-06-03,14.81,15.11,14.81,15.11,2200,13.86
2011-06-02,15.22,15.25,14.79,15.11,7200,13.86
2011-06-01,14.78,15.14,14.78,15.00,1800,13.76
2011-05-31,14.91,15.08,14.66,14.86,11100,13.63
2011-05-27,14.66,15.20,14.62,14.91,5100,13.68
2011-05-26,14.74,14.90,14.66,14.66,4100,13.45
2011-05-25,14.52,14.85,14.52,14.63,3600,13.42
2011-05-24,14.60,14.82,14.48,14.50,4600,13.30
2011-05-23,14.40,14.81,14.40,14.60,9900,13.39
2011-05-20,14.40,14.40,14.28,14.31,5200,13.13
2011-05-19,14.39,14.43,14.31,14.31,1300,13.13
2011-05-18,14.27,14.49,14.27,14.45,2000,13.25
2011-05-17,14.21,14.58,14.16,14.21,5000,13.03
2011-05-16,14.14,14.51,14.10,14.25,8700,13.07
2011-05-13,14.41,14.42,14.20,14.20,2000,13.02
2011-05-12,14.71,14.79,14.47,14.47,1900,13.27
2011-05-11,14.55,14.75,14.47,14.54,1500,13.34
2011-05-10,14.47,14.67,14.47,14.52,1400,13.32
2011-05-09,14.54,14.96,14.39,14.44,4500,13.24
2011-05-06,14.74,15.08,14.40,14.60,5300,13.39
2011-05-05,14.80,14.92,14.50,14.55,6700,13.35
2011-05-04,14.74,15.01,14.65,14.74,4700,13.52
2011-05-03,14.80,15.10,14.55,14.67,6500,13.46
2011-05-02,14.37,15.14,14.15,14.44,12000,13.24
2011-04-29,14.27,14.61,14.00,14.29,9800,13.11
2011-04-28,14.45,14.58,14.01,14.28,10000,13.10
2011-04-27,15.05,15.15,14.15,14.37,27000,13.18
2011-04-26,15.78,15.78,14.80,14.91,26500,13.68
2011-04-25,15.62,16.05,15.62,15.70,3100,14.40
2011-04-21,16.06,16.48,15.51,15.57,16300,14.28
2011-04-20,16.50,16.50,15.85,16.15,12600,14.81
2011-04-19,16.25,16.38,15.53,16.00,10700,14.68
2011-04-18,16.49,16.49,15.38,15.70,7500,14.40
2011-04-15,16.39,16.43,15.75,16.01,5300,14.68
2011-04-14,16.48,16.60,16.01,16.31,9500,14.96
2011-04-13,16.08,16.40,15.74,16.26,11200,14.91
2011-04-12,15.77,16.00,15.70,15.96,3600,14.64
2011-04-11,15.62,15.80,15.50,15.78,3300,14.47
2011-04-08,15.40,15.93,15.40,15.64,4800,14.34
2011-04-07,15.13,15.61,15.13,15.61,7700,14.32
2011-04-06,14.76,15.47,14.76,15.37,2000,14.10
2011-04-05,15.15,15.51,15.10,15.20,5800,13.94
2011-04-04,15.29,15.51,14.96,15.00,8200,13.76
2011-04-01,15.03,15.70,14.62,14.65,11100,13.44
2011-03-31,15.49,15.49,14.61,15.06,9100,13.81
2011-03-30,15.07,15.90,15.05,15.46,11900,14.18
2011-03-29,15.13,15.45,14.77,15.01,6100,13.77
2011-03-28,14.70,16.10,14.56,15.45,26300,14.17
2011-03-25,14.74,14.74,14.56,14.69,900,13.47
2011-03-24,14.73,14.73,14.51,14.71,2100,13.49
2011-03-23,14.71,14.71,14.56,14.60,3400,13.39
2011-03-22,14.66,14.86,14.66,14.75,4600,13.53
2011-03-21,14.70,14.77,14.51,14.63,12600,13.35
2011-03-18,14.62,14.79,14.40,14.79,3300,13.50
2011-03-17,14.80,14.87,14.49,14.62,5900,13.34
2011-03-16,14.51,14.86,14.51,14.51,4700,13.24
2011-03-15,14.73,14.73,14.48,14.48,6600,13.21
2011-03-14,14.62,14.91,14.30,14.77,5700,13.48
2011-03-11,15.19,15.19,14.20,14.62,12900,13.34
2011-03-10,15.22,15.22,15.22,15.22,100,13.89
2011-03-09,15.29,15.29,15.04,15.28,3000,13.94
2011-03-08,15.05,15.33,15.05,15.25,3600,13.92
2011-03-07,15.31,15.31,14.61,14.85,6300,13.55
2011-03-04,14.73,15.34,14.73,15.03,2700,13.71
2011-03-03,15.22,15.48,15.00,15.35,4600,14.01
2011-03-02,14.92,15.40,14.92,15.11,6500,13.79
2011-03-01,14.72,14.89,14.66,14.82,5800,13.52
2011-02-28,14.70,14.98,14.11,14.65,22900,13.37
2011-02-25,14.83,15.03,14.70,14.70,3600,13.41
2011-02-24,15.51,15.70,14.67,14.87,25400,13.57
2011-02-23,15.50,15.98,15.50,15.64,5100,14.27
2011-02-22,15.88,15.88,15.54,15.67,4500,14.30
2011-02-18,15.61,15.96,15.61,15.85,8300,14.46
2011-02-17,15.44,15.73,15.44,15.73,3000,14.35
2011-02-16,15.53,15.70,15.44,15.44,12500,14.09
2011-02-15,15.51,15.70,15.45,15.45,8800,14.10
2011-02-14,15.49,15.70,15.31,15.56,11500,14.20
2011-02-11,15.40,15.92,15.32,15.73,12500,14.35
2011-02-10,15.30,15.61,15.14,15.40,23800,14.05
2011-02-09,15.50,15.67,15.22,15.37,61300,14.03
2011-02-08,15.79,15.95,15.50,15.76,26000,14.38
2011-02-07,16.80,16.80,15.45,16.00,37500,14.60
2011-02-04,17.51,17.51,16.45,16.71,33200,15.25
2011-02-03,17.18,17.72,17.00,17.60,15400,16.06
2011-02-02,16.94,17.19,16.88,17.19,4900,15.69
2011-02-01,16.88,16.94,16.80,16.94,2300,15.46
2011-01-31,16.88,16.92,16.64,16.88,10900,15.40
2011-01-28,16.73,16.85,16.55,16.82,6100,15.35
2011-01-27,16.75,17.00,16.46,16.80,7200,15.33
2011-01-26,16.87,16.87,16.66,16.80,4900,15.33
2011-01-25,17.18,17.20,16.87,16.98,13900,15.49
2011-01-24,17.31,17.45,17.10,17.10,6100,15.60
2011-01-21,17.38,17.59,17.38,17.50,2700,15.97
2011-01-20,17.95,18.00,17.25,17.52,10500,15.99
2011-01-19,18.20,18.23,17.84,18.00,6700,16.42
2011-01-18,18.24,18.30,17.80,18.10,11300,16.52
2011-01-14,18.39,18.39,18.24,18.24,3300,16.64
2011-01-13,18.49,18.69,18.36,18.69,12200,17.05
2011-01-12,18.45,18.70,18.45,18.60,4900,16.97
2011-01-11,18.71,19.69,18.33,18.48,36100,16.86
2011-01-10,17.92,18.94,17.85,18.30,21600,16.70
2011-01-07,17.98,18.48,17.91,17.92,5400,16.35
2011-01-06,17.78,18.09,17.70,17.97,6200,16.40
2011-01-05,17.80,17.96,17.55,17.77,4100,16.21
2011-01-04,18.00,18.00,17.56,17.80,9400,16.24
2011-01-03,17.95,18.37,17.33,17.96,19000,16.39
2010-12-31,17.94,18.08,17.61,17.75,9700,16.20
2010-12-30,18.46,18.75,18.01,18.05,27800,16.47
2010-12-29,16.97,18.60,16.85,18.21,83600,16.62
2010-12-28,16.73,16.73,16.56,16.56,1400,15.11
2010-12-27,16.49,16.66,16.47,16.47,4900,15.03
2010-12-23,16.74,16.75,16.54,16.71,6500,15.25
2010-12-22,16.88,16.88,16.73,16.84,3200,15.37
2010-12-21,16.73,16.73,16.73,16.73,300,15.27
2010-12-20,16.87,17.00,16.71,16.73,3600,15.27
2010-12-17,16.61,16.90,16.43,16.89,13300,15.41
2010-12-16,17.16,17.27,16.71,16.84,17500,15.37
2010-12-15,17.15,17.25,17.11,17.25,2300,15.74
2010-12-14,17.17,17.31,17.14,17.23,1800,15.65
2010-12-13,17.50,17.50,17.17,17.31,6900,15.73
2010-12-10,17.36,17.39,17.20,17.39,15400,15.80
2010-12-09,17.21,17.40,17.13,17.20,8800,15.63
2010-12-08,17.31,17.37,17.17,17.21,3600,15.64
2010-12-07,17.18,17.35,17.11,17.23,8400,15.65
2010-12-06,17.16,17.34,17.11,17.23,6800,15.65
2010-12-03,17.20,17.35,17.09,17.16,9000,15.59
2010-12-02,17.27,17.35,16.74,17.19,23100,15.62
2010-12-01,17.20,17.31,17.10,17.24,8700,15.66
2010-11-30,17.35,17.47,17.20,17.30,10100,15.72
2010-11-29,17.36,17.38,17.21,17.31,3300,15.73
2010-11-26,17.34,17.37,17.34,17.34,600,15.75
2010-11-24,17.25,17.30,17.10,17.24,4600,15.66
2010-11-23,17.40,17.40,17.07,17.20,10400,15.63
2010-11-22,16.82,17.50,16.82,17.50,26500,15.90
2010-11-19,15.98,17.00,15.85,16.82,32000,15.28
2010-11-18,15.56,15.97,15.48,15.93,26000,14.47
2010-11-17,15.20,15.40,15.11,15.28,5700,13.88
2010-11-16,15.47,15.54,14.99,15.17,18400,13.78
2010-11-15,15.32,15.45,15.15,15.42,1800,14.01
2010-11-12,15.41,15.84,15.11,15.11,8500,13.73
2010-11-11,15.45,15.45,15.05,15.40,4200,13.99
2010-11-10,15.64,15.64,15.37,15.37,1800,13.96
2010-11-09,15.65,15.98,15.50,15.50,5400,14.08
2010-11-08,15.37,16.02,15.35,15.73,11100,14.29
2010-11-05,15.01,15.72,14.99,15.58,15200,14.15
2010-11-04,15.11,15.25,14.95,15.19,13300,13.80
2010-11-03,15.25,15.25,15.01,15.15,3400,13.76
2010-11-02,15.24,15.24,15.04,15.04,3000,13.66
2010-11-01,14.97,15.25,14.97,15.00,6900,13.63
2010-10-29,15.12,15.12,15.00,15.12,2200,13.74
2010-10-28,15.08,15.16,15.00,15.00,5000,13.63
2010-10-27,14.96,15.09,14.75,14.99,8900,13.62
2010-10-26,15.00,15.10,14.99,15.00,12400,13.63
2010-10-25,14.99,15.24,14.99,14.99,3800,13.62
2010-10-22,15.18,15.18,14.95,15.00,6600,13.63
2010-10-21,15.18,15.26,14.99,15.25,2500,13.85
2010-10-20,15.10,15.29,14.51,14.96,30300,13.59
2010-10-19,15.18,15.23,14.93,15.23,16300,13.84
2010-10-18,15.33,15.35,14.93,15.13,3900,13.75
2010-10-15,14.99,15.31,14.52,15.31,14200,13.91
2010-10-14,15.23,15.23,14.78,14.97,2700,13.60
2010-10-13,15.20,15.20,14.82,15.03,5600,13.66
2010-10-12,14.58,15.20,14.22,15.15,13100,13.76
2010-10-11,14.49,14.97,14.49,14.54,6600,13.21
2010-10-08,14.75,15.08,14.75,14.76,2000,13.41
2010-10-07,14.80,15.00,14.76,14.89,3100,13.53
2010-10-06,15.37,15.37,14.58,14.95,9000,13.58
2010-10-05,15.48,15.59,14.51,15.25,13000,13.85
2010-10-04,15.21,15.58,14.79,14.95,9700,13.58
2010-10-01,15.23,15.36,14.77,15.06,6200,13.68
2010-09-30,14.35,15.34,14.27,15.34,10900,13.94
2010-09-29,14.69,15.18,14.12,14.22,29200,12.92
2010-09-28,14.65,14.98,14.65,14.76,7800,13.41
2010-09-27,14.99,15.10,14.52,14.52,7700,13.19
2010-09-24,15.13,15.13,14.90,14.90,27100,13.54
2010-09-23,15.08,15.42,15.08,15.08,5900,13.70
2010-09-22,15.00,15.00,14.64,15.00,6100,13.63
2010-09-21,14.46,15.09,14.02,15.08,6900,13.70
2010-09-20,14.83,15.09,14.67,14.83,5500,13.47
2010-09-17,15.21,15.84,14.54,14.60,19700,13.26
2010-09-16,14.76,14.98,14.76,14.98,2200,13.61
2010-09-15,14.83,15.08,14.61,14.94,16400,13.51
2010-09-14,14.96,14.96,14.54,14.75,8900,13.33
2010-09-13,14.75,14.84,14.50,14.84,5600,13.41
2010-09-10,14.52,14.75,14.52,14.72,3500,13.31
2010-09-09,14.57,14.57,14.38,14.51,5300,13.12
2010-09-08,14.65,14.65,14.20,14.20,6000,12.84
2010-09-07,14.55,14.64,14.39,14.64,10900,13.23
2010-09-03,14.15,14.30,14.15,14.30,5500,12.93
2010-09-02,14.17,14.30,14.03,14.20,4200,12.84
2010-09-01,14.10,14.20,14.08,14.15,7900,12.79
2010-08-31,14.25,14.25,14.00,14.15,6100,12.79
2010-08-30,14.12,14.24,14.07,14.20,1900,12.84
2010-08-27,13.70,14.00,13.70,14.00,1400,12.66
2010-08-26,13.91,13.95,13.90,13.94,1400,12.60
2010-08-25,13.80,13.82,13.59,13.80,4900,12.47
2010-08-24,13.72,13.80,13.65,13.80,7200,12.47
2010-08-23,13.31,14.00,13.30,13.90,14800,12.57
2010-08-20,13.29,13.97,13.29,13.40,9200,12.11
2010-08-19,13.02,14.00,13.02,13.20,27300,11.93
2010-08-18,12.17,12.73,12.03,12.04,2100,10.88
2010-08-17,12.05,12.77,12.00,12.42,4500,11.23
2010-08-16,11.97,11.97,11.53,11.68,6400,10.56
2010-08-13,11.59,11.65,11.40,11.65,2500,10.53
2010-08-12,12.17,12.17,11.43,11.73,3200,10.60
2010-08-11,12.98,13.01,12.16,12.17,5100,11.00
2010-08-10,13.15,13.15,12.58,12.90,13200,11.66
2010-08-09,13.01,13.11,12.92,13.06,5600,11.81
2010-08-06,13.33,13.47,12.90,12.90,7100,11.66
2010-08-05,12.25,13.11,12.25,13.10,13500,11.84
2010-08-04,11.75,12.51,11.75,12.23,8200,11.06
2010-08-03,11.53,11.70,10.85,11.70,7200,10.58
2010-08-02,11.26,11.76,11.22,11.45,7800,10.35
2010-07-30,10.95,11.24,10.95,11.21,7000,10.13
2010-07-29,10.80,10.96,10.80,10.88,8600,9.84
2010-07-28,10.45,10.77,10.45,10.65,5300,9.63
2010-07-27,10.41,10.47,10.25,10.43,4900,9.43
2010-07-26,10.22,10.47,10.21,10.36,15500,9.37
2010-07-23,10.38,10.48,10.38,10.48,700,9.47
2010-07-22,10.40,10.46,10.40,10.46,1900,9.46
2010-07-21,10.30,10.35,10.24,10.26,2000,9.27
2010-07-20,10.46,10.46,10.45,10.45,600,9.45
2010-07-19,10.44,10.44,10.22,10.22,700,9.24
2010-07-16,10.25,10.31,10.25,10.30,12700,9.31
2010-07-15,10.51,10.51,10.21,10.21,4700,9.23
2010-07-14,10.68,10.71,10.31,10.46,11700,9.46
2010-07-13,10.95,11.59,10.71,10.89,16300,9.84
2010-07-12,10.71,10.87,10.42,10.86,4100,9.82
2010-07-09,10.65,10.89,10.43,10.89,5600,9.84
2010-07-08,11.02,11.02,10.39,10.58,5900,9.56
2010-07-07,10.45,10.73,10.19,10.69,4900,9.66
2010-07-06,10.50,10.68,10.08,10.36,17900,9.37
2010-07-02,10.70,10.99,10.50,10.50,10600,9.49
2010-07-01,10.59,10.96,10.54,10.65,10400,9.63
2010-06-30,10.91,11.10,10.75,11.00,11500,9.94
2010-06-29,11.46,11.46,10.90,10.91,9600,9.86
2010-06-28,11.48,11.48,11.07,11.08,4300,10.02
2010-06-25,11.25,11.25,11.00,11.07,11100,10.01
2010-06-24,11.51,11.51,11.21,11.25,11000,10.17
2010-06-23,11.40,11.50,11.29,11.49,7100,10.39
2010-06-22,11.85,11.85,11.42,11.42,1300,10.32
2010-06-21,11.75,11.75,11.33,11.67,3600,10.55
2010-06-18,11.19,11.78,11.19,11.38,2200,10.29
2010-06-17,11.09,11.48,11.09,11.14,3100,10.07
2010-06-16,11.60,11.75,11.06,11.06,13100,10.00
2010-06-15,11.80,11.97,11.80,11.97,1000,10.78
2010-06-14,11.48,11.90,11.48,11.90,13700,10.71
2010-06-11,11.82,11.87,11.64,11.69,6700,10.52
2010-06-10,11.52,11.88,11.47,11.70,5300,10.53
2010-06-09,11.36,11.94,11.30,11.70,8700,10.53
2010-06-08,11.26,11.58,11.26,11.29,6000,10.16
2010-06-07,11.59,11.60,11.23,11.23,3300,10.11
2010-06-04,11.38,11.60,11.13,11.46,6300,10.32
2010-06-03,11.70,11.71,11.06,11.40,2500,10.26
2010-06-02,11.14,11.71,11.00,11.64,14100,10.48
2010-06-01,11.78,11.78,10.80,11.14,34900,10.03
2010-05-28,12.37,12.37,11.58,11.78,11100,10.60
2010-05-27,12.49,13.57,12.40,12.85,9800,11.57
2010-05-26,11.88,13.55,11.88,12.93,18700,11.64
2010-05-25,11.35,11.87,11.35,11.85,12000,10.67
2010-05-24,12.10,12.10,11.58,11.77,13400,10.60
2010-05-21,12.20,12.44,12.00,12.05,13300,10.85
2010-05-20,12.27,12.44,12.05,12.05,11600,10.85
2010-05-19,12.62,12.66,12.22,12.31,8700,11.08
2010-05-18,13.27,13.27,12.63,12.71,10100,11.44
2010-05-17,13.08,13.27,13.08,13.24,5600,11.92
2010-05-14,12.77,12.95,12.63,12.75,14800,11.48
2010-05-13,13.42,13.42,12.83,12.87,4700,11.59
2010-05-12,13.74,13.76,13.07,13.25,15700,11.93
2010-05-11,13.54,14.09,13.21,13.85,6700,12.47
2010-05-10,12.75,13.55,12.75,13.36,14200,12.03
2010-05-07,13.44,13.44,12.51,12.60,6700,11.34
2010-05-06,12.98,13.16,12.56,12.61,7300,11.35
2010-05-05,13.18,13.18,12.44,12.61,22400,11.35
2010-05-04,13.25,13.85,13.02,13.47,12800,12.13
2010-05-03,13.95,13.95,13.24,13.42,7500,12.08
2010-04-30,14.94,14.94,13.80,14.01,12600,12.61
2010-04-29,15.41,15.41,14.94,14.94,6600,13.45
2010-04-28,15.11,15.70,15.05,15.21,10700,13.69
2010-04-27,15.40,15.40,15.04,15.40,8600,13.86
2010-04-26,15.50,15.52,15.28,15.44,36000,13.90
2010-04-23,15.59,15.59,15.32,15.45,11400,13.91
2010-04-22,15.35,15.74,15.22,15.45,21100,13.91
2010-04-21,15.65,15.74,15.04,15.39,24100,13.85
2010-04-20,15.26,15.49,15.09,15.43,18900,13.89
2010-04-19,15.34,15.34,15.01,15.17,6800,13.66
2010-04-16,15.40,15.40,14.64,15.30,23300,13.77
2010-04-15,15.43,15.44,15.20,15.41,7000,13.87
2010-04-14,15.44,15.48,15.20,15.36,37400,13.83
2010-04-13,15.38,15.45,15.00,15.45,20700,13.91
2010-04-12,15.15,15.45,15.15,15.45,15800,13.91
2010-04-09,15.05,15.29,14.90,15.08,18300,13.57
2010-04-08,14.63,15.12,14.27,14.95,27100,13.46
2010-04-07,13.99,14.63,13.96,14.63,30800,13.17
2010-04-06,13.75,13.94,13.75,13.94,12700,12.55
2010-04-05,13.60,13.87,13.31,13.87,18100,12.49
2010-04-01,13.36,13.65,13.24,13.60,23300,12.24
2010-03-31,12.83,13.59,12.80,13.59,26600,12.23
2010-03-30,13.26,13.37,12.82,12.92,19700,11.63
2010-03-29,13.61,13.72,13.21,13.35,62500,12.02
2010-03-26,15.42,15.42,14.10,14.20,62800,12.78
2010-03-25,15.60,15.74,15.34,15.37,24600,13.84
2010-03-24,16.00,16.00,15.66,15.84,4400,14.26
2010-03-23,16.15,16.15,15.70,16.05,9700,14.45
2010-03-22,15.99,16.30,15.60,16.20,39800,14.58
2010-03-19,16.05,16.32,15.86,16.32,13300,14.69
2010-03-18,16.42,16.42,16.01,16.25,11600,14.63
2010-03-17,16.42,16.42,15.80,16.39,29300,14.71
2010-03-16,15.98,16.50,15.98,16.15,25500,14.49
2010-03-15,16.01,16.27,15.85,15.98,43800,14.34
2010-03-12,15.74,15.92,15.53,15.91,7700,14.28
2010-03-11,15.64,15.84,15.47,15.60,11000,14.00
2010-03-10,15.79,16.00,15.41,15.63,22000,14.03
2010-03-09,15.99,15.99,15.50,15.65,17300,14.04
2010-03-08,14.96,16.31,14.69,15.40,56500,13.82
2010-03-05,13.06,13.51,13.06,13.41,7000,12.03
2010-03-04,13.46,13.50,12.78,12.99,11600,11.66
2010-03-03,12.87,13.50,12.87,13.27,9900,11.91
2010-03-02,12.01,12.90,12.01,12.74,20900,11.43
2010-03-01,12.00,12.05,11.81,12.03,5400,10.80
2010-02-26,12.00,12.00,11.78,11.83,2600,10.62
2010-02-25,11.95,11.99,11.95,11.99,200,10.76
2010-02-24,11.64,11.82,11.60,11.80,1500,10.59
2010-02-23,11.38,11.86,11.37,11.51,1900,10.33
2010-02-22,11.77,12.00,11.77,11.80,2400,10.59
2010-02-19,11.66,11.99,11.50,11.65,14500,10.46
2010-02-18,11.80,11.80,11.41,11.41,800,10.24
2010-02-17,11.35,11.80,11.35,11.80,7000,10.59
2010-02-16,11.30,11.40,11.26,11.27,7500,10.11
2010-02-12,11.30,11.33,11.28,11.30,800,10.14
2010-02-11,11.33,11.33,11.30,11.30,1000,10.14
2010-02-10,11.56,11.58,11.40,11.40,400,10.23
2010-02-09,11.35,11.52,11.20,11.27,12800,10.11
2010-02-08,11.40,11.52,11.30,11.52,700,10.34
2010-02-05,11.62,11.75,11.30,11.31,8600,10.15
2010-02-04,11.20,11.65,11.20,11.61,5100,10.42
2010-02-03,11.20,11.20,11.20,11.20,600,10.05
2010-02-02,11.33,11.42,11.25,11.42,1700,10.25
2010-02-01,11.61,11.61,11.26,11.26,4500,10.11
2010-01-29,11.60,11.75,11.60,11.67,1000,10.47
2010-01-28,11.27,11.45,11.27,11.42,1200,10.25
2010-01-27,11.71,11.80,11.25,11.38,2300,10.21
2010-01-26,11.43,11.50,11.43,11.50,1500,10.32
2010-01-25,11.50,11.50,11.41,11.41,2200,10.24
2010-01-22,11.13,11.55,11.01,11.09,1500,9.95
2010-01-21,11.23,11.51,11.00,11.13,4700,9.99
2010-01-20,11.05,11.31,10.90,11.18,1600,10.03
2010-01-19,11.30,11.44,10.81,10.88,5600,9.76
2010-01-15,11.75,11.75,11.17,11.30,5300,10.14
2010-01-14,11.79,11.90,11.30,11.70,17800,10.50
2010-01-13,10.19,12.10,10.19,11.75,25000,10.54
2010-01-12,9.97,10.00,9.97,10.00,3300,8.97
2010-01-11,9.74,10.08,9.60,9.60,2000,8.62
2010-01-08,9.43,9.72,9.43,9.72,23900,8.72
2010-01-07,9.50,9.95,9.33,9.43,4100,8.46
2010-01-06,9.61,9.78,9.60,9.60,3900,8.62
2010-01-05,9.95,10.20,9.75,10.05,1300,9.02
2010-01-04,10.19,10.19,9.73,9.80,6000,8.79
2009-12-31,9.93,10.34,9.58,10.23,9800,9.18
2009-12-30,9.77,9.98,9.77,9.98,2000,8.96
2009-12-29,9.85,9.89,9.69,9.77,3900,8.77
2009-12-28,9.10,9.92,9.00,9.51,7600,8.53
2009-12-24,9.00,9.24,9.00,9.10,1200,8.17
2009-12-23,8.98,9.02,8.70,9.00,3600,8.08
2009-12-22,8.91,9.02,8.91,8.99,2100,8.07
2009-12-21,8.79,9.00,8.71,9.00,3500,8.08
2009-12-18,8.59,8.95,8.59,8.95,2400,8.03
2009-12-17,8.79,8.79,8.50,8.55,800,7.67
2009-12-16,8.62,8.79,8.50,8.65,6500,7.76
2009-12-15,8.29,8.54,8.29,8.54,1000,7.62
2009-12-14,8.73,8.95,8.37,8.37,3900,7.47
2009-12-11,8.52,8.60,8.52,8.60,400,7.67
2009-12-10,8.42,8.64,8.25,8.64,700,7.71
2009-12-09,8.45,8.54,8.36,8.36,5700,7.46
2009-12-08,8.47,8.55,8.47,8.55,500,7.63
2009-12-07,8.42,8.42,8.42,8.42,600,7.51
2009-12-04,8.49,8.70,8.41,8.45,1500,7.54
2009-12-03,8.21,8.50,8.21,8.27,1800,7.38
2009-12-02,8.48,8.50,8.40,8.50,2900,7.58
2009-12-01,8.34,8.54,8.29,8.32,1400,7.42
2009-11-30,8.56,8.56,8.21,8.40,7400,7.49
2009-11-27,8.41,8.41,8.41,8.41,1300,7.50
2009-11-25,8.38,8.43,8.33,8.40,2600,7.49
2009-11-24,8.11,8.57,8.11,8.57,2300,7.65
2009-11-23,8.62,8.62,8.05,8.33,2600,7.43
2009-11-20,8.34,8.38,8.30,8.38,1100,7.48
2009-11-19,8.83,9.00,8.17,8.20,10300,7.32
2009-11-18,8.72,8.75,8.51,8.70,7900,7.76
2009-11-17,8.29,8.73,8.25,8.73,5700,7.79
2009-11-16,8.21,8.40,8.17,8.25,3000,7.36
2009-11-13,8.25,8.25,8.21,8.21,700,7.32
2009-11-12,8.38,8.40,8.21,8.23,4000,7.34
2009-11-11,8.15,8.21,8.15,8.21,2500,7.32
2009-11-10,8.07,8.21,8.07,8.21,1600,7.32
2009-11-09,8.24,8.24,8.23,8.23,200,7.34
2009-11-06,8.33,8.33,8.33,8.33,000,7.43
2009-11-05,8.23,8.33,8.23,8.33,1400,7.43
2009-11-04,8.04,8.50,8.04,8.15,12400,7.27
2009-11-03,8.05,8.15,8.04,8.04,1200,7.17
2009-11-02,8.11,8.38,8.05,8.05,2200,7.18
2009-10-30,8.20,8.40,8.06,8.28,6200,7.39
2009-10-29,8.43,8.43,8.15,8.15,2900,7.27
2009-10-28,8.25,8.35,8.25,8.35,4300,7.45
2009-10-27,8.30,8.49,8.30,8.30,1700,7.41
2009-10-26,8.25,8.49,8.25,8.25,2500,7.36
2009-10-23,8.69,8.71,8.25,8.42,3900,7.51
2009-10-22,8.68,8.69,8.46,8.60,8300,7.67
2009-10-21,8.80,9.00,8.57,8.58,13300,7.65
2009-10-20,8.42,8.50,8.28,8.47,2900,7.56
2009-10-19,8.31,8.50,8.31,8.50,1200,7.58
2009-10-16,8.83,8.83,8.50,8.50,2100,7.58
2009-10-15,8.56,8.64,8.36,8.50,6400,7.58
2009-10-14,8.61,8.71,8.41,8.43,2500,7.52
2009-10-13,8.53,8.64,8.35,8.56,2000,7.64
2009-10-12,8.49,8.49,8.49,8.49,1000,7.57
2009-10-09,8.31,8.33,8.31,8.33,3200,7.43
2009-10-08,8.05,8.26,8.05,8.05,900,7.18
2009-10-07,8.06,8.06,8.06,8.06,700,7.19
2009-10-06,8.01,8.10,8.01,8.06,3200,7.19
2009-10-05,8.05,8.05,8.03,8.03,400,7.16
2009-10-02,8.43,8.43,8.06,8.06,1300,7.19
2009-10-01,8.59,8.59,7.77,8.41,2100,7.50
2009-09-30,7.95,8.41,7.80,8.40,900,7.49
2009-09-29,8.21,8.21,8.21,8.21,000,7.32
2009-09-28,8.22,8.22,8.20,8.21,2600,7.32
2009-09-25,8.18,8.25,8.18,8.22,2300,7.33
2009-09-24,7.96,8.23,7.73,8.22,6500,7.33
2009-09-23,7.80,7.80,7.73,7.74,1900,6.91
2009-09-22,7.67,7.94,7.67,7.87,4600,7.02
2009-09-21,7.92,8.14,7.67,7.67,5400,6.84
2009-09-18,7.81,8.10,7.67,7.67,15600,6.84
2009-09-17,7.68,7.79,7.68,7.79,800,6.95
2009-09-16,7.72,8.12,7.72,8.12,2400,7.20
2009-09-15,7.72,7.78,7.72,7.72,5800,6.85
2009-09-14,7.72,7.72,7.72,7.72,000,6.85
2009-09-11,7.94,8.03,7.72,7.72,2100,6.85
2009-09-10,7.82,7.82,7.82,7.82,700,6.93
2009-09-09,7.72,7.84,7.72,7.84,2000,6.95
2009-09-08,7.75,7.75,7.75,7.75,400,6.87
2009-09-04,7.72,7.73,7.72,7.73,200,6.85
2009-09-03,7.79,7.79,7.79,7.79,300,6.91
2009-09-02,7.75,7.79,7.72,7.79,2700,6.91
2009-09-01,7.82,7.94,7.78,7.94,4100,7.04
2009-08-31,8.00,8.00,7.84,7.85,6100,6.96
2009-08-28,8.84,8.84,8.02,8.04,4800,7.13
2009-08-27,8.33,8.84,8.33,8.84,3100,7.84
2009-08-26,8.84,8.84,8.41,8.83,2400,7.83
2009-08-25,8.57,8.84,8.53,8.83,6000,7.83
2009-08-24,8.50,8.50,8.40,8.44,3900,7.48
2009-08-21,8.39,8.50,8.39,8.50,1600,7.54
2009-08-20,8.02,8.25,8.02,8.25,1000,7.32
2009-08-19,8.01,8.01,8.00,8.00,700,7.09
2009-08-18,8.49,8.49,8.20,8.29,2900,7.35
2009-08-17,8.05,8.05,8.05,8.05,000,7.14
2009-08-14,8.03,8.05,7.90,8.05,2400,7.14
2009-08-13,8.40,8.40,8.30,8.30,1900,7.36
2009-08-12,8.20,8.20,8.20,8.20,100,7.27
2009-08-11,8.05,8.05,8.05,8.05,100,7.14
2009-08-10,7.75,8.25,7.75,8.25,700,7.32
2009-08-07,8.44,8.49,8.35,8.35,2400,7.40
2009-08-06,8.40,8.59,7.82,8.25,13900,7.32
2009-08-05,8.20,8.30,8.20,8.30,2600,7.36
2009-08-04,7.90,8.25,7.90,8.11,2600,7.19
2009-08-03,7.97,7.97,7.80,7.80,1900,6.92
2009-07-31,8.09,8.15,8.09,8.13,2400,7.21
2009-07-30,7.89,8.10,7.82,8.10,9600,7.18
2009-07-29,7.38,8.00,7.38,7.99,2900,7.08
2009-07-28,7.50,7.88,7.06,7.88,300,6.99
2009-07-27,7.20,7.51,7.05,7.49,7000,6.64
2009-07-24,6.64,7.50,6.64,7.43,15200,6.59
2009-07-23,7.44,7.44,7.44,7.44,000,6.60
2009-07-22,7.72,7.72,7.28,7.44,2000,6.60
2009-07-21,7.67,7.67,7.67,7.67,400,6.80
2009-07-20,7.87,7.87,7.64,7.64,300,6.77
2009-07-17,7.90,7.90,7.69,7.86,800,6.97
2009-07-16,7.88,7.88,7.45,7.45,8400,6.61
2009-07-15,7.77,8.02,7.75,7.85,3100,6.96
2009-07-14,8.01,8.10,7.90,7.96,15200,7.06
2009-07-13,7.78,8.10,7.22,7.95,22500,7.05
2009-07-10,8.01,8.01,7.47,7.48,10000,6.63
2009-07-09,8.05,8.52,7.95,8.21,4400,7.28
2009-07-08,8.11,8.76,8.04,8.36,11100,7.41
2009-07-07,7.59,7.88,7.06,7.88,8800,6.99
2009-07-06,7.81,7.90,7.50,7.88,3100,6.99
2009-07-02,7.75,7.75,7.25,7.50,17200,6.65
2009-07-01,8.23,8.23,7.38,7.64,40400,6.77
2009-06-30,7.99,8.38,7.74,8.38,29500,7.43
2009-06-29,7.65,8.06,7.60,7.97,36800,7.07
2009-06-26,7.30,7.65,6.51,6.97,38900,6.18
2009-06-25,7.35,7.78,7.25,7.68,4200,6.81
2009-06-24,7.44,7.64,7.40,7.55,1000,6.69
2009-06-23,7.93,8.15,7.71,7.71,9700,6.84
2009-06-22,7.24,7.87,7.24,7.69,1700,6.82
2009-06-19,7.39,7.94,7.36,7.68,2800,6.81
2009-06-18,7.08,7.50,7.08,7.50,2200,6.65
2009-06-17,7.70,7.76,7.13,7.45,11600,6.61
2009-06-16,7.70,8.19,7.70,8.00,1000,7.05
2009-06-15,7.94,7.99,7.39,7.73,10200,6.81
2009-06-12,8.48,8.48,7.79,7.79,600,6.86
2009-06-11,7.69,8.50,7.69,8.50,2000,7.49
2009-06-10,8.60,8.60,7.40,7.78,6700,6.86
2009-06-09,7.94,9.00,7.49,9.00,13900,7.93
2009-06-08,7.76,8.50,7.61,8.50,2400,7.49
2009-06-05,7.87,8.15,7.72,8.01,3700,7.06
2009-06-04,7.39,8.26,7.05,8.26,11700,7.28
2009-06-03,7.48,7.63,7.47,7.47,800,6.58
2009-06-02,7.37,7.58,7.37,7.57,2100,6.67
2009-06-01,7.80,7.90,7.51,7.51,20100,6.62
2009-05-29,7.81,7.81,7.81,7.81,1200,6.88
2009-05-28,7.63,7.68,7.56,7.66,5900,6.75
2009-05-27,7.50,7.60,7.50,7.60,10800,6.70
2009-05-26,7.19,7.51,7.19,7.51,1600,6.62
2009-05-22,7.12,7.47,7.00,7.43,6300,6.55
2009-05-21,7.17,7.36,7.06,7.06,7900,6.22
2009-05-20,7.21,7.36,7.21,7.24,1400,6.38
2009-05-19,7.32,7.42,7.16,7.40,3700,6.52
2009-05-18,7.51,7.51,6.99,6.99,1300,6.16
2009-05-15,7.45,7.60,6.87,6.96,5500,6.13
2009-05-14,7.60,7.60,7.60,7.60,000,6.70
2009-05-13,7.62,7.64,7.57,7.60,1400,6.70
2009-05-12,7.47,8.03,6.80,7.73,13000,6.81
2009-05-11,8.07,8.57,6.79,6.92,10500,6.10
2009-05-08,8.15,8.56,7.76,8.12,10100,7.15
2009-05-07,7.86,8.29,7.01,7.97,6600,7.02
2009-05-06,7.21,7.67,7.10,7.54,15300,6.64
2009-05-05,6.89,7.28,6.44,6.88,18500,6.06
2009-05-04,6.57,7.10,6.57,7.10,1900,6.26
2009-05-01,6.26,7.08,6.26,6.71,4200,5.91
2009-04-30,7.34,7.35,7.05,7.11,2900,6.26
2009-04-29,6.60,7.23,6.51,6.71,5100,5.91
2009-04-28,7.00,7.20,6.28,6.32,9700,5.57
2009-04-27,6.71,6.81,6.40,6.63,9600,5.84
2009-04-24,7.03,7.15,6.25,6.32,7800,5.57
2009-04-23,7.40,7.40,6.00,6.68,15000,5.89
2009-04-22,6.29,6.72,6.29,6.64,2900,5.85
2009-04-21,6.31,7.22,6.28,6.32,3300,5.57
2009-04-20,6.65,6.89,6.28,6.28,1600,5.53
2009-04-17,6.62,6.89,6.23,6.28,3300,5.53
2009-04-16,6.89,6.89,6.60,6.60,1100,5.82
2009-04-15,6.96,6.96,6.96,6.96,000,6.13
2009-04-14,6.69,6.96,6.60,6.96,4800,6.13
2009-04-13,6.00,6.80,6.00,6.52,7100,5.75
2009-04-09,5.50,6.19,5.45,6.01,2600,5.30
2009-04-08,5.10,5.50,5.09,5.50,700,4.85
2009-04-07,5.48,5.48,4.98,5.03,16900,4.43
2009-04-06,5.31,5.48,5.31,5.48,900,4.83
2009-04-03,5.16,5.47,5.16,5.47,1200,4.82
2009-04-02,5.33,5.45,5.20,5.45,7300,4.80
2009-04-01,5.28,5.28,5.15,5.15,2600,4.54
2009-03-31,5.17,5.20,5.15,5.15,7100,4.54
2009-03-30,5.15,5.15,5.15,5.15,900,4.54
2009-03-27,5.40,5.40,5.20,5.20,2100,4.58
2009-03-26,5.18,5.25,5.12,5.19,2200,4.57
2009-03-25,5.21,5.21,5.18,5.18,400,4.56
2009-03-24,5.11,5.33,5.11,5.33,5600,4.70
2009-03-23,5.20,5.20,5.11,5.18,3300,4.56
2009-03-20,5.18,5.20,5.11,5.11,5100,4.50
2009-03-19,5.15,5.30,5.15,5.20,2200,4.58
2009-03-18,5.48,5.48,5.16,5.18,3500,4.56
2009-03-17,5.47,5.47,5.47,5.47,000,4.78
2009-03-16,5.15,5.47,5.15,5.47,1400,4.78
2009-03-13,5.18,5.18,5.18,5.18,100,4.52
2009-03-12,5.45,5.45,5.19,5.42,2100,4.73
2009-03-11,5.16,5.33,5.15,5.32,5000,4.64
2009-03-10,5.47,5.47,5.15,5.16,3500,4.51
2009-03-09,5.16,5.48,5.15,5.15,2900,4.50
2009-03-06,5.45,5.45,5.17,5.17,5600,4.51
2009-03-05,5.57,5.95,5.57,5.57,7100,4.86
2009-03-04,5.73,5.99,5.73,5.73,9400,5.00
2009-03-03,5.80,5.99,5.80,5.80,7900,5.06
2009-03-02,5.97,5.98,5.62,5.75,20700,5.02
2009-02-27,6.05,6.05,6.05,6.05,2000,5.28
2009-02-26,6.35,6.35,6.35,6.35,400,5.54
2009-02-25,6.05,6.05,6.05,6.05,3600,5.28
2009-02-24,6.09,6.09,6.06,6.06,5600,5.29
2009-02-23,6.25,6.38,6.24,6.24,12000,5.45
2009-02-20,6.29,6.41,6.29,6.41,600,5.60
2009-02-19,6.30,6.30,6.25,6.25,1200,5.46
2009-02-18,6.30,6.40,6.25,6.25,15400,5.46
2009-02-17,6.41,6.41,6.31,6.31,15600,5.51
2009-02-13,6.50,6.50,6.44,6.44,8200,5.62
2009-02-12,6.45,6.50,6.45,6.50,1100,5.68
2009-02-11,6.55,6.65,6.50,6.50,1800,5.68
2009-02-10,6.98,6.98,6.56,6.56,700,5.73
2009-02-09,6.54,6.54,6.54,6.54,000,5.71
2009-02-06,6.60,6.87,6.54,6.54,4800,5.71
2009-02-05,6.68,6.69,6.55,6.55,3000,5.72
2009-02-04,6.77,6.77,6.68,6.68,9400,5.83
2009-02-03,6.77,7.03,6.77,6.77,3600,5.91
2009-02-02,7.20,7.37,6.77,6.95,4700,6.07
2009-01-30,7.24,7.79,7.10,7.10,900,6.20
2009-01-29,7.48,7.87,7.01,7.83,2700,6.84
2009-01-28,7.00,7.89,7.00,7.89,1800,6.89
2009-01-27,7.01,7.01,7.01,7.01,100,6.12
2009-01-26,7.00,7.39,7.00,7.39,1100,6.45
2009-01-23,7.02,7.02,7.02,7.02,700,6.13
2009-01-22,7.31,7.31,7.31,7.31,200,6.38
2009-01-21,7.96,7.96,7.32,7.90,1900,6.90
2009-01-20,7.01,7.90,7.01,7.90,200,6.90
2009-01-16,7.33,7.33,7.33,7.33,000,6.40
2009-01-15,7.50,7.50,7.30,7.33,6100,6.40
2009-01-14,6.77,7.94,6.77,7.50,12100,6.55
2009-01-13,6.75,7.09,6.75,6.80,3500,5.94
2009-01-12,6.76,6.76,6.76,6.76,200,5.90
2009-01-09,6.81,6.81,6.81,6.81,500,5.95
2009-01-08,7.05,7.05,7.05,7.05,400,6.16
2009-01-07,7.05,7.10,6.81,6.81,1400,5.95
2009-01-06,7.10,7.13,7.05,7.05,1300,6.16
2009-01-05,7.49,7.49,7.07,7.35,1800,6.42
2009-01-02,6.69,7.27,6.69,7.02,700,6.13
2008-12-31,6.68,7.10,6.68,6.69,6100,5.84
2008-12-30,7.17,7.46,6.68,6.68,18700,5.83
2008-12-29,7.26,7.26,7.06,7.06,3200,6.16
2008-12-26,7.07,7.10,7.07,7.10,1200,6.20
2008-12-24,7.41,7.41,7.41,7.41,200,6.47
2008-12-23,6.86,6.86,6.86,6.86,200,5.99
2008-12-22,7.01,7.01,7.01,7.01,200,6.12
2008-12-19,7.25,7.50,6.77,7.50,4100,6.55
2008-12-18,6.86,6.86,6.86,6.86,400,5.99
2008-12-17,7.24,7.25,7.20,7.20,1400,6.17
2008-12-16,6.95,7.24,6.81,7.22,6100,6.19
2008-12-15,6.84,7.18,6.84,7.18,4600,6.16
2008-12-12,6.99,7.02,6.99,7.02,3000,6.02
2008-12-11,6.86,6.89,6.80,6.81,8500,5.84
2008-12-10,6.95,7.00,6.95,7.00,2100,6.00
2008-12-09,6.80,6.96,6.80,6.96,2100,5.97
2008-12-08,7.00,7.00,6.80,6.81,4600,5.84
2008-12-05,7.00,7.00,6.81,6.81,1100,5.84
2008-12-04,6.99,7.00,6.89,7.00,4400,6.00
2008-12-03,6.86,7.00,6.81,6.81,4400,5.84
2008-12-02,6.92,6.92,6.92,6.92,000,5.93
2008-12-01,6.92,6.92,6.92,6.92,000,5.93
2008-11-28,6.75,6.92,6.75,6.92,1200,5.93
2008-11-26,6.77,7.00,6.77,6.78,4200,5.81
2008-11-25,6.90,6.90,6.90,6.90,1300,5.92
2008-11-24,6.77,6.99,6.77,6.78,3200,5.81
2008-11-21,6.81,6.92,6.76,6.80,6800,5.83
2008-11-20,7.29,7.29,6.80,6.80,22800,5.83
2008-11-19,7.34,7.34,7.31,7.31,2800,6.27
2008-11-18,7.75,7.75,7.26,7.73,2400,6.63
2008-11-17,7.74,7.74,7.50,7.50,3600,6.43
2008-11-14,7.75,7.75,7.51,7.75,1300,6.64
2008-11-13,7.50,7.70,7.50,7.70,6500,6.60
2008-11-12,7.96,7.96,7.60,7.60,500,6.52
2008-11-11,7.76,8.50,7.50,7.50,5900,6.43
2008-11-10,7.77,7.78,7.76,7.78,2200,6.67
2008-11-07,7.76,7.76,7.76,7.76,200,6.65
2008-11-06,8.17,8.17,7.90,7.90,1500,6.77
2008-11-05,8.23,8.23,8.23,8.23,500,7.06
2008-11-04,8.16,8.25,7.93,7.93,2600,6.80
2008-11-03,8.50,8.50,8.49,8.49,1100,7.28
2008-10-31,7.50,8.55,7.50,8.13,4200,6.97
2008-10-30,8.49,8.49,7.46,7.48,19100,6.41
2008-10-29,8.69,8.69,8.13,8.25,6300,7.07
2008-10-28,8.73,8.73,8.68,8.70,1800,7.46
2008-10-27,9.60,9.69,8.69,8.69,8100,7.45
2008-10-24,9.63,9.63,9.60,9.60,2500,8.23
2008-10-23,9.85,9.85,9.65,9.65,3100,8.27
2008-10-22,10.49,10.49,9.80,10.00,1100,8.57
2008-10-21,9.69,10.50,9.63,10.14,4500,8.69
2008-10-20,9.96,9.96,9.69,9.88,1200,8.47
2008-10-17,10.69,10.69,9.99,10.00,800,8.57
2008-10-16,9.72,9.72,9.69,9.69,3100,8.31
2008-10-15,9.96,9.96,9.69,9.69,600,8.31
2008-10-14,10.29,10.29,9.71,9.71,11300,8.32
2008-10-13,9.95,9.96,9.73,9.94,2100,8.52
2008-10-10,10.07,10.12,9.71,9.75,5500,8.36
2008-10-09,10.09,10.09,10.09,10.09,3100,8.65
2008-10-08,10.13,10.13,10.09,10.12,2700,8.68
2008-10-07,10.12,10.12,10.12,10.12,400,8.68
2008-10-06,10.15,10.75,10.09,10.74,5300,9.21
2008-10-03,10.49,10.63,10.25,10.32,5500,8.85
2008-10-02,10.43,10.99,10.18,10.50,1600,9.00
2008-10-01,10.99,10.99,10.09,10.09,5700,8.65
2008-09-30,10.41,10.41,10.08,10.15,9100,8.70
2008-09-29,10.60,10.60,9.50,9.68,9900,8.30
2008-09-26,10.50,10.97,10.50,10.55,2100,9.04
2008-09-25,10.65,10.65,10.65,10.65,300,9.13
2008-09-24,10.65,10.65,10.42,10.65,1500,9.13
2008-09-23,10.65,10.65,10.65,10.65,2000,9.13
2008-09-22,10.60,10.60,10.60,10.60,1500,9.09
2008-09-19,11.01,11.08,10.43,10.97,2100,9.40
2008-09-18,11.01,11.08,10.87,11.08,2600,9.50
2008-09-17,10.88,11.01,10.88,11.01,900,9.44
2008-09-16,11.25,11.25,11.00,11.01,11800,9.33
2008-09-15,11.05,11.25,11.05,11.25,5200,9.53
2008-09-12,11.08,11.08,11.08,11.08,2500,9.39
2008-09-11,11.15,11.15,11.05,11.08,11000,9.39
2008-09-10,11.44,11.44,11.06,11.15,1400,9.45
2008-09-09,11.25,11.25,11.25,11.25,500,9.53
2008-09-08,11.24,11.25,11.07,11.25,2000,9.53
2008-09-05,11.08,11.08,11.08,11.08,900,9.39
2008-09-04,11.09,11.09,11.09,11.09,200,9.40
2008-09-03,11.23,11.23,11.18,11.18,2500,9.47
2008-09-02,11.07,11.13,11.06,11.13,1900,9.43
2008-08-29,11.15,11.25,11.15,11.25,200,9.53
2008-08-28,11.26,11.26,11.23,11.23,400,9.51
2008-08-27,11.10,11.14,11.06,11.06,1100,9.37
2008-08-26,11.22,11.22,11.21,11.21,800,9.50
2008-08-25,11.30,11.30,11.06,11.06,2100,9.37
2008-08-22,11.06,11.06,11.06,11.06,000,9.37
2008-08-21,11.05,11.06,11.02,11.06,1700,9.37
2008-08-20,11.10,11.10,11.10,11.10,300,9.40
2008-08-19,11.44,11.44,11.09,11.10,4300,9.40
2008-08-18,11.36,11.44,11.36,11.36,700,9.62
2008-08-15,11.25,11.30,11.11,11.11,2500,9.41
2008-08-14,11.05,11.30,11.05,11.30,2300,9.57
2008-08-13,11.05,11.05,11.04,11.05,1500,9.36
2008-08-12,11.03,11.10,11.03,11.05,1200,9.36
2008-08-11,11.15,11.15,11.11,11.11,2400,9.41
2008-08-08,11.12,11.12,11.12,11.12,000,9.42
2008-08-07,11.63,11.64,11.12,11.12,600,9.42
2008-08-06,11.30,11.30,11.22,11.27,1400,9.55
2008-08-05,11.39,11.39,11.39,11.39,200,9.65
2008-08-04,11.22,11.54,11.11,11.11,1000,9.41
2008-08-01,11.22,11.22,11.22,11.22,600,9.51
2008-07-31,11.48,11.52,11.22,11.22,1900,9.51
2008-07-30,11.91,11.91,11.88,11.88,400,10.06
2008-07-29,11.99,11.99,11.31,11.31,2900,9.58
2008-07-28,11.36,11.36,11.36,11.36,000,9.62
2008-07-25,12.13,12.13,11.32,11.36,1500,9.62
2008-07-24,11.66,11.92,11.31,11.92,1100,10.10
2008-07-23,11.32,11.49,11.32,11.49,700,9.73
2008-07-22,11.75,11.75,11.75,11.75,000,9.95
2008-07-21,11.53,12.18,11.53,11.75,2800,9.95
2008-07-18,11.69,11.69,11.00,11.30,2700,9.57
2008-07-17,11.02,11.54,11.02,11.44,1100,9.69
2008-07-16,11.01,11.01,11.01,11.01,600,9.33
2008-07-15,11.02,11.04,11.02,11.04,200,9.35
2008-07-14,11.06,11.14,11.06,11.14,2300,9.44
2008-07-11,11.06,11.06,11.06,11.06,300,9.37
2008-07-10,11.26,11.63,11.15,11.25,4300,9.53
2008-07-09,11.33,11.33,11.25,11.30,5700,9.57
2008-07-08,11.28,11.30,11.25,11.30,1200,9.57
2008-07-07,11.33,11.33,11.33,11.33,100,9.60
2008-07-03,11.25,11.26,11.25,11.25,4300,9.53
2008-07-02,11.25,11.30,11.25,11.30,3500,9.57
2008-07-01,11.25,11.29,11.11,11.25,5500,9.53
2008-06-30,11.10,11.30,11.10,11.25,1200,9.53
2008-06-27,11.12,11.13,11.06,11.06,800,9.37
2008-06-26,11.60,12.30,11.31,11.31,4400,9.58
2008-06-25,12.45,12.45,11.60,11.60,1400,9.83
2008-06-24,11.49,11.49,11.49,11.49,200,9.73
2008-06-23,11.41,11.98,11.41,11.98,600,10.15
2008-06-20,11.50,12.08,11.50,11.57,2000,9.80
2008-06-19,11.90,12.00,11.90,12.00,800,10.17
2008-06-18,12.00,12.00,11.80,11.80,1100,10.00
2008-06-17,12.01,12.01,12.00,12.00,1000,10.17
2008-06-16,11.52,12.55,11.52,12.48,2800,10.57
2008-06-13,11.40,12.20,11.40,12.20,2100,10.34
2008-06-12,11.32,12.02,11.32,12.02,3000,10.18
2008-06-11,11.60,11.90,11.60,11.63,1100,9.74
2008-06-10,11.30,11.30,11.30,11.30,300,9.47
2008-06-09,11.61,11.61,11.61,11.61,200,9.73
2008-06-06,11.47,11.75,11.30,11.75,1600,9.84
2008-06-05,11.40,11.43,11.32,11.32,900,9.48
2008-06-04,11.26,11.45,11.25,11.26,1600,9.43
2008-06-03,11.25,11.54,11.25,11.54,800,9.67
2008-06-02,11.50,11.55,11.27,11.55,1300,9.68
2008-05-30,11.50,11.50,11.50,11.50,300,9.63
2008-05-29,11.50,11.69,11.50,11.69,5000,9.79
2008-05-28,11.76,11.76,11.76,11.76,000,9.85
2008-05-27,11.21,11.76,11.02,11.76,1300,9.85
2008-05-23,11.78,11.78,11.16,11.16,3800,9.35
2008-05-22,11.99,12.00,11.97,12.00,1200,10.05
2008-05-21,11.97,11.98,11.97,11.98,500,10.04
2008-05-20,11.75,11.75,11.25,11.25,400,9.42
2008-05-19,11.35,11.98,11.25,11.98,3300,10.04
2008-05-16,11.95,11.95,11.30,11.31,1700,9.47
2008-05-15,11.43,11.45,11.30,11.37,1800,9.53
2008-05-14,11.90,11.90,11.30,11.40,800,9.55
2008-05-13,11.55,11.95,11.50,11.53,1500,9.66
2008-05-12,11.53,11.55,11.52,11.55,500,9.68
2008-05-09,11.99,11.99,11.99,11.99,100,10.04
2008-05-08,11.95,11.99,11.95,11.99,600,10.04
2008-05-07,11.90,11.90,11.90,11.90,000,9.97
2008-05-06,11.25,11.99,11.25,11.90,2300,9.97
2008-05-05,11.50,11.91,11.30,11.85,4400,9.93
2008-05-02,11.98,11.98,11.18,11.55,1800,9.68
2008-05-01,11.18,11.40,11.15,11.15,5900,9.34
2008-04-30,11.01,11.15,11.01,11.15,2700,9.34
2008-04-29,11.29,11.29,11.15,11.15,4200,9.34
2008-04-28,11.76,11.79,11.25,11.25,1800,9.42
2008-04-25,11.20,11.82,11.20,11.47,2900,9.61
2008-04-24,11.15,11.15,11.15,11.15,000,9.34
2008-04-23,11.50,11.50,11.15,11.15,6200,9.34
2008-04-22,12.26,12.30,11.30,11.40,7900,9.55
2008-04-21,12.79,12.79,12.25,12.53,4000,10.50
2008-04-18,13.54,13.54,12.70,12.70,4800,10.64
2008-04-17,13.24,13.24,13.20,13.20,2400,11.06
2008-04-16,13.30,13.30,13.25,13.25,1500,11.10
2008-04-15,13.46,13.60,13.43,13.60,4200,11.39
2008-04-14,13.25,13.30,13.25,13.27,700,11.12
2008-04-11,13.25,13.25,13.25,13.25,000,11.10
2008-04-10,13.27,13.51,13.25,13.25,1100,11.10
2008-04-09,13.40,13.40,13.37,13.40,500,11.23
2008-04-08,13.20,13.29,13.20,13.29,700,11.13
2008-04-07,13.24,13.33,13.24,13.25,2500,11.10
2008-04-04,13.30,13.30,13.24,13.24,400,11.09
2008-04-03,13.56,13.56,13.26,13.27,1700,11.12
2008-04-02,13.98,13.98,13.75,13.89,1000,11.64
2008-04-01,13.52,13.56,13.50,13.50,2900,11.31
2008-03-31,13.72,13.72,13.35,13.48,900,11.29
2008-03-28,13.20,13.20,13.20,13.20,400,11.06
2008-03-27,13.60,13.60,13.40,13.47,1500,11.28
2008-03-26,13.13,13.75,13.13,13.33,1400,11.17
2008-03-25,13.15,14.50,13.10,14.50,7600,12.15
2008-03-24,12.99,13.22,12.99,13.22,600,11.07
2008-03-20,13.00,13.00,13.00,13.00,000,10.89
2008-03-19,13.00,13.00,13.00,13.00,100,10.89
2008-03-18,13.52,13.52,13.01,13.34,700,11.18
2008-03-17,12.51,12.95,12.51,12.80,1000,10.61
2008-03-14,12.89,13.41,12.85,12.86,1300,10.66
2008-03-13,12.47,13.42,12.47,13.00,9700,10.78
2008-03-12,12.62,12.89,12.40,12.46,5300,10.33
2008-03-11,13.16,13.16,12.37,12.46,29500,10.33
2008-03-10,13.39,13.60,12.29,12.87,6700,10.67
2008-03-07,13.44,13.44,12.63,12.75,9300,10.57
2008-03-06,13.15,13.59,13.10,13.44,1900,11.14
2008-03-05,13.60,13.69,13.23,13.50,1800,11.19
2008-03-04,13.87,13.88,13.49,13.49,400,11.19
2008-03-03,13.20,13.84,13.20,13.84,12100,11.48
2008-02-29,13.60,13.60,13.08,13.40,1800,11.11
2008-02-28,13.07,13.68,13.07,13.30,10700,11.03
2008-02-27,13.70,13.74,13.07,13.50,10500,11.19
2008-02-26,13.20,13.67,13.00,13.29,7500,11.02
2008-02-25,13.85,13.85,13.38,13.38,800,11.10
2008-02-22,13.98,14.00,13.97,13.99,700,11.60
2008-02-21,13.51,13.74,13.48,13.74,3100,11.39
2008-02-20,13.55,13.90,13.55,13.85,1800,11.48
2008-02-19,14.14,14.25,13.45,13.97,4300,11.58
2008-02-15,13.75,13.80,13.60,13.80,1900,11.44
2008-02-14,13.49,13.95,13.39,13.95,900,11.57
2008-02-13,13.29,14.18,13.29,13.38,3100,11.10
2008-02-12,13.99,13.99,13.68,13.69,800,11.35
2008-02-11,14.49,14.49,13.97,14.00,3800,11.61
2008-02-08,13.91,13.92,13.91,13.91,800,11.53
2008-02-07,14.33,14.33,13.20,13.50,3500,11.19
2008-02-06,14.02,14.34,13.80,14.18,6100,11.76
2008-02-05,13.89,14.05,13.05,14.05,7600,11.65
2008-02-04,12.98,13.84,12.98,13.84,12200,11.48
2008-02-01,12.53,13.00,12.53,12.98,2300,10.76
2008-01-31,12.50,12.96,12.25,12.86,2800,10.66
2008-01-30,12.50,12.50,12.50,12.50,200,10.37
2008-01-29,12.32,12.76,12.10,12.28,6800,10.18
2008-01-28,12.00,12.01,12.00,12.01,700,9.96
2008-01-25,12.12,12.12,11.88,12.12,5100,10.05
2008-01-24,11.86,12.41,11.86,12.09,900,10.03
2008-01-23,12.24,12.24,11.09,11.38,3100,9.44
2008-01-22,11.04,11.40,11.04,11.40,3400,9.45
2008-01-18,11.77,11.77,11.38,11.38,900,9.44
2008-01-17,12.45,12.45,11.69,11.69,1600,9.69
2008-01-16,12.45,12.45,12.15,12.15,3600,10.08
2008-01-15,11.00,12.90,11.00,12.69,10300,10.52
2008-01-14,11.28,11.67,11.20,11.28,5400,9.35
2008-01-11,11.47,11.52,11.28,11.28,7100,9.35
2008-01-10,11.47,11.52,11.47,11.47,2100,9.51
2008-01-09,11.90,11.90,11.48,11.52,7600,9.55
2008-01-08,12.31,12.31,11.91,12.09,1400,10.03
2008-01-07,11.92,11.99,11.91,11.91,4900,9.88
2008-01-04,11.91,12.30,11.90,12.30,2500,10.20
2008-01-03,11.97,12.00,11.97,11.98,1900,9.93
2008-01-02,11.95,11.95,11.91,11.91,1600,9.88
2007-12-31,12.00,12.01,11.98,12.00,3100,9.95
2007-12-28,12.01,12.32,12.00,12.05,4000,9.99
2007-12-27,12.45,12.45,12.09,12.14,2200,10.07
2007-12-26,12.45,12.45,12.02,12.25,2000,10.16
2007-12-24,12.30,12.68,12.02,12.68,2600,10.51
2007-12-21,12.02,12.59,12.02,12.43,6800,10.31
2007-12-20,12.03,12.34,12.02,12.19,7200,10.11
2007-12-19,12.10,12.46,12.02,12.07,5900,10.01
2007-12-18,12.38,12.75,12.12,12.12,4100,10.05
2007-12-17,12.58,12.75,12.58,12.75,2000,10.57
2007-12-14,12.40,12.75,12.25,12.63,2900,10.37
2007-12-13,12.25,12.74,12.25,12.74,400,10.46
2007-12-12,12.75,12.75,12.64,12.64,2700,10.37
2007-12-11,12.74,12.74,12.63,12.74,3000,10.46
2007-12-10,12.50,12.50,12.12,12.35,3400,10.14
2007-12-07,12.39,12.71,12.06,12.07,3000,9.91
2007-12-06,12.09,12.33,12.09,12.33,11500,10.12
2007-12-05,12.15,12.20,12.01,12.10,3100,9.93
2007-12-04,12.42,12.59,12.27,12.28,2000,10.08
2007-12-03,12.39,12.89,12.39,12.89,3700,10.58
2007-11-30,13.00,13.00,12.10,12.94,4500,10.62
2007-11-29,12.24,12.28,12.13,12.18,3200,10.00
2007-11-28,12.11,12.24,12.11,12.24,1800,10.05
2007-11-27,12.23,12.36,11.60,12.12,6100,9.95
2007-11-26,12.71,12.71,12.50,12.50,2300,10.26
2007-11-23,12.78,12.78,12.45,12.48,1000,10.24
2007-11-21,12.69,12.81,12.41,12.51,2700,10.27
2007-11-20,12.90,12.97,12.90,12.90,2900,10.59
2007-11-19,12.84,12.99,12.84,12.90,1500,10.59
2007-11-16,12.91,13.09,12.81,13.09,3000,10.74
2007-11-15,13.05,13.17,12.98,13.01,8200,10.68
2007-11-14,13.24,13.25,13.05,13.05,5800,10.71
2007-11-13,13.34,13.52,13.13,13.24,4500,10.87
2007-11-12,13.23,13.48,13.01,13.48,7000,11.06
2007-11-09,13.27,13.41,13.27,13.30,1100,10.92
2007-11-08,13.45,13.46,13.40,13.46,4600,11.05
2007-11-07,13.71,13.84,13.57,13.84,3900,11.36
2007-11-06,14.29,14.29,13.91,13.96,1600,11.46
2007-11-05,14.31,14.39,13.91,14.39,9300,11.81
2007-11-02,14.25,14.50,14.25,14.48,1800,11.88
2007-11-01,14.15,14.50,13.80,14.24,6000,11.69
2007-10-31,14.31,14.50,14.04,14.10,1900,11.57
2007-10-30,14.48,14.48,14.14,14.31,2600,11.74
2007-10-29,14.75,14.75,14.17,14.48,2500,11.88
2007-10-26,14.05,14.53,14.05,14.53,800,11.92
2007-10-25,14.00,14.54,13.50,14.54,13500,11.93
2007-10-24,14.65,14.65,14.05,14.23,6700,11.68
2007-10-23,14.60,14.75,14.60,14.69,6300,12.06
2007-10-22,14.75,14.86,14.53,14.75,8000,12.11
2007-10-19,14.20,14.84,14.20,14.84,8800,12.18
2007-10-18,14.19,14.20,14.10,14.14,1600,11.60
2007-10-17,14.21,14.31,14.19,14.19,10000,11.65
2007-10-16,14.40,14.40,14.21,14.21,8600,11.66
2007-10-15,14.42,14.42,14.22,14.25,5800,11.69
2007-10-12,14.22,14.30,14.21,14.23,2700,11.68
2007-10-11,14.42,14.42,14.21,14.25,3000,11.69
2007-10-10,14.26,14.30,14.25,14.25,1300,11.69
2007-10-09,14.25,14.25,14.21,14.24,5000,11.69
2007-10-08,14.21,14.21,14.21,14.21,200,11.66
2007-10-05,14.20,14.25,14.20,14.25,1100,11.69
2007-10-04,14.11,14.34,14.11,14.23,4400,11.68
2007-10-03,14.38,14.38,14.18,14.23,7700,11.68
2007-10-02,14.46,14.50,14.38,14.38,5700,11.80
2007-10-01,14.10,14.50,14.10,14.36,6200,11.79
2007-09-28,13.82,14.09,13.82,14.09,2100,11.56
2007-09-27,14.15,14.15,13.93,14.15,1300,11.61
2007-09-26,14.31,14.36,14.31,14.36,500,11.79
2007-09-25,14.50,14.50,14.22,14.40,5000,11.82
2007-09-24,14.54,14.54,14.34,14.51,3400,11.91
2007-09-21,14.36,14.36,14.36,14.36,300,11.79
2007-09-20,14.20,14.33,14.20,14.21,2500,11.66
2007-09-19,14.18,14.20,14.18,14.18,1100,11.64
2007-09-18,14.00,14.06,13.96,14.05,2700,11.42
2007-09-17,13.98,13.99,13.98,13.98,1400,11.37
2007-09-14,14.00,14.00,13.97,13.99,1800,11.38
2007-09-13,14.17,14.17,13.90,13.90,1100,11.30
2007-09-12,14.27,14.27,14.18,14.18,700,11.53
2007-09-11,14.18,14.30,13.90,14.09,2900,11.46
2007-09-10,14.60,14.60,14.50,14.50,700,11.79
2007-09-07,14.65,14.65,14.42,14.42,2400,11.72
2007-09-06,14.44,14.44,14.31,14.31,500,11.64
2007-09-05,14.70,14.70,14.43,14.43,300,11.73
2007-09-04,14.20,14.70,14.14,14.52,21500,11.81
2007-08-31,14.23,14.23,14.22,14.22,500,11.56
2007-08-30,13.90,14.21,13.90,13.91,3700,11.31
2007-08-29,14.08,14.08,14.08,14.08,000,11.45
2007-08-28,14.12,14.21,14.08,14.08,1700,11.45
2007-08-27,14.21,14.21,14.21,14.21,200,11.55
2007-08-24,14.24,14.24,13.95,14.22,1200,11.56
2007-08-23,14.25,14.49,14.16,14.23,6700,11.57
2007-08-22,13.85,13.97,13.85,13.97,2500,11.36
2007-08-21,14.00,14.00,13.94,13.95,3800,11.34
2007-08-20,13.99,13.99,13.80,13.95,1000,11.34
2007-08-17,13.74,13.98,13.20,13.69,1900,11.13
2007-08-16,13.10,13.59,12.99,13.44,1100,10.93
2007-08-15,13.28,13.28,13.12,13.28,4500,10.80
2007-08-14,13.10,13.28,13.10,13.27,1800,10.79
2007-08-13,13.00,13.12,13.00,13.00,1200,10.57
2007-08-10,13.06,13.06,12.92,12.92,22900,10.51
2007-08-09,13.02,13.06,13.00,13.06,1900,10.62
2007-08-08,13.33,13.85,13.02,13.65,5000,11.10
2007-08-07,13.80,13.93,13.80,13.93,2000,11.33
2007-08-06,13.90,13.90,13.80,13.90,4000,11.30
2007-08-03,13.91,13.93,13.90,13.92,1100,11.32
2007-08-02,13.86,13.87,13.85,13.85,1300,11.26
2007-08-01,13.48,14.38,13.48,14.38,700,11.69
2007-07-31,13.45,14.05,13.45,14.05,300,11.42
2007-07-30,13.87,13.87,13.75,13.75,2500,11.18
2007-07-27,13.63,14.01,13.37,13.92,6600,11.32
2007-07-26,14.06,14.06,14.02,14.02,2400,11.40
2007-07-25,14.53,14.53,14.10,14.22,1500,11.56
2007-07-24,14.21,14.75,14.21,14.25,1000,11.59
2007-07-23,14.30,14.62,14.08,14.28,4500,11.61
2007-07-20,14.11,14.54,14.11,14.54,800,11.82
2007-07-19,14.06,14.06,14.00,14.00,400,11.38
2007-07-18,13.75,14.75,13.75,14.04,3200,11.42
2007-07-17,14.07,14.32,13.86,14.15,3700,11.51
2007-07-16,14.27,14.29,14.17,14.17,5100,11.52
2007-07-13,14.39,14.40,14.39,14.40,1200,11.71
2007-07-12,14.35,14.56,14.30,14.52,1200,11.81
2007-07-11,14.37,14.39,14.30,14.39,600,11.70
2007-07-10,14.39,14.39,14.27,14.27,4000,11.60
2007-07-09,14.09,14.59,14.09,14.49,800,11.78
2007-07-06,14.09,14.52,14.09,14.19,8800,11.54
2007-07-05,14.24,14.33,14.23,14.24,4400,11.58
2007-07-03,14.50,14.51,14.41,14.41,1900,11.72
2007-07-02,14.66,14.74,14.50,14.50,5500,11.79
2007-06-29,14.61,14.61,14.48,14.50,1600,11.79
2007-06-28,14.47,14.75,14.47,14.75,8600,11.99
2007-06-27,14.74,14.74,14.68,14.68,700,11.94
2007-06-26,14.22,14.75,14.12,14.75,13900,11.99
2007-06-25,13.91,14.09,13.91,14.06,3200,11.43
2007-06-22,14.12,14.12,13.91,13.91,2700,11.31
2007-06-21,14.00,14.05,13.78,14.00,4900,11.38
2007-06-20,14.00,14.00,13.98,13.98,700,11.37
2007-06-19,13.69,14.15,13.69,13.96,10300,11.35
2007-06-18,14.05,14.05,14.00,14.00,1900,11.38
2007-06-15,14.18,14.23,14.00,14.15,1400,11.51
2007-06-14,13.98,14.15,13.98,14.01,11100,11.39
2007-06-13,14.01,14.02,14.00,14.02,2800,11.40
2007-06-12,13.94,14.14,13.94,14.00,3400,11.28
2007-06-11,14.11,14.11,14.11,14.11,100,11.37
2007-06-08,13.90,14.10,13.90,14.00,3700,11.28
2007-06-07,14.01,14.14,14.01,14.01,4000,11.29
2007-06-06,14.00,14.12,13.93,14.12,5900,11.37
2007-06-05,14.03,14.12,13.96,14.00,1300,11.28
2007-06-04,14.11,14.25,14.11,14.21,2100,11.45
2007-06-01,14.05,14.23,13.93,14.23,3700,11.46
2007-05-31,14.15,14.15,14.14,14.15,800,11.40
2007-05-30,13.84,14.16,13.84,14.14,3400,11.39
2007-05-29,13.90,13.99,13.87,13.99,700,11.27
2007-05-25,13.60,14.16,13.58,13.76,1900,11.08
2007-05-24,13.26,13.59,13.26,13.58,7100,10.94
2007-05-23,13.05,13.26,13.05,13.26,1900,10.68
2007-05-22,13.00,13.11,12.71,13.05,36700,10.51
2007-05-21,13.38,13.38,13.07,13.16,6800,10.60
2007-05-18,13.55,13.60,13.55,13.60,800,10.96
2007-05-17,13.45,13.60,13.37,13.47,4300,10.85
2007-05-16,13.37,13.75,13.37,13.67,3700,11.01
2007-05-15,14.59,14.59,13.97,14.00,3200,11.28
2007-05-14,14.51,14.60,14.24,14.59,2300,11.75
2007-05-11,14.65,14.65,14.37,14.48,1500,11.66
2007-05-10,14.70,14.80,14.66,14.71,8000,11.85
2007-05-09,14.74,14.74,14.74,14.74,900,11.87
2007-05-08,14.75,14.89,14.75,14.87,1700,11.98
2007-05-07,14.69,14.78,14.68,14.75,8300,11.88
2007-05-04,14.74,14.90,14.74,14.81,4600,11.93
2007-05-03,14.83,14.83,14.83,14.83,200,11.95
2007-05-02,14.93,14.97,14.84,14.84,1100,11.95
2007-05-01,14.76,14.94,14.67,14.94,4800,12.03
2007-04-30,14.76,14.76,14.75,14.76,5500,11.89
2007-04-27,14.89,14.92,14.44,14.86,5900,11.97
2007-04-26,14.82,14.82,14.75,14.75,1100,11.88
2007-04-25,14.80,14.89,14.70,14.83,2600,11.95
2007-04-24,15.13,15.14,15.00,15.03,1400,12.11
2007-04-23,15.00,15.13,14.90,15.13,12900,12.19
2007-04-20,15.49,15.57,14.60,14.87,12800,11.98
2007-04-19,15.53,15.53,15.48,15.48,300,12.47
2007-04-18,15.55,15.55,15.38,15.47,1300,12.46
2007-04-17,15.57,15.94,15.57,15.59,5200,12.56
2007-04-16,15.56,15.56,15.38,15.42,5600,12.42
2007-04-13,15.50,15.50,15.34,15.34,13000,12.36
2007-04-12,15.15,15.64,14.75,15.53,18600,12.51
2007-04-11,15.23,15.23,15.23,15.23,000,12.27
2007-04-10,15.18,15.28,15.18,15.23,1800,12.27
2007-04-09,15.16,15.28,15.15,15.28,3400,12.31
2007-04-05,15.25,15.28,15.24,15.24,1000,12.28
2007-04-04,15.20,15.25,15.20,15.23,1000,12.27
2007-04-03,15.17,15.17,15.15,15.15,1600,12.20
2007-04-02,15.21,15.43,15.08,15.28,6900,12.31
2007-03-30,15.32,15.34,15.32,15.34,800,12.36
2007-03-29,15.24,15.24,15.24,15.24,000,12.28
2007-03-28,15.23,15.28,15.23,15.24,800,12.28
2007-03-27,15.35,15.35,15.29,15.34,700,12.36
2007-03-26,15.30,15.47,15.16,15.30,6200,12.32
2007-03-23,15.12,15.25,15.12,15.19,3600,12.24
2007-03-22,14.75,15.05,14.75,15.05,3200,12.12
2007-03-21,15.08,15.10,14.92,15.10,3600,12.16
2007-03-20,15.20,15.35,15.00,15.17,6400,12.12
2007-03-19,15.28,15.34,15.25,15.34,1500,12.25
2007-03-16,15.00,15.41,14.99,15.35,7300,12.26
2007-03-15,15.16,15.24,15.00,15.00,6100,11.98
2007-03-14,15.35,15.35,15.27,15.27,1400,12.20
2007-03-13,15.19,15.21,15.15,15.21,800,12.15
2007-03-12,15.09,15.20,15.09,15.20,4500,12.14
2007-03-09,15.27,15.28,15.27,15.28,300,12.20
2007-03-08,15.29,15.29,15.24,15.25,700,12.18
2007-03-07,15.20,15.37,15.17,15.26,7000,12.19
2007-03-06,15.24,15.24,15.11,15.13,4100,12.08
2007-03-05,14.96,15.00,14.80,15.00,2700,11.98
2007-03-02,14.99,15.15,14.90,14.90,6500,11.90
2007-03-01,15.00,15.01,14.75,15.01,8000,11.99
2007-02-28,14.98,15.05,14.98,15.01,3500,11.99
2007-02-27,14.83,15.00,14.75,15.00,3600,11.98
2007-02-26,14.95,15.00,14.90,14.98,2300,11.96
2007-02-23,14.85,15.00,14.76,15.00,10700,11.98
2007-02-22,14.75,14.82,14.75,14.82,12500,11.84
2007-02-21,14.75,14.75,14.70,14.71,3300,11.75
2007-02-20,14.75,14.75,14.67,14.71,2300,11.75
2007-02-16,14.55,14.75,14.55,14.67,5900,11.72
2007-02-15,14.70,14.70,14.60,14.67,6700,11.72
2007-02-14,14.66,14.70,14.65,14.66,2600,11.71
2007-02-13,14.55,14.69,14.38,14.65,11100,11.70
2007-02-12,14.50,14.50,14.36,14.49,3100,11.57
2007-02-09,14.25,14.42,14.20,14.40,9300,11.50
2007-02-08,14.43,14.43,14.33,14.33,700,11.44
2007-02-07,14.23,14.35,14.20,14.35,6100,11.46
2007-02-06,14.12,14.22,14.03,14.21,1600,11.35
2007-02-05,14.25,14.25,14.00,14.00,4700,11.18
2007-02-02,14.00,14.16,13.98,14.14,2200,11.29
2007-02-01,13.81,14.04,13.81,13.97,3800,11.16
2007-01-31,14.15,14.25,13.53,13.97,12400,11.16
2007-01-30,14.15,14.15,14.02,14.15,4900,11.30
2007-01-29,13.86,14.15,13.81,14.15,9000,11.30
2007-01-26,13.75,13.76,13.75,13.76,5900,10.99
2007-01-25,13.65,13.75,13.65,13.75,2800,10.98
2007-01-24,13.50,13.69,13.50,13.60,4200,10.86
2007-01-23,13.50,13.50,13.48,13.50,5600,10.78
2007-01-22,13.41,13.49,13.35,13.48,9200,10.77
2007-01-19,13.25,13.29,13.19,13.29,9100,10.61
2007-01-18,13.24,13.25,13.09,13.16,5300,10.51
2007-01-17,12.85,13.00,12.85,13.00,1600,10.38
2007-01-16,12.90,13.01,12.83,13.00,9000,10.38
2007-01-12,12.72,12.73,12.68,12.73,5200,10.17
2007-01-11,12.70,12.75,12.60,12.70,3900,10.14
2007-01-10,12.71,12.74,12.68,12.73,3700,10.17
2007-01-09,12.93,12.93,12.61,12.71,1500,10.15
2007-01-08,12.55,12.63,12.55,12.60,3700,10.06
2007-01-05,12.62,12.80,12.62,12.63,6100,10.09
2007-01-04,12.57,12.72,12.53,12.62,15900,10.08
2007-01-03,12.52,12.75,12.51,12.52,22800,10.00
2006-12-29,12.62,12.62,12.50,12.58,4800,10.05
2006-12-28,12.50,12.52,12.46,12.52,33100,10.00
2006-12-27,12.45,12.48,12.43,12.43,22000,9.93
2006-12-26,12.39,12.47,12.39,12.45,2500,9.94
2006-12-22,12.30,12.67,12.30,12.33,4500,9.85
2006-12-21,12.47,12.57,12.39,12.40,9400,9.90
2006-12-20,12.59,12.62,12.35,12.35,9200,9.86
2006-12-19,12.55,12.65,12.55,12.64,2300,10.09
2006-12-18,12.65,12.65,12.50,12.60,2300,9.96
2006-12-15,12.62,12.65,12.52,12.52,7900,9.90
2006-12-14,12.52,12.65,12.49,12.65,9300,10.00
2006-12-13,12.30,12.43,12.30,12.39,5200,9.79
2006-12-12,12.52,12.63,12.41,12.45,5200,9.84
2006-12-11,12.53,12.65,12.53,12.65,2000,10.00
2006-12-08,12.59,12.65,12.52,12.65,4900,10.00
2006-12-07,12.55,12.55,12.51,12.52,1100,9.90
2006-12-06,12.52,12.60,12.50,12.60,1500,9.96
2006-12-05,12.70,12.70,12.56,12.56,5700,9.93
2006-12-04,12.53,12.73,12.50,12.73,12900,10.06
2006-12-01,12.50,12.59,12.50,12.59,6300,9.95
2006-11-30,12.60,12.60,12.50,12.59,1200,9.95
2006-11-29,12.60,12.60,12.55,12.60,5300,9.96
2006-11-28,12.51,12.60,12.50,12.54,2700,9.91
2006-11-27,12.65,12.65,12.56,12.56,10200,9.93
2006-11-24,12.70,12.70,12.63,12.63,1500,9.98
2006-11-22,12.62,12.70,12.62,12.62,2600,9.97
2006-11-21,12.60,12.65,12.60,12.61,5300,9.97
2006-11-20,12.53,12.64,12.53,12.60,6900,9.96
2006-11-17,12.48,12.53,12.45,12.52,4900,9.90
2006-11-16,12.24,12.45,12.22,12.40,6500,9.80
2006-11-15,12.17,12.24,12.10,12.13,5500,9.59
2006-11-14,12.00,12.10,11.96,12.04,4500,9.52
2006-11-13,11.81,12.00,11.81,12.00,15000,9.48
2006-11-10,11.88,12.00,11.85,11.85,9200,9.37
2006-11-09,11.88,11.88,11.78,11.78,1800,9.31
2006-11-08,11.80,11.81,11.60,11.80,7400,9.33
2006-11-07,12.00,12.00,11.55,11.91,8200,9.41
2006-11-06,12.26,12.26,12.00,12.01,3600,9.49
2006-11-03,12.27,12.27,12.00,12.10,5900,9.56
2006-11-02,12.60,12.60,11.88,12.12,16500,9.58
2006-11-01,12.76,12.76,12.45,12.52,7000,9.90
2006-10-31,12.73,12.75,12.62,12.65,7700,10.00
2006-10-30,12.60,12.95,12.46,12.46,9700,9.85
2006-10-27,12.60,12.60,12.50,12.54,5200,9.91
2006-10-26,12.77,12.77,12.53,12.54,5900,9.91
2006-10-25,12.80,12.90,12.67,12.67,11500,10.01
2006-10-24,12.90,12.90,12.69,12.80,8000,10.12
2006-10-23,12.97,12.97,12.88,12.90,8900,10.20
2006-10-20,12.90,13.00,12.88,12.88,9900,10.18
2006-10-19,13.09,13.09,12.98,13.00,8600,10.28
2006-10-18,13.19,13.19,12.98,12.99,10200,10.27
2006-10-17,13.20,13.20,12.97,13.00,9400,10.28
2006-10-16,13.26,13.26,12.94,13.00,11500,10.28
2006-10-13,13.11,13.11,12.95,13.00,3000,10.28
2006-10-12,13.15,13.15,12.98,13.00,4000,10.28
2006-10-11,13.02,13.02,12.94,13.00,3100,10.28
2006-10-10,13.00,13.00,13.00,13.00,1200,10.28
2006-10-09,13.00,13.00,12.95,13.00,2200,10.28
2006-10-06,13.00,13.00,12.97,13.00,7300,10.28
2006-10-05,13.00,13.00,12.90,13.00,2800,10.28
2006-10-04,13.00,13.00,12.97,13.00,1500,10.28
2006-10-03,13.00,13.04,13.00,13.04,13000,10.31
2006-10-02,13.11,13.11,12.99,12.99,6800,10.27
2006-09-29,13.10,13.15,13.00,13.00,5500,10.28
2006-09-28,13.10,13.50,13.10,13.10,5300,10.35
2006-09-27,13.32,13.32,13.05,13.10,2500,10.35
2006-09-26,13.37,13.43,13.30,13.38,6100,10.58
2006-09-25,13.40,13.53,13.30,13.30,4700,10.51
2006-09-22,13.40,13.47,13.30,13.31,3900,10.52
2006-09-21,13.32,13.59,13.30,13.36,9700,10.56
2006-09-20,13.25,13.40,13.17,13.17,8100,10.41
2006-09-19,13.11,13.23,12.96,13.20,11100,10.43
2006-09-18,13.25,13.30,13.02,13.04,17200,10.20
2006-09-15,12.99,13.11,12.90,13.00,2400,10.17
2006-09-14,12.95,13.00,12.90,12.94,2400,10.13
2006-09-13,12.96,12.96,12.90,12.90,600,10.09
2006-09-12,12.76,12.95,12.76,12.84,3200,10.05
2006-09-11,12.90,12.93,12.74,12.75,2900,9.98
2006-09-08,12.75,12.75,12.64,12.65,5100,9.90
2006-09-07,12.95,12.96,12.64,12.75,4200,9.98
2006-09-06,12.95,13.00,12.95,13.00,1400,10.17
2006-09-05,12.90,13.33,12.86,13.00,6100,10.17
2006-09-01,12.80,12.90,12.80,12.85,5100,10.06
2006-08-31,12.90,12.90,12.70,12.70,1300,9.94
2006-08-30,12.75,12.92,12.75,12.90,1800,10.09
2006-08-29,12.85,12.85,12.75,12.75,2000,9.98
2006-08-28,13.00,13.25,12.77,12.80,3000,10.02
2006-08-25,12.92,12.95,12.92,12.94,26400,10.13
2006-08-24,12.92,12.92,12.92,12.92,000,10.11
2006-08-23,12.92,12.92,12.92,12.92,000,10.11
2006-08-22,12.74,12.92,12.62,12.92,6500,10.11
2006-08-21,12.90,12.95,12.68,12.89,3600,10.09
2006-08-18,12.95,12.95,12.60,12.70,1200,9.94
2006-08-17,12.95,12.95,12.95,12.95,000,10.13
2006-08-16,13.02,13.02,12.69,12.95,10800,10.13
2006-08-15,13.00,13.00,12.58,12.81,2000,10.02
2006-08-14,12.75,12.75,12.75,12.75,800,9.98
2006-08-11,12.74,12.75,12.74,12.74,400,9.97
2006-08-10,12.50,12.73,12.50,12.62,1800,9.88
2006-08-09,13.23,13.25,12.49,12.75,7400,9.98
2006-08-08,12.85,12.85,12.85,12.85,000,10.06
2006-08-07,12.85,13.06,12.53,12.85,4000,10.06
2006-08-04,12.46,12.70,12.46,12.70,200,9.94
2006-08-03,12.75,12.75,12.02,12.75,2900,9.98
2006-08-02,12.75,12.75,12.72,12.75,6500,9.98
2006-08-01,12.49,12.75,12.36,12.75,2100,9.98
2006-07-31,12.45,12.45,12.45,12.45,300,9.74
2006-07-28,12.37,12.45,12.29,12.45,4600,9.74
2006-07-27,12.69,12.69,12.18,12.46,2400,9.75
2006-07-26,12.84,12.84,12.84,12.84,400,10.05
2006-07-25,12.82,12.82,12.72,12.72,500,9.95
2006-07-24,12.72,12.84,12.61,12.62,1900,9.88
2006-07-21,12.60,12.80,12.60,12.80,2700,10.02
2006-07-20,12.83,12.83,12.83,12.83,000,10.04
2006-07-19,12.56,12.83,12.56,12.83,1000,10.04
2006-07-18,12.80,12.82,12.51,12.75,4900,9.98
2006-07-17,12.72,12.80,12.72,12.75,2300,9.98
2006-07-14,12.74,12.74,12.72,12.72,800,9.95
2006-07-13,12.75,12.75,12.75,12.75,000,9.98
2006-07-12,12.78,12.78,12.50,12.75,14800,9.98
2006-07-11,12.85,12.85,12.50,12.50,4100,9.78
2006-07-10,12.85,12.85,12.85,12.85,300,10.06
2006-07-07,12.98,12.99,12.72,12.98,7400,10.16
2006-07-06,12.74,12.76,12.74,12.76,500,9.99
2006-07-05,12.81,12.81,12.61,12.75,1800,9.98
2006-07-03,12.92,13.10,12.80,13.00,2500,10.17
2006-06-30,13.00,13.00,12.98,13.00,1300,10.17
2006-06-29,13.00,13.00,13.00,13.00,400,10.17
2006-06-28,12.94,13.00,12.94,12.94,1100,10.13
2006-06-27,12.81,12.98,12.80,12.80,700,10.02
2006-06-26,13.10,13.10,12.94,12.94,400,10.13
2006-06-23,13.09,13.09,13.09,13.09,600,10.24
2006-06-22,12.90,12.99,12.90,12.99,1200,10.17
2006-06-21,12.95,13.00,12.95,13.00,3400,10.17
2006-06-20,12.95,13.00,12.95,12.95,1200,10.13
2006-06-19,13.08,13.08,12.86,12.88,2800,10.08
2006-06-16,13.05,13.05,13.05,13.05,11000,10.21
2006-06-15,12.96,13.05,12.96,13.05,4000,10.21
2006-06-14,13.00,13.08,12.81,12.98,7300,10.16
2006-06-13,13.00,13.07,13.00,13.07,1100,10.13
2006-06-12,13.27,13.27,12.80,13.00,17700,10.07
2006-06-09,13.03,13.20,13.00,13.05,9000,10.11
2006-06-08,13.04,13.07,13.03,13.07,1500,10.13
2006-06-07,13.22,13.24,12.99,13.15,1900,10.19
2006-06-06,12.90,12.90,12.90,12.90,500,9.99
2006-06-05,12.80,13.42,12.80,13.42,700,10.40
2006-06-02,12.93,12.93,12.91,12.91,600,10.00
2006-06-01,13.40,13.40,13.30,13.40,500,10.38
2006-05-31,13.00,13.20,13.00,13.20,1200,10.23
2006-05-30,13.01,13.01,13.01,13.01,200,10.08
2006-05-26,13.20,13.20,13.20,13.20,1100,10.23
2006-05-25,13.17,13.20,13.17,13.20,3100,10.23
2006-05-24,13.12,13.18,13.12,13.17,700,10.20
2006-05-23,13.00,13.40,12.98,13.20,1600,10.23
2006-05-22,13.00,13.00,12.87,13.00,4300,10.07
2006-05-19,13.05,13.07,12.99,13.00,6900,10.07
2006-05-18,13.00,13.00,12.01,13.00,7600,10.07
2006-05-17,13.27,13.45,12.45,13.07,2500,10.13
2006-05-16,13.30,13.50,13.30,13.50,1900,10.46
2006-05-15,13.40,13.42,13.40,13.42,800,10.40
2006-05-12,13.58,13.58,13.30,13.30,600,10.30
2006-05-11,13.42,13.60,13.28,13.28,3800,10.29
2006-05-10,13.40,13.60,13.40,13.41,2100,10.39
2006-05-09,13.34,13.34,13.34,13.34,3300,10.34
2006-05-08,13.31,13.50,13.22,13.27,3700,10.28
2006-05-05,13.40,13.40,13.40,13.40,1000,10.38
2006-05-04,13.40,13.40,13.21,13.40,8800,10.38
2006-05-03,13.58,13.58,13.47,13.52,3200,10.47
2006-05-02,13.59,13.59,13.30,13.46,8600,10.43
2006-05-01,13.50,13.55,13.41,13.41,2500,10.39
2006-04-28,13.75,13.75,13.55,13.55,10100,10.50
2006-04-27,13.70,13.70,13.69,13.70,5600,10.61
2006-04-26,13.70,13.70,13.60,13.70,1300,10.61
2006-04-25,13.64,13.70,13.64,13.64,6800,10.57
2006-04-24,13.71,13.71,13.65,13.65,1800,10.58
2006-04-21,13.71,13.78,13.66,13.78,7500,10.68
2006-04-20,13.80,13.85,13.72,13.72,12100,10.63
2006-04-19,13.65,13.65,13.50,13.50,11500,10.46
2006-04-18,13.53,13.75,13.53,13.70,8000,10.61
2006-04-17,13.37,13.65,13.37,13.53,7300,10.48
2006-04-13,13.55,13.55,13.25,13.25,230400,10.27
2006-04-12,13.58,13.65,13.56,13.56,2000,10.51
2006-04-11,13.65,13.68,13.56,13.68,3800,10.60
2006-04-10,13.72,13.75,13.66,13.66,1500,10.58
2006-04-07,13.69,13.80,13.69,13.72,500,10.63
2006-04-06,13.75,13.75,13.65,13.75,16300,10.65
2006-04-05,13.52,14.10,13.52,13.65,9200,10.58
2006-04-04,13.61,13.75,13.61,13.75,2000,10.65
2006-04-03,13.75,13.82,13.72,13.75,4200,10.65
2006-03-31,13.84,13.84,13.75,13.80,3000,10.69
2006-03-30,13.99,13.99,13.76,13.76,1500,10.66
2006-03-29,13.95,13.95,13.81,13.85,12900,10.73
2006-03-28,13.99,13.99,13.81,13.85,8700,10.73
2006-03-27,13.93,13.93,13.83,13.85,15500,10.73
2006-03-24,13.85,13.85,13.85,13.85,500,10.73
2006-03-23,14.00,14.00,14.00,14.00,100,10.85
2006-03-22,13.77,13.90,13.77,13.90,4100,10.77
2006-03-21,13.90,13.90,13.89,13.90,200,10.77
2006-03-20,13.90,13.90,13.81,13.81,6500,10.70
2006-03-17,13.81,13.90,13.81,13.81,2000,10.70
2006-03-16,14.10,14.29,13.75,13.75,2800,10.65
2006-03-15,13.67,14.72,13.67,14.10,2200,10.92
2006-03-14,14.30,14.30,14.10,14.10,4000,10.82
2006-03-13,14.10,14.18,14.00,14.00,8600,10.75
2006-03-10,14.25,14.25,14.10,14.24,2100,10.93
2006-03-09,14.16,14.16,14.16,14.16,200,10.87
2006-03-08,14.30,14.30,14.10,14.10,700,10.82
2006-03-07,14.19,14.30,14.19,14.30,400,10.98
2006-03-06,14.10,14.84,14.10,14.37,4000,11.03
2006-03-03,14.17,14.25,14.15,14.20,4500,10.90
2006-03-02,14.50,14.50,14.15,14.15,1400,10.86
2006-03-01,14.22,14.43,14.15,14.41,17700,11.06
2006-02-28,14.15,14.24,14.15,14.15,2200,10.86
2006-02-27,14.15,14.29,14.15,14.15,700,10.86
2006-02-24,14.21,14.21,14.15,14.15,200,10.86
2006-02-23,14.22,14.22,14.22,14.22,200,10.92
2006-02-22,14.20,14.20,14.15,14.20,500,10.90
2006-02-21,14.20,14.20,14.15,14.15,700,10.86
2006-02-17,14.29,14.29,14.15,14.15,2200,10.86
2006-02-16,14.28,14.49,14.28,14.49,700,11.12
2006-02-15,14.28,14.46,14.28,14.29,400,10.97
2006-02-14,14.28,14.28,14.28,14.28,000,10.96
2006-02-13,14.28,14.28,14.28,14.28,1900,10.96
2006-02-10,14.30,14.31,14.28,14.28,2700,10.96
2006-02-09,14.28,14.48,14.28,14.29,1800,10.97
2006-02-08,14.39,14.39,14.28,14.28,500,10.96
2006-02-07,14.39,14.39,14.39,14.39,100,11.05
2006-02-06,14.45,14.57,14.28,14.28,1000,10.96
2006-02-03,14.42,14.42,14.42,14.42,100,11.07
2006-02-02,14.26,14.26,14.25,14.25,400,10.94
2006-02-01,14.40,14.40,14.40,14.40,000,11.05
2006-01-31,14.35,14.44,14.15,14.40,800,11.05
2006-01-30,14.35,14.35,14.11,14.12,900,10.84
2006-01-27,14.35,14.35,14.10,14.10,2000,10.82
2006-01-26,14.26,14.26,14.14,14.25,800,10.94
2006-01-25,14.05,14.28,13.87,14.28,3500,10.96
2006-01-24,14.50,14.50,14.50,14.50,1700,11.13
2006-01-23,14.06,14.40,14.06,14.40,700,11.05
2006-01-20,14.00,14.50,14.00,14.50,1300,11.13
2006-01-19,14.02,14.75,14.02,14.48,2600,11.11
2006-01-18,13.96,14.18,13.95,14.18,1200,10.88
2006-01-17,13.98,14.25,13.98,14.25,700,10.94
2006-01-13,14.26,14.26,14.16,14.26,400,10.95
2006-01-12,14.49,14.49,14.26,14.26,2200,10.95
2006-01-11,14.29,14.49,14.29,14.49,2100,11.12
2006-01-10,13.90,14.60,13.90,14.60,15600,11.21
2006-01-09,14.05,14.05,13.95,13.97,18900,10.72
2006-01-06,13.95,14.10,13.95,13.97,13300,10.72
2006-01-05,14.12,14.14,14.00,14.00,2200,10.75
2006-01-04,14.40,14.40,14.07,14.25,5700,10.94
2006-01-03,13.95,14.40,13.95,14.40,16600,11.05
2005-12-30,14.00,14.29,13.95,14.07,1600,10.80
2005-12-29,14.00,14.36,14.00,14.15,1400,10.86
2005-12-28,14.25,14.25,14.25,14.25,600,10.94
2005-12-27,13.95,14.06,13.95,13.98,3800,10.73
2005-12-23,14.20,14.20,14.16,14.19,1200,10.89
2005-12-22,13.97,14.20,13.97,14.20,7600,10.90
2005-12-21,14.00,14.09,13.95,14.06,21000,10.79
2005-12-20,13.94,14.21,13.94,14.21,2800,10.91
2005-12-19,14.20,14.34,14.14,14.34,3900,10.91
2005-12-16,14.22,14.50,14.10,14.10,26800,10.73
2005-12-15,14.20,14.50,14.20,14.49,1800,11.02
2005-12-14,14.50,14.50,14.50,14.50,100,11.03
2005-12-13,14.20,14.20,14.20,14.20,200,10.80
2005-12-12,14.50,14.50,14.30,14.30,7900,10.88
2005-12-09,14.50,14.50,14.35,14.35,700,10.92
2005-12-08,14.31,14.35,14.15,14.35,1700,10.92
2005-12-07,14.50,14.50,14.31,14.31,400,10.88
2005-12-06,14.85,15.00,14.28,14.46,5100,11.00
2005-12-05,14.50,14.50,14.10,14.21,5800,10.81
2005-12-02,14.35,14.35,14.35,14.35,200,10.92
2005-12-01,13.90,14.05,13.90,14.00,1100,10.65
2005-11-30,13.90,13.97,13.90,13.97,700,10.63
2005-11-29,14.30,14.30,14.30,14.30,2700,10.88
2005-11-28,14.10,14.10,14.10,14.10,400,10.73
2005-11-25,14.09,14.09,14.09,14.09,000,10.72
2005-11-23,13.56,14.09,13.56,14.09,600,10.72
2005-11-22,14.02,14.10,14.02,14.02,900,10.66
2005-11-21,14.05,14.22,14.05,14.05,800,10.69
2005-11-18,14.01,14.01,13.90,13.90,200,10.57
2005-11-17,14.10,14.10,14.10,14.10,000,10.73
2005-11-16,14.03,14.10,14.02,14.10,400,10.73
2005-11-15,14.14,14.22,14.02,14.20,2600,10.80
2005-11-14,14.58,14.64,14.12,14.12,2200,10.74
2005-11-11,14.40,14.40,14.20,14.20,1700,10.80
2005-11-10,14.20,14.20,14.20,14.20,000,10.80
2005-11-09,14.36,14.36,14.20,14.20,2500,10.80
2005-11-08,14.32,14.56,14.31,14.56,1600,11.07
2005-11-07,14.74,14.75,14.32,14.32,900,10.89
2005-11-04,14.33,14.33,14.33,14.33,000,10.90
2005-11-03,14.45,14.53,14.33,14.33,2000,10.90
2005-11-02,14.32,14.32,14.32,14.32,000,10.89
2005-11-01,14.43,14.43,14.32,14.32,1200,10.89
2005-10-31,14.65,14.78,14.32,14.60,7000,11.11
2005-10-28,14.39,14.85,14.39,14.50,4300,11.03
2005-10-27,14.49,14.95,14.45,14.95,14000,11.37
2005-10-26,14.49,14.49,14.49,14.49,1000,11.02
2005-10-25,14.67,14.67,14.67,14.67,000,11.16
2005-10-24,14.49,14.68,14.49,14.67,1900,11.16
2005-10-21,14.52,14.52,14.49,14.49,1700,11.02
2005-10-20,14.53,14.65,14.51,14.59,5700,11.10
2005-10-19,14.61,14.75,14.51,14.62,6000,11.12
2005-10-18,14.75,14.75,14.50,14.57,10300,11.08
2005-10-17,14.51,14.75,14.51,14.70,8900,11.18
2005-10-14,14.70,14.76,14.70,14.75,2000,11.22
2005-10-13,14.73,14.78,14.70,14.75,12900,11.22
2005-10-12,14.51,14.77,14.51,14.75,16900,11.22
2005-10-11,14.54,14.54,14.54,14.54,200,11.06
2005-10-10,14.74,14.75,14.54,14.54,9000,11.06
2005-10-07,14.85,14.85,14.56,14.75,1900,11.22
2005-10-06,14.85,14.85,14.85,14.85,300,11.30
2005-10-05,14.85,14.85,14.85,14.85,700,11.30
2005-10-04,15.00,15.00,14.51,14.51,2600,11.04
2005-10-03,15.47,15.47,15.00,15.00,1500,11.41
2005-09-30,15.51,15.51,15.02,15.02,900,11.42
2005-09-29,14.54,14.89,14.54,14.89,1000,11.33
2005-09-28,14.54,14.59,14.50,14.50,400,11.03
2005-09-27,14.48,14.54,14.44,14.44,3300,10.98
2005-09-26,14.42,14.49,14.18,14.40,11100,10.95
2005-09-23,14.40,14.45,14.40,14.40,7300,10.95
2005-09-22,14.25,14.49,14.25,14.49,700,11.02
2005-09-21,14.17,14.17,14.17,14.17,100,10.78
2005-09-20,14.65,14.65,14.32,14.32,1200,10.89
2005-09-19,14.60,14.90,14.51,14.85,5700,11.20
2005-09-16,14.93,14.94,14.68,14.79,3300,11.15
2005-09-15,14.91,14.91,14.75,14.83,400,11.18
2005-09-14,14.60,14.60,14.60,14.60,1300,11.01
2005-09-13,14.75,14.75,14.75,14.75,200,11.12
2005-09-12,14.95,14.95,14.61,14.93,600,11.26
2005-09-09,14.74,14.74,14.74,14.74,100,11.11
2005-09-08,14.41,14.45,14.30,14.45,700,10.90
2005-09-07,14.68,14.68,14.68,14.68,700,11.07
2005-09-06,14.51,14.63,14.49,14.52,600,10.95
2005-09-02,14.76,14.76,14.75,14.75,3100,11.12
2005-09-01,14.40,14.94,14.40,14.94,300,11.26
2005-08-31,14.49,14.51,14.49,14.50,6300,10.93
2005-08-30,14.49,14.49,14.40,14.49,6300,10.93
2005-08-29,14.75,14.75,14.26,14.36,1900,10.83
2005-08-26,14.60,14.70,14.51,14.70,6700,11.08
2005-08-25,14.60,14.60,14.37,14.37,4500,10.83
2005-08-24,14.60,14.75,14.45,14.75,10100,11.12
2005-08-23,14.60,14.61,14.60,14.60,4300,11.01
2005-08-22,14.60,14.70,14.22,14.22,10500,10.72
2005-08-19,14.27,14.60,14.27,14.30,4100,10.78
2005-08-18,14.60,14.60,14.60,14.60,500,11.01
2005-08-17,14.85,14.90,14.60,14.60,3000,11.01
2005-08-16,14.50,14.50,14.25,14.30,2900,10.78
2005-08-15,14.30,14.30,14.25,14.30,13000,10.78
2005-08-12,14.60,14.62,14.30,14.30,15200,10.78
2005-08-11,14.60,14.89,14.47,14.51,2200,10.94
2005-08-10,14.60,14.75,14.60,14.61,1300,11.02
2005-08-09,14.90,14.90,14.60,14.60,700,11.01
2005-08-08,14.90,14.90,14.90,14.90,000,11.23
2005-08-05,14.91,15.00,14.90,14.90,2300,11.23
2005-08-04,14.59,14.81,14.59,14.81,400,11.17
2005-08-03,14.55,14.85,14.53,14.72,1800,11.10
2005-08-02,14.32,14.89,14.32,14.59,2900,11.00
2005-08-01,14.69,14.74,14.69,14.74,200,11.11
2005-07-29,14.41,14.50,14.40,14.50,1100,10.93
2005-07-28,14.70,14.90,14.30,14.90,4300,11.23
2005-07-27,14.16,14.50,14.16,14.50,800,10.93
2005-07-26,15.00,15.00,14.31,14.31,4500,10.79
2005-07-25,15.00,15.18,15.00,15.09,1100,11.38
2005-07-22,14.90,14.90,14.90,14.90,000,11.23
2005-07-21,14.90,14.90,14.90,14.90,000,11.23
2005-07-20,14.90,14.90,14.80,14.90,3200,11.23
2005-07-19,14.93,14.93,14.61,14.90,800,11.23
2005-07-18,15.00,15.00,14.74,14.93,2000,11.26
2005-07-15,14.25,15.00,14.20,14.72,2900,11.10
2005-07-14,14.20,14.26,14.20,14.26,900,10.75
2005-07-13,14.55,14.55,14.55,14.55,100,10.97
2005-07-12,14.61,14.61,14.61,14.61,200,11.02
2005-07-11,14.74,14.75,14.74,14.75,700,11.12
2005-07-08,14.40,14.69,14.30,14.36,1400,10.83
2005-07-07,14.39,14.40,14.39,14.39,700,10.85
2005-07-06,14.08,14.08,14.08,14.08,000,10.62
2005-07-05,14.17,14.17,14.00,14.08,1900,10.62
2005-07-01,14.40,14.40,14.12,14.12,1800,10.65
2005-06-30,14.40,14.40,14.07,14.30,1400,10.78
2005-06-29,14.31,14.40,14.31,14.40,200,10.86
2005-06-28,14.35,14.36,14.02,14.13,12700,10.56
2005-06-27,15.00,15.00,14.37,14.37,7500,10.74
2005-06-24,14.40,15.00,14.40,14.71,400,10.99
2005-06-23,14.00,15.00,14.00,15.00,1000,11.21
2005-06-22,15.00,15.00,15.00,15.00,000,11.21
2005-06-21,14.92,15.00,14.92,15.00,1200,11.21
2005-06-20,14.92,15.00,14.92,15.00,900,11.21
2005-06-17,14.99,15.00,14.74,15.00,2300,11.21
2005-06-16,14.80,14.89,14.80,14.89,500,11.12
2005-06-15,14.00,14.75,14.00,14.75,600,11.02
2005-06-14,13.80,15.10,13.80,14.94,6400,11.16
2005-06-13,14.51,14.57,14.50,14.50,2100,10.83
2005-06-10,14.73,15.00,14.51,14.51,1000,10.84
2005-06-09,14.45,14.70,14.26,14.69,2200,10.97
2005-06-08,14.46,14.62,14.45,14.45,1800,10.79
2005-06-07,13.65,14.47,13.65,14.39,10000,10.75
2005-06-06,14.26,14.26,14.25,14.25,400,10.65
2005-06-03,14.15,14.15,14.06,14.08,3500,10.52
2005-06-02,14.00,14.25,14.00,14.07,6600,10.51
2005-06-01,14.35,14.55,14.35,14.47,2200,10.81
2005-05-31,14.40,14.40,13.84,14.01,4100,10.47
2005-05-27,14.33,14.33,14.12,14.15,3100,10.57
2005-05-26,13.83,14.23,13.83,14.20,2700,10.61
2005-05-25,14.20,14.20,13.83,13.83,6300,10.33
2005-05-24,13.81,14.00,13.71,14.00,6500,10.46
2005-05-23,14.00,14.00,13.75,13.85,1800,10.35
2005-05-20,14.02,14.10,13.99,14.10,7900,10.53
2005-05-19,14.50,14.50,14.24,14.24,1500,10.64
2005-05-18,14.00,14.01,13.77,13.80,2100,10.31
2005-05-17,13.80,14.37,13.80,14.00,3200,10.46
2005-05-16,14.10,14.10,13.66,14.00,3300,10.46
2005-05-13,14.05,14.53,14.05,14.16,8900,10.58
2005-05-12,14.93,14.93,14.76,14.76,500,11.03
2005-05-11,14.88,14.90,14.88,14.90,3000,11.13
2005-05-10,14.80,14.80,14.80,14.80,400,11.06
2005-05-09,14.89,14.89,14.86,14.86,600,11.10
2005-05-06,14.89,14.89,14.88,14.89,600,11.12
2005-05-05,14.25,14.88,14.25,14.88,800,11.12
2005-05-04,14.94,14.94,14.85,14.85,700,11.09
2005-05-03,15.10,15.10,14.94,14.94,4700,11.16
2005-05-02,14.94,15.15,14.73,15.04,20100,11.24
2005-04-29,14.67,14.86,14.29,14.69,5500,10.97
2005-04-28,14.91,14.99,14.56,14.69,5200,10.97
2005-04-27,14.75,14.99,14.74,14.90,5800,11.13
2005-04-26,14.50,14.74,14.47,14.74,1500,11.01
2005-04-25,15.18,15.18,14.14,14.72,8500,11.00
2005-04-22,15.61,15.61,15.25,15.25,2600,11.39
2005-04-21,15.70,15.70,15.69,15.69,700,11.72
2005-04-20,15.62,16.24,15.37,15.43,8200,11.53
2005-04-19,16.32,16.32,15.91,15.91,1200,11.89
2005-04-18,15.64,15.64,15.64,15.64,200,11.68
2005-04-15,15.62,15.62,15.62,15.62,1100,11.67
2005-04-14,16.42,16.42,15.62,15.62,3100,11.67
2005-04-13,16.00,16.44,16.00,16.10,2000,12.03
2005-04-12,16.40,16.45,16.40,16.45,200,12.29
2005-04-11,16.47,16.78,16.02,16.02,900,11.97
2005-04-08,15.90,15.90,15.86,15.90,1300,11.88
2005-04-07,15.78,15.90,15.62,15.90,1100,11.88
2005-04-06,15.60,15.62,15.60,15.62,1500,11.67
2005-04-05,15.62,16.09,15.62,15.64,1600,11.68
2005-04-04,15.90,15.90,15.66,15.66,200,11.70
2005-04-01,16.30,16.30,15.92,15.92,1000,11.89
2005-03-31,16.20,16.51,16.20,16.41,1100,12.26
2005-03-30,16.25,16.25,16.02,16.02,700,11.97
2005-03-29,16.50,16.80,16.13,16.34,5800,12.21
2005-03-28,16.00,16.00,16.00,16.00,200,11.95
2005-03-24,16.56,16.56,16.17,16.25,700,12.14
2005-03-23,16.62,16.62,16.03,16.30,1200,12.18
2005-03-22,16.25,16.62,16.25,16.62,4000,12.42
2005-03-21,16.25,16.25,16.08,16.23,900,12.12
2005-03-18,16.05,16.25,16.05,16.21,1600,12.11
2005-03-17,16.25,16.25,16.15,16.25,900,12.14
2005-03-16,16.19,16.25,16.19,16.25,1600,12.14
2005-03-15,15.91,16.29,15.72,16.10,8000,11.93
2005-03-14,15.83,15.86,15.83,15.86,700,11.75
2005-03-11,16.00,16.00,16.00,16.00,1200,11.86
2005-03-10,16.00,16.00,15.93,15.94,1700,11.81
2005-03-09,15.85,15.95,15.75,15.84,5500,11.74
2005-03-08,15.77,15.85,15.71,15.85,1400,11.75
2005-03-07,15.79,15.85,15.77,15.77,2400,11.69
2005-03-04,15.99,15.99,15.60,15.98,7600,11.84
2005-03-03,15.25,15.75,15.25,15.75,1300,11.67
2005-03-02,15.60,15.75,15.48,15.49,8200,11.48
2005-03-01,15.73,15.73,15.52,15.60,6400,11.56
2005-02-28,15.60,15.85,15.51,15.70,6600,11.63
2005-02-25,16.18,16.19,15.02,15.50,14000,11.49
2005-02-24,16.35,16.35,16.03,16.03,1200,11.88
2005-02-23,16.32,16.40,16.12,16.40,6700,12.15
2005-02-22,16.31,16.40,16.20,16.25,6200,12.04
2005-02-18,16.30,16.38,16.30,16.30,4800,12.08
2005-02-17,16.30,16.34,16.21,16.22,2200,12.02
2005-02-16,16.01,16.38,16.01,16.20,6100,12.00
2005-02-15,16.29,16.47,16.00,16.00,4600,11.86
2005-02-14,16.39,16.44,16.25,16.35,2800,12.12
2005-02-11,16.44,16.50,16.38,16.42,2200,12.17
2005-02-10,16.76,16.90,16.31,16.31,5900,12.09
2005-02-09,16.90,16.99,16.36,16.41,4000,12.16
2005-02-08,17.05,17.05,16.89,16.90,13100,12.52
2005-02-07,17.07,17.10,17.05,17.05,1400,12.63
2005-02-04,17.02,17.25,17.02,17.10,1900,12.67
2005-02-03,17.25,17.34,17.25,17.33,4800,12.84
2005-02-02,16.96,17.50,16.96,17.35,6800,12.86
2005-02-01,17.08,17.89,17.08,17.88,4700,13.25
2005-01-31,17.09,17.65,17.09,17.65,1700,13.08
2005-01-28,17.08,17.75,17.08,17.50,2800,12.97
2005-01-27,17.99,17.99,17.11,17.73,700,13.14
2005-01-26,17.25,17.44,17.25,17.38,2000,12.88
2005-01-25,17.45,17.45,17.38,17.44,3500,12.92
2005-01-24,17.27,17.44,17.26,17.26,600,12.79
2005-01-21,17.30,17.30,17.30,17.30,000,12.82
2005-01-20,17.35,17.37,17.30,17.30,2400,12.82
2005-01-19,17.64,17.64,17.30,17.30,3600,12.82
2005-01-18,17.95,17.95,17.50,17.50,4300,12.97
2005-01-14,17.60,17.65,17.54,17.65,2700,13.08
2005-01-13,17.52,17.65,17.52,17.55,2800,13.00
2005-01-12,17.65,17.65,17.50,17.50,4500,12.97
2005-01-11,17.82,17.82,17.51,17.51,400,12.98
2005-01-10,17.35,17.60,17.18,17.31,3600,12.83
2005-01-07,17.25,17.55,17.25,17.55,1100,13.00
2005-01-06,17.24,17.24,17.12,17.13,2100,12.69
2005-01-05,17.82,17.82,17.00,17.08,6700,12.66
2005-01-04,17.52,17.64,17.52,17.64,1600,13.07
2005-01-03,17.63,17.63,17.50,17.52,6300,12.98
2004-12-31,17.40,17.68,17.40,17.65,900,13.08
2004-12-30,17.25,17.38,17.25,17.38,700,12.88
2004-12-29,16.89,17.34,16.89,17.34,2300,12.85
2004-12-28,16.74,17.00,16.70,17.00,3300,12.60
2004-12-27,16.75,16.75,16.53,16.70,10800,12.37
2004-12-23,16.75,16.75,16.21,16.72,3400,12.39
2004-12-22,16.30,16.30,16.16,16.16,11100,11.97
2004-12-21,16.13,16.29,16.13,16.28,5300,12.06
2004-12-20,16.25,16.25,16.10,16.17,8000,11.89
2004-12-17,16.31,16.65,16.02,16.30,4500,11.98
2004-12-16,16.01,16.30,16.01,16.25,6900,11.94
2004-12-15,16.34,16.34,16.01,16.24,3000,11.94
2004-12-14,16.97,16.97,16.01,16.10,5000,11.83
2004-12-13,16.55,16.97,16.46,16.97,2900,12.47
2004-12-10,17.00,17.00,16.35,16.39,1200,12.05
2004-12-09,17.05,17.05,16.00,16.11,9500,11.84
2004-12-08,17.30,17.35,17.08,17.08,4600,12.55
2004-12-07,17.55,17.58,17.10,17.18,14900,12.63
2004-12-06,18.50,18.50,17.41,17.50,5300,12.86
2004-12-03,17.36,17.59,17.36,17.41,14000,12.80
2004-12-02,17.64,17.64,17.41,17.50,9400,12.86
2004-12-01,17.50,17.60,17.50,17.50,13700,12.86
2004-11-30,17.74,17.74,17.50,17.51,8700,12.87
2004-11-29,17.60,17.60,17.52,17.60,2200,12.94
2004-11-26,17.61,17.62,17.50,17.50,3500,12.86
2004-11-24,17.85,17.85,17.85,17.85,100,13.12
2004-11-23,17.61,17.84,17.61,17.77,4600,13.06
2004-11-22,17.75,17.89,17.61,17.61,1400,12.94
2004-11-19,17.68,17.68,17.68,17.68,000,13.00
2004-11-18,17.61,17.70,17.61,17.68,1500,13.00
2004-11-17,17.66,17.82,17.52,17.52,9400,12.88
2004-11-16,17.65,17.74,17.61,17.74,5900,13.04
2004-11-15,17.61,17.94,17.61,17.85,1400,13.12
2004-11-12,17.64,17.73,17.60,17.73,2000,13.03
2004-11-11,17.74,17.74,17.74,17.74,200,13.04
2004-11-10,17.63,17.79,17.61,17.62,3300,12.95
2004-11-09,17.82,17.82,17.64,17.64,900,12.97
2004-11-08,17.65,17.79,17.63,17.63,1800,12.96
2004-11-05,17.88,17.88,17.63,17.75,1800,13.05
2004-11-04,17.80,17.88,17.80,17.88,500,13.14
2004-11-03,17.64,17.85,17.63,17.70,4800,13.01
2004-11-02,17.81,17.92,17.74,17.92,2500,13.17
2004-11-01,17.90,17.97,17.81,17.97,2700,13.21
2004-10-29,17.95,17.95,17.95,17.95,700,13.19
2004-10-28,17.64,17.84,17.64,17.84,500,13.11
2004-10-27,17.81,18.00,17.81,18.00,1800,13.23
2004-10-26,17.80,17.80,17.80,17.80,200,13.08
2004-10-25,17.97,18.12,17.68,17.68,6000,13.00
2004-10-22,18.00,18.00,18.00,18.00,200,13.23
2004-10-21,17.75,18.02,17.51,18.00,17000,13.23
2004-10-20,18.08,18.08,17.97,17.97,600,13.21
2004-10-19,18.08,18.08,18.08,18.08,100,13.29
2004-10-18,18.07,18.07,18.07,18.07,100,13.28
2004-10-15,17.63,17.63,17.63,17.63,000,12.96
2004-10-14,17.79,17.86,17.62,17.63,2400,12.96
2004-10-13,17.82,18.27,17.61,17.99,5400,13.22
2004-10-12,17.74,17.75,17.62,17.62,9200,12.95
2004-10-11,17.75,17.75,17.60,17.61,3100,12.94
2004-10-08,17.76,17.76,17.69,17.69,500,13.00
2004-10-07,17.78,17.78,17.77,17.77,300,13.06
2004-10-06,18.25,18.25,17.65,17.66,1700,12.98
2004-10-05,17.99,18.00,17.93,18.00,1500,13.23
2004-10-04,18.00,18.09,17.76,18.09,1200,13.30
2004-10-01,17.76,18.09,17.75,18.00,2700,13.23
2004-09-30,17.71,17.89,17.71,17.89,1400,13.15
2004-09-29,17.76,17.76,17.70,17.70,1700,13.01
2004-09-28,17.83,17.83,17.75,17.75,300,13.05
2004-09-27,17.71,17.71,17.71,17.71,000,13.02
2004-09-24,17.71,17.71,17.71,17.71,300,13.02
2004-09-23,17.95,17.95,17.54,17.54,3900,12.89
2004-09-22,17.90,17.95,17.90,17.92,2000,13.17
2004-09-21,17.92,18.00,17.92,17.92,2300,13.17
2004-09-20,18.00,18.00,17.95,17.95,200,13.19
2004-09-17,18.00,18.00,18.00,18.00,700,13.14
2004-09-16,17.93,18.00,17.92,18.00,2600,13.14
2004-09-15,17.90,17.90,17.90,17.90,100,13.06
2004-09-14,17.93,17.93,17.84,17.89,900,13.06
2004-09-13,17.76,17.90,17.76,17.90,1400,13.06
2004-09-10,17.89,17.89,17.89,17.89,000,13.06
2004-09-09,17.91,17.91,17.76,17.89,1700,13.06
2004-09-08,17.77,17.90,17.77,17.89,7700,13.06
2004-09-07,17.76,17.90,17.76,17.90,2000,13.06
2004-09-03,17.76,17.83,17.76,17.83,600,13.01
2004-09-02,17.80,17.80,17.80,17.80,200,12.99
2004-09-01,17.80,17.85,17.80,17.85,200,13.03
2004-08-31,17.93,17.93,17.77,17.80,2600,12.99
2004-08-30,17.75,17.75,17.75,17.75,200,12.95
2004-08-27,17.85,17.85,17.75,17.75,600,12.95
2004-08-26,17.81,17.88,17.56,17.80,9900,12.99
2004-08-25,18.00,18.00,17.75,17.76,4200,12.96
2004-08-24,17.75,17.89,17.75,17.75,3300,12.95
2004-08-23,17.56,17.82,17.56,17.78,2800,12.97
2004-08-20,18.73,18.73,17.56,17.83,59900,13.01
2004-08-19,19.02,19.02,19.02,19.02,000,13.88
2004-08-18,19.00,19.18,19.00,19.02,4300,13.88
2004-08-17,19.09,19.09,18.44,19.00,6400,13.87
2004-08-16,18.76,18.93,18.50,18.93,30700,13.81
2004-08-13,18.90,18.90,18.86,18.86,1200,13.76
2004-08-12,18.95,18.95,18.95,18.95,000,13.83
2004-08-11,19.05,19.11,18.85,18.95,17500,13.83
2004-08-10,19.40,19.40,19.19,19.21,2900,14.02
2004-08-09,19.20,19.39,19.15,19.39,4500,14.15
2004-08-06,19.76,19.76,18.81,19.17,4700,13.99
2004-08-05,19.81,19.81,19.81,19.81,000,14.46
2004-08-04,20.10,20.10,19.66,19.81,900,14.46
2004-08-03,20.75,21.10,19.81,19.81,8000,14.46
2004-08-02,21.26,21.34,20.76,21.05,2900,15.36
2004-07-30,21.35,22.24,21.31,21.33,2500,15.57
2004-07-29,21.56,21.56,21.56,21.56,000,15.73
2004-07-28,21.43,22.00,21.43,21.56,1600,15.73
2004-07-27,21.53,22.00,21.42,21.42,1600,15.63
2004-07-26,21.53,21.70,21.53,21.53,900,15.71
2004-07-23,21.70,22.03,21.70,21.70,1100,15.84
2004-07-22,21.75,21.76,21.75,21.75,1500,15.87
2004-07-21,21.90,21.90,21.80,21.80,3100,15.91
2004-07-20,21.75,21.99,21.75,21.90,7300,15.98
2004-07-19,21.90,21.90,21.90,21.90,2500,15.98
2004-07-16,22.10,22.10,21.78,21.78,1700,15.89
2004-07-15,21.90,22.00,21.52,22.00,6100,16.05
2004-07-14,21.76,21.99,21.53,21.56,11100,15.73
2004-07-13,22.10,22.15,21.76,21.92,6000,16.00
2004-07-12,22.70,22.70,22.19,22.19,900,16.19
2004-07-09,22.88,22.88,22.38,22.50,15800,16.42
2004-07-08,22.67,22.90,22.67,22.90,9100,16.71
2004-07-07,22.90,22.90,22.90,22.90,2600,16.71
2004-07-06,22.74,23.02,22.74,22.95,7700,16.75
2004-07-02,22.96,23.00,22.96,23.00,1400,16.78
2004-07-01,23.50,23.50,23.00,23.00,6000,16.78
2004-06-30,23.06,23.50,23.06,23.50,3700,17.15
2004-06-29,23.99,23.99,23.29,23.29,5400,17.00
2004-06-28,21.98,24.00,21.97,24.00,11000,17.51
2004-06-25,21.80,21.92,21.80,21.92,4600,16.00
2004-06-24,21.91,21.98,21.75,21.75,10300,15.87
2004-06-23,22.50,22.52,21.93,21.99,12500,16.05
2004-06-22,22.18,22.73,22.18,22.68,9200,16.55
2004-06-21,21.86,22.10,21.86,22.07,16500,16.11
2004-06-18,21.85,21.95,21.83,21.94,1800,16.01
2004-06-17,21.80,22.00,21.77,22.00,9800,16.05
2004-06-16,21.84,22.00,21.75,21.82,12500,15.83
2004-06-15,22.00,22.00,21.80,21.80,4900,15.81
2004-06-14,21.78,21.96,21.60,21.70,35100,15.74
2004-06-10,22.35,22.35,21.90,21.90,7600,15.89
2004-06-09,22.49,22.50,22.49,22.50,2700,16.32
2004-06-08,22.09,22.60,21.97,22.55,8200,16.36
2004-06-07,20.80,22.20,20.80,22.20,4100,16.10
2004-06-04,21.92,22.31,21.65,21.68,26400,15.73
2004-06-03,21.97,21.98,21.70,21.91,11400,15.89
2004-06-02,21.61,21.86,21.60,21.76,700,15.78
2004-06-01,21.69,21.81,21.69,21.71,1100,15.75
2004-05-28,21.70,21.81,21.54,21.77,1500,15.79
2004-05-27,21.75,21.75,21.57,21.58,4700,15.65
2004-05-26,21.55,21.76,21.34,21.57,16700,15.65
2004-05-25,21.28,21.55,20.96,21.54,14900,15.63
2004-05-24,21.25,21.30,21.25,21.30,800,15.45
2004-05-21,21.54,21.60,21.35,21.54,3600,15.63
2004-05-20,21.55,21.56,21.52,21.55,8700,15.63
2004-05-19,21.53,21.55,21.28,21.54,4700,15.63
2004-05-18,21.40,21.40,21.02,21.02,700,15.25
2004-05-17,21.16,21.54,21.16,21.54,800,15.63
2004-05-14,21.97,21.97,21.27,21.52,2000,15.61
2004-05-13,21.96,22.00,21.45,22.00,6100,15.96
2004-05-12,22.00,22.00,22.00,22.00,000,15.96
2004-05-11,22.05,22.05,21.54,22.00,5900,15.96
2004-05-10,22.01,22.05,22.01,22.05,300,16.00
2004-05-07,22.24,22.24,22.24,22.24,000,16.13
2004-05-06,22.23,22.24,21.98,22.24,3100,16.13
2004-05-05,22.39,22.49,22.23,22.49,1100,16.31
2004-05-04,22.39,22.64,22.39,22.39,1200,16.24
2004-05-03,21.82,23.41,21.82,22.40,3400,16.25
2004-04-30,21.75,21.79,21.75,21.79,600,15.81
2004-04-29,21.75,21.82,21.75,21.75,2400,15.78
2004-04-28,21.75,21.76,21.75,21.75,6300,15.78
2004-04-27,22.25,22.25,20.99,21.76,4100,15.78
2004-04-26,23.12,23.43,22.50,22.50,21900,16.32
2004-04-23,23.46,23.46,23.02,23.28,55400,16.89
2004-04-22,23.37,23.60,23.37,23.57,4700,17.10
2004-04-21,22.52,23.58,22.52,23.58,4900,17.10
2004-04-20,24.15,24.15,24.15,24.15,000,17.52
2004-04-19,24.00,24.35,23.37,24.15,6700,17.52
2004-04-16,22.49,24.34,22.49,24.34,20600,17.66
2004-04-15,22.50,23.35,22.50,23.00,5200,16.68
2004-04-14,21.91,22.49,21.91,22.49,2900,16.31
2004-04-13,21.50,21.90,21.16,21.90,4700,15.89
2004-04-12,20.76,21.19,20.76,21.19,8400,15.37
2004-04-08,20.71,20.94,20.69,20.94,4400,15.19
2004-04-07,20.74,20.75,20.52,20.74,3300,15.04
2004-04-06,20.76,20.98,20.74,20.74,3000,15.04
2004-04-05,20.65,20.98,20.65,20.83,800,15.11
2004-04-02,20.70,21.00,20.27,20.61,5200,14.95
2004-04-01,20.04,20.98,19.85,20.25,4500,14.69
2004-03-31,20.74,20.79,19.85,20.66,4200,14.99
2004-03-30,20.98,20.98,20.06,20.43,6200,14.82
2004-03-29,20.33,20.73,20.10,20.64,2000,14.97
2004-03-26,20.27,20.27,19.75,19.80,2300,14.36
2004-03-25,20.75,20.76,20.11,20.67,4200,14.99
2004-03-24,20.51,20.98,20.51,20.98,600,15.22
2004-03-23,20.81,20.85,20.60,20.85,3300,15.12
2004-03-22,20.67,20.95,20.67,20.95,200,15.20
2004-03-19,20.77,20.77,20.77,20.77,000,15.07
2004-03-18,20.76,20.77,20.76,20.77,200,15.07
2004-03-17,21.02,21.39,20.42,20.51,16600,14.78
2004-03-16,21.39,21.39,21.10,21.11,5400,15.22
2004-03-15,21.25,21.25,21.20,21.20,3900,15.28
2004-03-12,21.26,21.29,21.20,21.29,1800,15.35
2004-03-11,21.31,21.59,21.31,21.32,1900,15.37
2004-03-10,21.56,21.56,21.43,21.43,4800,15.45
2004-03-09,21.26,21.74,21.06,21.45,6800,15.46
2004-03-08,21.02,21.74,21.02,21.74,4900,15.67
2004-03-05,21.72,21.73,21.28,21.28,900,15.34
2004-03-04,21.69,21.69,21.69,21.69,100,15.63
2004-03-03,21.69,21.69,21.40,21.40,1500,15.43
2004-03-02,21.63,21.64,21.63,21.64,1600,15.60
2004-03-01,20.90,21.45,20.90,21.02,2000,15.15
2004-02-27,20.97,21.14,20.97,20.98,700,15.12
2004-02-26,21.90,21.90,20.90,20.90,6200,15.06
2004-02-25,21.34,21.34,21.34,21.34,000,15.38
2004-02-24,22.02,22.25,21.34,21.34,2800,15.38
2004-02-23,22.90,22.90,22.02,22.02,3400,15.87
2004-02-20,22.20,22.20,22.20,22.20,200,16.00
2004-02-19,22.30,22.30,22.30,22.30,000,16.07
2004-02-18,21.15,23.00,21.15,22.30,5200,16.07
2004-02-17,21.15,22.40,21.15,22.39,8100,16.14
2004-02-13,22.81,22.81,21.84,21.94,3100,15.81
2004-02-12,22.98,23.00,22.98,23.00,400,16.58
2004-02-11,23.20,23.20,22.98,22.98,4800,16.56
2004-02-10,22.90,23.53,22.81,23.19,7100,16.72
2004-02-09,22.45,22.99,22.37,22.99,4100,16.57
2004-02-06,21.73,22.44,21.73,22.44,2500,16.17
2004-02-05,21.59,22.25,21.30,22.25,12500,16.04
2004-02-04,21.04,21.74,21.04,21.53,1200,15.52
2004-02-03,20.76,21.52,20.76,21.52,500,15.51
2004-02-02,21.02,21.02,20.78,20.78,400,14.98
2004-01-30,21.48,21.48,21.48,21.48,1700,15.48
2004-01-29,21.51,21.64,21.07,21.07,1200,15.19
2004-01-28,22.00,22.00,22.00,22.00,100,15.86
2004-01-27,21.65,22.00,21.50,21.93,3300,15.81
2004-01-26,21.59,21.99,21.57,21.99,1800,15.85
2004-01-23,21.34,21.98,21.34,21.98,2300,15.84
2004-01-22,21.59,21.59,21.47,21.47,3100,15.48
2004-01-21,21.61,21.97,21.51,21.97,1300,15.84
2004-01-20,22.50,22.50,21.64,21.64,14300,15.60
2004-01-16,22.48,22.48,22.35,22.35,2200,16.11
2004-01-15,22.62,22.62,22.45,22.45,2000,16.18
2004-01-14,22.40,22.89,22.40,22.82,3700,16.45
2004-01-13,22.61,22.61,22.49,22.49,5500,16.21
2004-01-12,22.52,22.52,22.52,22.52,3500,16.23
2004-01-09,22.64,22.64,22.39,22.40,3700,16.15
2004-01-08,22.50,22.70,22.50,22.70,4700,16.36
2004-01-07,22.75,22.75,22.73,22.75,600,16.40
2004-01-06,22.30,22.75,22.30,22.75,3600,16.40
2004-01-05,22.27,22.70,22.27,22.50,2500,16.22
2004-01-02,22.25,22.49,22.25,22.49,1400,16.21
2003-12-31,22.50,22.50,22.30,22.50,6500,16.22
2003-12-30,22.83,22.89,22.44,22.89,6100,16.50
2003-12-29,22.32,22.69,22.30,22.69,1100,16.35
2003-12-26,22.04,22.34,22.04,22.34,900,16.10
2003-12-24,21.91,22.18,21.91,22.18,300,15.99
2003-12-23,21.80,21.81,21.80,21.81,500,15.72
2003-12-22,21.00,21.66,20.93,21.66,5200,15.61
2003-12-19,21.03,21.87,20.50,21.37,5900,15.40
2003-12-18,21.29,21.92,21.20,21.92,800,15.80
2003-12-17,21.21,21.34,21.21,21.34,300,15.29
2003-12-16,20.96,21.24,20.95,21.24,17700,15.22
2003-12-15,21.16,21.16,21.01,21.16,1800,15.16
2003-12-12,20.80,21.10,20.80,21.10,2200,15.12
2003-12-11,20.60,20.98,20.60,20.75,6400,14.87
2003-12-10,20.25,20.63,20.22,20.63,14000,14.78
2003-12-09,20.11,20.64,20.11,20.64,6200,14.79
2003-12-08,20.25,20.29,20.25,20.29,1900,14.54
2003-12-05,20.11,20.32,20.11,20.32,5400,14.56
2003-12-04,20.05,20.32,19.97,20.32,6600,14.56
2003-12-03,20.10,20.28,20.10,20.28,600,14.53
2003-12-02,20.07,20.28,20.07,20.28,3800,14.53
2003-12-01,20.15,20.33,19.95,20.33,9700,14.56
2003-11-28,20.17,20.49,20.17,20.49,1900,14.68
2003-11-26,19.42,20.50,19.42,20.48,5200,14.67
2003-11-25,19.30,19.87,18.95,19.87,4200,14.24
2003-11-24,19.80,19.90,19.80,19.89,2400,14.25
2003-11-21,19.73,19.90,19.73,19.90,2100,14.26
2003-11-20,19.41,19.75,19.41,19.75,2100,14.15
2003-11-19,19.95,20.48,19.50,19.50,20300,13.97
2003-11-18,19.49,19.49,19.49,19.49,1000,13.96
2003-11-17,19.54,19.64,19.40,19.64,1600,14.07
2003-11-14,19.50,19.65,19.50,19.65,4800,14.08
2003-11-13,19.32,19.45,19.30,19.30,800,13.83
2003-11-12,19.64,19.64,19.35,19.35,1100,13.86
2003-11-11,19.39,19.68,19.39,19.68,300,14.10
2003-11-10,19.46,19.46,19.46,19.46,100,13.94
2003-11-07,19.44,19.74,19.43,19.74,1800,14.14
2003-11-06,19.79,19.79,19.45,19.74,2900,14.14
2003-11-05,19.55,19.79,19.52,19.79,1500,14.18
2003-11-04,19.31,19.67,19.31,19.67,3700,14.09
2003-11-03,19.68,19.80,19.31,19.50,4700,13.97
2003-10-31,19.73,19.73,19.72,19.73,500,14.13
2003-10-30,19.67,19.80,19.67,19.68,600,14.10
2003-10-29,19.50,19.85,19.50,19.68,3000,14.10
2003-10-28,19.69,19.78,19.68,19.78,1200,14.17
2003-10-27,19.36,19.79,19.36,19.79,2400,14.18
2003-10-24,19.46,19.59,19.30,19.59,6900,14.03
2003-10-23,19.46,19.58,19.46,19.58,1100,14.03
2003-10-22,19.65,19.71,19.32,19.42,7100,13.91
2003-10-21,19.22,19.79,19.22,19.79,1900,14.18
2003-10-20,19.41,19.74,19.24,19.74,1300,14.14
2003-10-17,19.47,19.81,19.11,19.80,3000,14.18
2003-10-16,19.38,19.46,19.38,19.46,1300,13.94
2003-10-15,19.45,19.46,19.10,19.41,7600,13.91
2003-10-14,19.02,19.45,19.02,19.45,400,13.93
2003-10-13,19.10,19.38,19.10,19.30,1400,13.83
2003-10-10,19.26,19.43,19.10,19.37,3400,13.88
2003-10-09,19.26,19.27,19.23,19.25,3900,13.79
2003-10-08,19.30,19.30,19.16,19.16,3000,13.73
2003-10-07,19.34,19.48,19.04,19.48,3600,13.96
2003-10-06,18.33,19.50,18.33,19.50,3900,13.97
2003-10-03,18.60,18.86,18.34,18.68,18200,13.38
2003-10-02,18.16,18.67,18.16,18.67,1400,13.38
2003-10-01,18.02,18.43,17.99,18.31,7400,13.12
2003-09-30,18.70,18.70,18.07,18.07,3300,12.95
2003-09-29,19.05,19.05,18.70,18.70,1600,13.40
2003-09-26,19.00,19.00,18.69,18.97,3300,13.59
2003-09-25,18.97,19.29,18.75,19.24,9500,13.78
2003-09-24,18.80,18.91,18.80,18.90,4100,13.54
2003-09-23,18.44,18.98,18.44,18.98,4300,13.60
2003-09-22,18.06,18.44,18.06,18.44,1300,13.21
2003-09-19,17.98,18.07,17.83,18.07,3100,12.95
2003-09-18,17.75,17.97,17.75,17.95,3400,12.86
2003-09-17,17.50,17.69,17.47,17.65,7500,12.55
2003-09-16,17.89,17.95,17.34,17.89,15400,12.72
2003-09-15,19.03,19.03,17.85,17.89,14200,12.72
2003-09-12,19.31,19.31,18.87,19.00,22400,13.51
2003-09-11,19.34,19.51,19.34,19.51,200,13.87
2003-09-10,19.58,19.62,19.56,19.59,3000,13.93
2003-09-09,19.74,19.80,19.56,19.80,3800,14.08
2003-09-08,20.05,20.05,19.61,19.61,1800,13.95
2003-09-05,20.05,20.16,20.05,20.15,5000,14.33
2003-09-04,20.48,20.48,20.12,20.16,4600,14.34
2003-09-03,20.31,20.59,20.20,20.34,5400,14.46
2003-09-02,19.25,20.27,19.25,20.17,17700,14.34
2003-08-29,19.25,19.31,19.25,19.25,1000,13.69
2003-08-28,18.76,19.25,18.76,19.25,2100,13.69
2003-08-27,18.74,18.95,18.69,18.95,3500,13.48
2003-08-26,18.79,18.79,18.79,18.79,100,13.36
2003-08-25,18.41,18.63,18.41,18.45,2600,13.12
2003-08-22,18.45,18.45,18.31,18.31,1100,13.02
2003-08-21,18.31,18.57,18.31,18.57,2800,13.21
2003-08-20,17.50,18.34,17.25,18.34,4400,13.04
2003-08-19,17.55,17.70,17.06,17.11,22500,12.17
2003-08-18,18.96,18.96,17.52,17.55,11100,12.48
2003-08-15,18.75,18.75,18.55,18.75,3200,13.33
2003-08-14,18.00,18.60,18.00,18.60,8800,13.23
2003-08-13,17.60,17.90,17.40,17.90,8200,12.73
2003-08-12,17.65,17.65,17.52,17.60,2400,12.52
2003-08-11,17.74,17.74,17.52,17.65,5400,12.55
2003-08-08,17.12,18.00,17.12,18.00,3800,12.80
2003-08-07,17.50,17.69,17.50,17.69,2500,12.58
2003-08-06,17.49,17.50,17.49,17.50,600,12.44
2003-08-05,17.47,17.47,17.47,17.47,300,12.42
2003-08-04,17.45,17.51,17.20,17.20,2500,12.23
2003-08-01,17.55,17.55,17.25,17.40,5800,12.37
2003-07-31,17.31,17.53,17.04,17.53,3100,12.47
2003-07-30,17.04,17.56,17.04,17.56,2200,12.49
2003-07-29,17.44,17.56,17.18,17.45,6000,12.41
2003-07-28,17.05,17.44,17.05,17.44,3700,12.40
2003-07-25,17.44,17.44,17.02,17.23,4000,12.25
2003-07-24,17.37,17.48,17.18,17.48,1000,12.43
2003-07-23,17.49,17.50,17.18,17.50,4300,12.44
2003-07-22,17.39,18.00,17.20,17.56,4500,12.49
2003-07-21,17.06,17.36,17.06,17.36,1100,12.35
2003-07-18,17.64,17.64,17.02,17.22,3400,12.25
2003-07-17,17.43,17.66,17.08,17.66,3600,12.56
2003-07-16,17.49,17.49,17.24,17.24,2200,12.26
2003-07-15,17.50,17.50,17.21,17.45,2000,12.41
2003-07-14,17.20,17.50,17.20,17.50,2300,12.44
2003-07-11,17.78,17.81,17.29,17.50,3000,12.44
2003-07-10,17.62,18.00,17.29,18.00,7100,12.80
2003-07-09,17.29,17.76,17.29,17.76,5500,12.63
2003-07-08,16.91,18.00,16.91,16.99,33900,12.08
2003-07-07,16.55,16.91,16.45,16.91,3700,12.03
2003-07-03,16.90,16.90,16.55,16.55,700,11.77
2003-07-02,16.25,16.88,16.25,16.84,15100,11.98
2003-07-01,16.20,16.70,16.20,16.62,1700,11.82
2003-06-30,16.25,16.63,16.25,16.49,5800,11.73
2003-06-27,15.85,16.25,15.85,16.00,5200,11.38
2003-06-26,15.92,15.92,15.92,15.92,500,11.32
2003-06-25,15.61,16.00,15.61,15.84,1400,11.26
2003-06-24,15.45,15.93,15.45,15.92,1800,11.32
2003-06-23,16.65,16.68,15.99,15.99,600,11.37
2003-06-20,16.85,16.85,16.85,16.85,1400,11.98
2003-06-19,16.87,16.87,15.80,16.87,3700,12.00
2003-06-18,15.59,16.90,15.34,16.90,7800,12.02
2003-06-17,15.35,15.75,15.30,15.65,12000,11.04
2003-06-16,15.74,16.24,15.25,15.25,4100,10.75
2003-06-13,16.00,16.00,14.76,15.74,3000,11.10
2003-06-12,15.65,15.98,15.20,15.98,5800,11.27
2003-06-11,15.25,15.70,15.25,15.70,8300,11.07
2003-06-10,16.30,16.30,14.66,15.47,18000,10.91
2003-06-09,16.96,16.96,16.40,16.55,3700,11.67
2003-06-06,16.90,16.98,15.60,16.92,12800,11.93
2003-06-05,15.50,16.95,15.50,16.95,11800,11.95
2003-06-04,14.97,15.50,14.82,15.50,5600,10.93
2003-06-03,14.69,15.22,14.49,14.93,3400,10.53
2003-06-02,15.51,15.51,14.80,14.89,11700,10.50
2003-05-30,15.00,15.00,14.44,14.95,12500,10.54
2003-05-29,14.13,14.75,14.00,14.75,3000,10.40
2003-05-28,14.02,14.50,13.92,14.29,13400,10.08
2003-05-27,13.95,14.06,13.90,13.90,5200,9.80
2003-05-23,13.96,13.96,13.39,13.83,5500,9.75
2003-05-22,14.25,14.25,13.76,13.96,9900,9.84
2003-05-21,14.32,14.32,14.26,14.26,200,10.06
2003-05-20,14.55,14.55,14.55,14.55,900,10.26
2003-05-19,14.88,14.88,14.59,14.59,1800,10.29
2003-05-16,14.36,14.36,14.27,14.27,4600,10.06
2003-05-15,14.36,14.39,14.31,14.38,3000,10.14
2003-05-14,14.60,14.60,14.30,14.33,1500,10.11
2003-05-13,14.76,14.76,14.66,14.67,500,10.35
2003-05-12,14.90,14.90,14.77,14.82,1700,10.45
2003-05-09,14.90,14.90,14.90,14.90,000,10.51
2003-05-08,15.31,15.31,14.90,14.90,3700,10.51
2003-05-07,15.60,15.60,14.71,14.71,4500,10.37
2003-05-06,14.15,14.27,14.15,14.27,600,10.06
2003-05-05,14.27,14.43,14.22,14.23,3600,10.04
2003-05-02,14.03,14.84,14.03,14.70,2400,10.37
2003-05-01,13.80,13.94,13.80,13.94,1000,9.83
2003-04-30,13.82,13.82,13.82,13.82,100,9.75
2003-04-29,13.75,13.80,13.75,13.80,1600,9.73
2003-04-28,13.71,13.80,13.60,13.80,18600,9.73
2003-04-25,13.69,13.81,13.68,13.68,300,9.65
2003-04-24,13.82,13.82,13.82,13.82,100,9.75
2003-04-23,13.90,14.00,13.83,13.83,1800,9.75
2003-04-22,13.29,13.40,13.29,13.40,900,9.45
2003-04-21,13.26,13.33,13.02,13.19,9200,9.30
2003-04-17,13.26,13.46,13.26,13.38,700,9.44
2003-04-16,13.37,13.50,13.26,13.34,7800,9.41
2003-04-15,13.20,13.35,13.20,13.25,2500,9.34
2003-04-14,13.30,13.30,13.24,13.30,800,9.38
2003-04-11,13.31,13.31,13.13,13.18,1700,9.29
2003-04-10,13.47,13.47,13.21,13.21,2600,9.32
2003-04-09,13.00,13.14,13.00,13.13,4500,9.26
2003-04-08,13.49,13.50,13.10,13.10,6100,9.24
2003-04-07,13.61,13.61,12.80,13.28,16600,9.37
2003-04-04,14.14,14.14,13.72,13.72,1300,9.68
2003-04-03,14.44,14.47,13.25,13.25,4100,9.34
2003-04-02,14.25,14.25,14.19,14.19,1800,10.01
2003-04-01,13.44,14.00,13.29,13.62,6200,9.61
2003-03-31,13.37,13.45,13.37,13.45,2100,9.49
2003-03-28,13.18,13.25,13.18,13.25,1200,9.34
2003-03-27,13.14,13.18,13.01,13.18,10400,9.29
2003-03-26,13.29,13.29,13.29,13.29,000,9.37
2003-03-25,13.25,13.29,13.25,13.29,500,9.37
2003-03-24,13.17,13.20,13.10,13.20,2300,9.31
2003-03-21,13.20,13.20,13.00,13.15,1800,9.27
2003-03-20,13.00,13.45,12.98,13.14,7300,9.27
2003-03-19,14.25,14.49,12.00,13.11,17900,9.25
2003-03-18,14.81,14.98,14.81,14.98,1100,10.47
2003-03-17,14.83,15.01,14.83,14.90,11800,10.42
2003-03-14,14.92,14.92,14.78,14.78,200,10.33
2003-03-13,14.65,15.18,14.65,14.86,2300,10.39
2003-03-12,15.99,15.99,15.25,15.28,6100,10.68
2003-03-11,15.76,15.94,15.76,15.89,3100,11.11
2003-03-10,16.05,16.05,15.83,15.85,800,11.08
2003-03-07,15.53,16.20,15.53,16.02,5500,11.20
2003-03-06,15.52,15.56,15.31,15.52,4900,10.85
2003-03-05,15.49,15.55,15.49,15.52,16100,10.85
2003-03-04,15.44,15.50,15.36,15.50,1700,10.84
2003-03-03,15.32,15.48,15.32,15.46,2700,10.81
2003-02-28,15.45,15.54,15.45,15.45,1200,10.80
2003-02-27,15.45,15.45,15.45,15.45,600,10.80
2003-02-26,15.46,15.46,15.46,15.46,200,10.81
2003-02-25,15.58,15.58,15.58,15.58,000,10.89
2003-02-24,15.30,15.58,15.30,15.58,500,10.89
2003-02-21,15.60,15.60,15.41,15.49,1000,10.83
2003-02-20,15.29,15.68,15.29,15.68,1800,10.96
2003-02-19,15.29,15.36,15.29,15.36,3500,10.74
2003-02-18,15.26,15.39,15.26,15.29,1600,10.69
2003-02-14,15.26,15.26,15.25,15.25,500,10.66
2003-02-13,15.33,15.33,15.33,15.33,100,10.72
2003-02-12,15.38,15.39,15.38,15.39,300,10.76
2003-02-11,15.33,15.40,15.27,15.40,1500,10.77
2003-02-10,15.26,15.34,15.26,15.34,400,10.72
2003-02-07,15.20,15.34,15.20,15.25,3100,10.66
2003-02-06,15.20,15.20,15.20,15.20,100,10.63
2003-02-05,15.40,15.40,15.39,15.39,800,10.76
2003-02-04,15.40,15.40,15.40,15.40,1300,10.77
2003-02-03,15.56,15.56,15.40,15.40,2200,10.77
2003-01-31,15.21,15.40,15.20,15.25,1500,10.66
2003-01-30,15.69,15.71,14.95,14.95,3900,10.45
2003-01-29,15.70,15.79,15.70,15.70,900,10.98
2003-01-28,15.85,15.85,15.50,15.65,15400,10.94
2003-01-27,15.87,15.87,15.85,15.85,1900,11.08
2003-01-24,15.86,15.86,15.86,15.86,000,11.09
2003-01-23,16.00,16.00,15.86,15.86,3500,11.09
2003-01-22,16.11,16.11,15.88,15.88,4200,11.10
2003-01-21,16.49,16.55,16.11,16.11,4600,11.26
2003-01-17,16.30,16.73,16.10,16.10,20500,11.26
2003-01-16,16.54,16.78,16.10,16.59,9300,11.60
2003-01-15,16.30,16.30,16.10,16.11,1300,11.26
2003-01-14,16.95,16.95,15.95,16.22,3600,11.34
2003-01-13,16.50,16.59,16.50,16.59,2200,11.60
2003-01-10,16.74,17.08,16.50,16.50,3000,11.54
2003-01-09,16.48,17.00,16.48,17.00,10200,11.88
2003-01-08,16.17,16.49,16.16,16.43,4400,11.49
2003-01-07,16.00,16.27,16.00,16.27,2800,11.37
2003-01-06,16.50,16.50,16.01,16.01,5000,11.19
2003-01-03,16.70,16.70,16.50,16.50,1400,11.54
2003-01-02,16.39,16.40,16.26,16.40,1100,11.47
2002-12-31,16.55,16.78,16.45,16.72,5700,11.69
2002-12-30,16.00,16.50,16.00,16.40,3300,11.47
2002-12-27,16.03,16.05,16.03,16.05,200,11.22
2002-12-26,16.00,16.31,16.00,16.02,7200,11.20
2002-12-24,16.01,16.04,16.00,16.00,1100,11.19
2002-12-23,15.95,16.12,15.95,16.10,3300,11.26
2002-12-20,16.05,16.05,16.05,16.05,4000,11.22
2002-12-19,16.12,16.12,16.00,16.03,300,11.21
2002-12-18,15.99,16.07,15.99,16.07,1700,11.23
2002-12-17,16.10,16.10,16.10,16.10,1200,11.26
2002-12-16,16.01,16.01,15.99,15.99,2000,11.09
2002-12-13,16.20,16.20,15.92,16.11,2600,11.17
2002-12-12,16.19,16.20,16.12,16.20,1600,11.23
2002-12-11,15.97,16.19,15.97,16.19,11900,11.23
2002-12-10,15.82,15.85,15.70,15.85,19400,10.99
2002-12-09,16.04,16.12,15.73,15.73,1700,10.91
2002-12-06,15.95,16.00,15.95,16.00,3400,11.09
2002-12-05,15.76,15.94,15.76,15.94,200,11.05
2002-12-04,15.82,15.82,15.82,15.82,1300,10.97
2002-12-03,15.72,15.90,15.72,15.90,3500,11.03
2002-12-02,15.54,15.80,15.28,15.80,23800,10.96
2002-11-29,15.38,15.75,15.37,15.63,2800,10.84
2002-11-27,15.35,15.75,15.35,15.75,2000,10.92
2002-11-26,15.51,15.51,15.46,15.50,2800,10.75
2002-11-25,15.24,15.75,15.24,15.68,1300,10.87
2002-11-22,15.74,15.74,15.23,15.23,22700,10.56
2002-11-21,15.47,15.50,15.47,15.50,2800,10.75
2002-11-20,15.19,15.47,15.19,15.47,1500,10.73
2002-11-19,15.10,15.47,15.10,15.47,6900,10.73
2002-11-18,15.06,15.50,15.06,15.35,1700,10.64
2002-11-15,15.23,15.53,15.05,15.47,1400,10.73
2002-11-14,14.96,15.15,14.92,15.12,5000,10.48
2002-11-13,15.47,15.47,14.96,14.96,5500,10.37
2002-11-12,15.50,15.50,15.11,15.45,1500,10.71
2002-11-11,15.49,15.50,14.95,15.50,1800,10.75
2002-11-08,15.35,15.55,15.35,15.50,400,10.75
2002-11-07,14.92,15.25,14.91,15.25,2600,10.57
2002-11-06,15.12,15.27,14.95,15.00,5100,10.40
2002-11-05,14.65,15.00,14.65,15.00,5700,10.40
2002-11-04,14.29,15.00,14.29,14.90,4000,10.33
2002-11-01,14.14,14.14,14.14,14.14,200,9.81
2002-10-31,13.99,14.10,13.99,14.10,2500,9.78
2002-10-30,13.77,14.02,13.77,14.02,2100,9.72
2002-10-29,13.81,13.99,13.81,13.99,400,9.70
2002-10-28,13.61,13.99,13.61,13.99,3600,9.70
2002-10-25,14.49,14.70,14.49,14.70,1900,10.19
2002-10-24,13.98,14.50,13.32,14.50,2400,10.05
2002-10-23,13.26,13.98,13.26,13.98,3300,9.69
2002-10-22,13.98,13.98,13.71,13.98,700,9.69
2002-10-21,13.84,14.20,13.20,13.93,17700,9.66
2002-10-18,13.75,13.83,13.65,13.66,5100,9.47
2002-10-17,13.58,13.83,13.58,13.83,13600,9.59
2002-10-16,13.81,13.98,13.30,13.83,6400,9.59
2002-10-15,13.90,14.60,13.89,14.26,8200,9.89
2002-10-14,13.95,13.95,13.50,13.50,900,9.36
2002-10-11,13.72,14.10,13.72,14.10,1500,9.78
2002-10-10,13.30,13.75,13.30,13.73,4000,9.52
2002-10-09,13.61,13.80,13.31,13.80,3000,9.57
2002-10-08,13.97,14.19,13.43,13.71,19100,9.51
2002-10-07,13.15,13.30,13.15,13.30,2800,9.22
2002-10-04,13.15,13.85,13.15,13.85,2100,9.60
2002-10-03,13.17,13.17,13.16,13.16,400,9.13
2002-10-02,13.12,13.60,13.12,13.59,2900,9.42
2002-10-01,13.36,13.60,13.36,13.60,7600,9.43
2002-09-30,13.35,13.60,13.35,13.60,3300,9.43
2002-09-27,13.57,13.59,13.36,13.59,1600,9.42
2002-09-26,13.60,13.65,13.60,13.65,2000,9.47
2002-09-25,13.60,13.70,13.60,13.70,1000,9.50
2002-09-24,12.97,13.70,12.96,13.70,2600,9.50
2002-09-23,13.20,13.50,13.03,13.19,10900,9.06
2002-09-20,13.69,13.70,13.20,13.70,2800,9.41
2002-09-19,13.25,13.90,13.23,13.70,5700,9.41
2002-09-18,13.41,13.60,13.24,13.60,3100,9.34
2002-09-17,13.26,13.60,13.26,13.33,4400,9.15
2002-09-16,13.44,14.00,13.30,13.70,10500,9.41
2002-09-13,13.40,13.99,13.22,13.99,5100,9.61
2002-09-12,13.68,13.69,13.68,13.69,600,9.40
2002-09-11,13.70,14.00,13.24,13.44,10100,9.23
2002-09-10,13.69,13.70,13.65,13.69,3600,9.40
2002-09-09,13.81,13.81,13.22,13.75,3100,9.44
2002-09-06,13.96,13.96,13.25,13.82,8800,9.49
2002-09-05,13.80,13.80,13.66,13.80,2200,9.47
2002-09-04,14.10,14.20,13.90,13.90,1700,9.54
2002-09-03,14.10,14.15,14.10,14.10,9400,9.68
2002-08-30,14.10,14.10,14.10,14.10,2400,9.68
2002-08-29,14.24,14.24,14.02,14.10,1800,9.68
2002-08-28,14.00,14.05,13.95,14.05,4100,9.65
2002-08-27,13.65,14.25,13.65,13.65,500,9.37
2002-08-26,14.00,14.25,14.00,14.25,300,9.78
2002-08-23,13.55,13.98,13.55,13.98,300,9.60
2002-08-22,13.60,13.65,13.50,13.50,2700,9.27
2002-08-21,13.56,13.80,13.55,13.65,8400,9.37
2002-08-20,13.45,13.55,13.21,13.50,3600,9.27
2002-08-19,13.20,13.70,13.20,13.60,8500,9.34
2002-08-16,13.60,13.60,13.59,13.60,900,9.34
2002-08-15,13.50,13.50,13.25,13.31,10100,9.14
2002-08-14,13.65,13.65,13.20,13.20,11100,9.06
2002-08-13,13.30,13.63,13.16,13.62,4900,9.35
2002-08-12,13.33,13.96,13.27,13.49,6600,9.26
2002-08-09,13.19,14.00,13.01,14.00,46700,9.61
2002-08-08,13.15,13.30,13.15,13.21,2500,9.07
2002-08-07,13.21,13.68,13.15,13.65,7800,9.37
2002-08-06,13.59,13.60,13.55,13.60,12100,9.34
2002-08-05,13.64,13.65,13.54,13.54,4500,9.30
2002-08-02,13.51,13.84,13.50,13.84,2900,9.50
2002-08-01,13.84,13.84,13.25,13.25,1600,9.10
2002-07-31,13.65,13.65,13.55,13.55,700,9.30
2002-07-30,13.65,14.18,13.65,13.83,1600,9.50
2002-07-29,14.43,14.43,13.75,13.75,7100,9.44
2002-07-26,13.61,14.66,13.52,13.52,3500,9.28
2002-07-25,13.15,15.48,13.15,14.17,8100,9.73
2002-07-24,13.27,13.98,12.87,13.50,9000,9.27
2002-07-23,13.27,13.77,13.10,13.27,14200,9.11
2002-07-22,13.27,13.40,13.27,13.40,4100,9.20
2002-07-19,13.37,13.50,13.27,13.27,6300,9.11
2002-07-18,13.68,13.77,13.41,13.66,2300,9.38
2002-07-17,13.60,13.92,13.38,13.50,7100,9.27
2002-07-16,13.55,13.73,13.54,13.73,19200,9.43
2002-07-15,14.39,14.39,13.50,13.88,2600,9.53
2002-07-12,14.25,14.69,13.85,14.50,7600,9.96
2002-07-11,14.35,14.40,13.87,14.25,3000,9.78
2002-07-10,13.87,14.36,13.87,14.26,4600,9.79
2002-07-09,14.39,14.39,13.95,13.95,3400,9.58
2002-07-08,14.44,14.44,14.00,14.39,4600,9.88
2002-07-05,14.35,14.35,14.35,14.35,900,9.85
2002-07-03,14.43,14.43,14.03,14.35,1300,9.85
2002-07-02,14.49,14.50,14.01,14.50,5200,9.96
2002-07-01,14.90,14.90,14.28,14.50,9900,9.96
2002-06-28,14.35,15.20,14.35,14.99,5100,10.29
2002-06-27,14.89,15.09,14.00,14.79,21200,10.15
2002-06-26,14.85,15.05,14.85,14.90,4500,10.23
2002-06-25,15.54,15.54,15.26,15.26,2300,10.48
2002-06-24,15.11,15.55,15.01,15.50,6300,10.64
2002-06-21,15.68,15.70,15.60,15.70,3900,10.78
2002-06-20,15.02,15.74,15.02,15.70,2100,10.78
2002-06-19,15.30,15.58,15.01,15.01,6800,10.31
2002-06-18,16.10,16.20,15.15,15.32,8400,10.52
2002-06-17,14.56,16.20,14.56,16.10,8500,10.96
2002-06-14,16.39,16.39,14.45,14.80,17800,10.08
2002-06-13,16.41,16.71,16.40,16.55,14900,11.27
2002-06-12,16.70,16.92,16.50,16.50,3300,11.24
2002-06-11,17.00,17.00,16.34,16.69,7300,11.37
2002-06-10,16.49,16.94,16.45,16.52,8900,11.25
2002-06-07,16.37,16.47,16.20,16.20,4700,11.03
2002-06-06,16.16,16.37,16.16,16.37,2600,11.15
2002-06-05,16.64,16.64,16.17,16.17,3100,11.01
2002-06-04,15.90,16.48,15.90,16.30,800,11.10
2002-06-03,16.11,16.65,15.91,15.91,6700,10.84
2002-05-31,16.45,16.50,16.10,16.35,4600,11.14
2002-05-30,16.64,16.64,16.01,16.01,1200,10.90
2002-05-29,16.62,16.65,16.20,16.42,5500,11.18
2002-05-28,16.50,16.62,16.50,16.62,700,11.32
2002-05-24,16.75,16.75,16.01,16.65,23700,11.34
2002-05-23,16.54,16.55,16.01,16.50,1500,11.24
2002-05-22,17.20,17.30,16.01,16.01,12600,10.90
2002-05-21,16.80,17.00,16.80,16.90,3900,11.51
2002-05-20,17.10,17.10,16.75,16.99,1300,11.57
2002-05-17,16.85,17.00,16.75,16.90,900,11.51
2002-05-16,16.51,16.99,16.49,16.99,1800,11.57
2002-05-15,16.98,16.98,16.51,16.80,4200,11.44
2002-05-14,16.34,16.95,16.05,16.85,7800,11.48
2002-05-13,15.99,16.21,15.99,16.19,12500,11.03
2002-05-10,15.60,16.47,15.60,15.99,4300,10.89
2002-05-09,16.25,16.60,15.50,15.60,15700,10.62
2002-05-08,16.34,16.60,16.10,16.60,10300,11.31
2002-05-07,15.25,16.65,15.25,16.10,15700,10.96
2002-05-06,15.40,15.59,15.39,15.59,12500,10.62
2002-05-03,15.75,15.75,15.25,15.37,13700,10.47
2002-05-02,17.09,17.10,15.40,15.40,33500,10.49
2002-05-01,15.99,15.99,15.37,15.37,12800,10.47
2002-04-30,15.50,15.50,15.46,15.46,3300,10.53
2002-04-29,16.19,16.19,15.50,15.50,21200,10.56
2002-04-26,16.00,16.20,15.90,16.20,3500,11.03
2002-04-25,17.24,17.24,16.00,16.00,16200,10.90
2002-04-24,16.49,17.29,16.15,16.50,16200,11.24
2002-04-23,16.70,16.99,15.90,16.59,12300,11.30
2002-04-22,17.04,17.84,16.65,16.68,21800,11.36
2002-04-19,17.29,17.29,16.80,16.80,10100,11.44
2002-04-18,17.05,17.20,16.80,17.00,22300,11.58
2002-04-17,17.66,17.66,16.70,16.98,37500,11.56
2002-04-16,16.73,17.10,16.25,17.10,23900,11.65
2002-04-15,16.13,16.70,16.10,16.63,13400,11.33
2002-04-12,16.80,16.80,15.86,15.86,24300,10.80
2002-04-11,16.65,16.90,16.40,16.79,22500,11.43
2002-04-10,15.38,16.28,15.35,16.24,14200,11.06
2002-04-09,15.18,15.35,15.18,15.35,9100,10.45
2002-04-08,15.17,15.18,15.17,15.17,1100,10.33
2002-04-05,14.94,15.06,14.94,15.06,7000,10.26
2002-04-04,15.15,15.20,14.78,15.20,2000,10.35
2002-04-03,14.80,15.00,14.80,14.99,9100,10.21
2002-04-02,14.80,14.80,14.75,14.75,5600,10.05
2002-04-01,14.75,15.10,14.65,14.70,18100,10.01
2002-03-28,14.84,15.00,14.45,15.00,13600,10.22
2002-03-27,14.30,14.75,14.30,14.75,9400,10.05
2002-03-26,14.26,14.35,14.25,14.34,15800,9.77
2002-03-25,14.35,14.35,14.20,14.33,6000,9.76
2002-03-22,14.35,14.35,14.30,14.35,6800,9.77
2002-03-21,14.35,14.35,14.25,14.25,900,9.70
2002-03-20,14.77,14.77,14.35,14.43,2700,9.83
2002-03-19,14.85,15.00,14.39,14.55,12900,9.91
2002-03-18,14.20,14.20,14.20,14.20,400,9.58
2002-03-15,14.46,14.46,14.01,14.01,4200,9.45
2002-03-14,14.30,14.62,14.25,14.50,20000,9.78
2002-03-13,14.12,14.30,14.11,14.30,800,9.65
2002-03-12,14.06,14.50,14.06,14.48,11200,9.77
2002-03-11,14.10,14.31,14.05,14.31,4800,9.66
2002-03-08,14.07,14.31,14.07,14.31,3100,9.66
2002-03-07,13.86,14.50,13.55,14.20,22000,9.58
2002-03-06,13.30,13.75,13.30,13.75,300,9.28
2002-03-05,12.99,14.00,12.99,13.60,8000,9.18
2002-03-04,13.05,13.05,12.85,12.85,4600,8.67
2002-03-01,12.85,13.05,12.60,13.05,8000,8.81
2002-02-28,12.85,12.90,12.77,12.85,8300,8.67
2002-02-27,12.30,12.65,12.26,12.45,43700,8.40
2002-02-26,12.30,12.40,12.25,12.39,29400,8.36
2002-02-25,12.23,12.30,12.23,12.29,18900,8.29
2002-02-22,12.30,12.35,12.20,12.20,37100,8.23
2002-02-21,12.30,12.30,12.25,12.29,24000,8.29
2002-02-20,12.30,12.30,12.27,12.29,8100,8.29
2002-02-19,12.30,12.30,12.25,12.29,15900,8.29
2002-02-15,12.25,12.45,12.25,12.45,20500,8.40
2002-02-14,12.90,12.90,12.25,12.25,22600,8.27
2002-02-13,13.00,13.00,12.30,12.30,6800,8.30
2002-02-12,12.35,12.35,12.35,12.35,2000,8.33
2002-02-11,12.00,12.25,12.00,12.25,1000,8.27
2002-02-08,12.30,12.30,11.38,11.80,45400,7.96
2002-02-07,12.50,12.50,12.25,12.25,68400,8.27
2002-02-06,12.05,12.50,12.02,12.50,105100,8.44
2002-02-05,12.26,12.50,12.15,12.15,13600,8.20
2002-02-04,12.20,12.25,12.20,12.25,1000,8.27
2002-02-01,12.29,12.30,12.20,12.20,5400,8.23
2002-01-31,12.30,12.30,12.15,12.20,39800,8.23
2002-01-30,12.25,12.28,12.25,12.28,300,8.29
2002-01-29,11.91,12.05,11.91,12.05,33700,8.13
2002-01-28,11.95,11.95,11.95,11.95,4000,8.06
2002-01-25,11.90,12.05,11.90,11.95,23300,8.06
2002-01-24,11.96,12.25,11.90,12.00,9300,8.10
2002-01-23,11.85,11.85,11.75,11.85,48200,8.00
2002-01-22,11.96,11.96,11.96,11.96,000,8.07
2002-01-18,11.96,11.96,11.96,11.96,1300,8.07
2002-01-17,11.75,12.14,11.75,12.14,1500,8.19
2002-01-16,11.80,12.14,11.80,12.14,2100,8.19
2002-01-15,11.95,11.95,11.80,11.80,4000,7.96
2002-01-14,11.84,11.84,11.84,11.84,800,7.99
2002-01-11,11.84,11.84,11.75,11.75,5800,7.93
2002-01-10,11.75,11.75,11.75,11.75,200,7.93
2002-01-09,11.83,11.84,11.83,11.84,300,7.99
2002-01-08,11.75,11.84,11.75,11.75,2100,7.93
2002-01-07,11.84,11.84,11.75,11.84,2100,7.99
2002-01-04,11.84,11.84,11.84,11.84,000,7.99
2002-01-03,11.54,11.84,11.54,11.84,2300,7.99
2002-01-02,11.54,11.54,11.54,11.54,1900,7.79
2001-12-31,11.84,11.84,11.25,11.25,700,7.59
2001-12-28,11.20,11.70,11.15,11.70,900,7.90
2001-12-27,10.35,10.35,10.35,10.35,000,6.98
2001-12-26,11.20,11.20,10.35,10.35,2200,6.98
2001-12-24,10.50,11.20,10.40,11.20,4200,7.56
2001-12-21,10.40,10.40,10.40,10.40,100,7.02
2001-12-20,10.95,10.95,10.40,10.75,2700,7.25
2001-12-19,10.40,10.85,10.40,10.40,6000,7.02
2001-12-18,10.75,10.95,10.00,10.60,9900,7.15
2001-12-17,10.75,10.75,10.60,10.75,10400,7.17
2001-12-14,10.75,10.75,10.75,10.75,800,7.17
2001-12-13,10.84,11.05,10.75,10.75,28300,7.17
2001-12-12,10.85,10.85,10.85,10.85,100,7.23
2001-12-11,10.84,10.84,10.84,10.84,600,7.23
2001-12-10,10.75,10.76,10.75,10.75,24600,7.17
2001-12-07,11.00,11.00,10.75,10.75,4000,7.17
2001-12-06,10.99,11.00,10.50,11.00,2300,7.33
2001-12-05,10.75,10.75,10.75,10.75,000,7.17
2001-12-04,10.98,10.98,10.75,10.75,800,7.17
2001-12-03,10.40,10.98,10.35,10.98,2100,7.32
2001-11-30,10.40,10.55,10.40,10.55,7800,7.03
2001-11-29,10.55,10.56,10.55,10.56,800,7.04
2001-11-28,10.39,10.40,10.31,10.40,11300,6.93
2001-11-27,10.19,10.36,10.19,10.31,7700,6.87
2001-11-26,10.30,10.36,10.30,10.36,28300,6.91
2001-11-23,10.45,10.45,10.45,10.45,000,6.97
2001-11-21,9.87,10.45,9.87,10.45,8900,6.97
2001-11-20,10.21,10.25,9.85,10.07,23400,6.71
2001-11-19,10.21,10.29,10.21,10.29,800,6.86
2001-11-16,10.29,10.29,10.29,10.29,300,6.86
2001-11-15,10.25,10.25,10.25,10.25,4900,6.83
2001-11-14,10.25,10.35,10.20,10.20,13400,6.80
2001-11-13,10.25,10.25,10.25,10.25,000,6.83
2001-11-12,10.25,10.25,10.25,10.25,000,6.83
2001-11-09,10.49,10.49,10.25,10.25,1700,6.83
2001-11-08,10.25,10.39,10.25,10.39,2400,6.93
2001-11-07,10.28,10.40,10.25,10.40,18900,6.93
2001-11-06,10.28,10.48,10.25,10.26,14100,6.84
2001-11-05,10.30,10.36,9.90,10.25,48400,6.83
2001-11-02,10.30,10.30,10.30,10.30,16100,6.87
2001-11-01,10.30,10.30,10.25,10.28,33300,6.85
2001-10-31,10.60,10.60,10.60,10.60,000,7.07
2001-10-30,10.50,10.60,10.50,10.60,5000,7.07
2001-10-29,10.26,10.55,10.26,10.55,1300,7.03
2001-10-26,10.50,10.50,10.40,10.40,6700,6.93
2001-10-25,10.30,10.45,10.30,10.45,7000,6.97
2001-10-24,10.25,10.35,10.25,10.35,1800,6.90
2001-10-23,10.20,10.55,10.20,10.25,8100,6.83
2001-10-22,10.20,10.20,10.20,10.20,100,6.80
2001-10-19,10.50,10.50,10.25,10.25,7900,6.83
2001-10-18,10.50,10.50,10.35,10.35,3900,6.90
2001-10-17,10.12,10.45,10.12,10.45,6800,6.97
2001-10-16,10.05,10.27,10.05,10.18,7700,6.79
2001-10-15,10.25,10.25,10.25,10.25,300,6.83
2001-10-12,10.33,10.33,10.33,10.33,000,6.89
2001-10-11,10.20,10.33,10.20,10.33,700,6.89
2001-10-10,10.05,10.05,10.05,10.05,1200,6.70
2001-10-09,10.20,10.20,10.20,10.20,2000,6.80
2001-10-08,10.49,10.50,10.49,10.50,500,7.00
2001-10-05,10.59,10.59,10.59,10.59,100,7.06
2001-10-04,10.50,10.60,10.06,10.60,6100,7.07
2001-10-03,10.45,10.45,10.45,10.45,000,6.97
2001-10-02,10.00,10.45,10.00,10.45,900,6.97
2001-10-01,10.69,10.69,9.25,9.65,9800,6.43
2001-09-28,10.79,10.80,10.79,10.80,21600,7.20
2001-09-27,10.85,10.85,10.85,10.85,000,7.23
2001-09-26,10.85,10.85,10.85,10.85,400,7.23
2001-09-25,10.69,10.69,10.69,10.69,5100,7.13
2001-09-24,10.75,10.75,10.70,10.70,6900,7.13
2001-09-21,10.77,10.77,10.75,10.75,5700,7.17
2001-09-20,11.05,11.10,10.75,10.75,10900,7.17
2001-09-19,11.05,11.05,10.95,10.95,700,7.30
2001-09-18,11.30,11.30,11.30,11.30,800,7.53
2001-09-17,11.25,11.25,11.25,11.25,400,7.41
2001-09-10,11.20,11.35,11.20,11.35,4000,7.48
2001-09-07,11.35,11.35,11.19,11.20,900,7.38
2001-09-06,11.35,11.40,11.06,11.40,3000,7.51
2001-09-05,11.20,11.20,11.20,11.20,000,7.38
2001-09-04,11.25,11.25,11.05,11.20,1100,7.38
2001-08-31,11.39,11.39,11.39,11.39,200,7.51
2001-08-30,11.35,11.35,11.35,11.35,000,7.48
2001-08-29,11.54,11.80,11.35,11.35,1400,7.48
2001-08-28,11.10,11.10,11.00,11.00,4500,7.25
2001-08-27,11.50,11.50,11.50,11.50,500,7.58
2001-08-24,11.60,11.60,11.05,11.60,1100,7.64
2001-08-23,11.40,11.65,11.05,11.05,3000,7.28
2001-08-22,11.16,11.40,11.00,11.40,3100,7.51
2001-08-21,11.20,11.20,11.16,11.16,300,7.35
2001-08-20,11.20,11.34,11.20,11.34,2200,7.47
2001-08-17,11.46,11.46,11.15,11.20,800,7.38
2001-08-16,11.50,11.50,11.25,11.45,800,7.54
2001-08-15,11.50,11.55,11.50,11.50,1800,7.58
2001-08-14,12.05,12.05,12.04,12.04,2400,7.93
2001-08-13,11.22,11.22,11.22,11.22,000,7.39
2001-08-10,11.00,11.84,11.00,11.22,16800,7.39
2001-08-09,11.00,11.60,11.00,11.59,1200,7.64
2001-08-08,11.05,11.10,11.02,11.02,3500,7.26
2001-08-07,11.20,11.20,11.20,11.20,300,7.38
2001-08-06,11.60,11.60,11.60,11.60,100,7.64
2001-08-03,11.99,11.99,11.99,11.99,000,7.90
2001-08-02,12.00,12.00,11.99,11.99,700,7.90
2001-08-01,11.50,11.55,10.95,10.95,5500,7.22
2001-07-31,11.05,11.05,10.95,10.95,700,7.22
2001-07-30,11.75,11.75,10.95,11.50,12700,7.58
2001-07-27,11.60,11.73,11.55,11.73,21400,7.73
2001-07-26,11.50,11.58,11.20,11.20,1300,7.38
2001-07-25,11.46,11.60,11.17,11.60,19200,7.64
2001-07-24,11.45,11.60,11.45,11.45,10100,7.54
2001-07-23,11.45,11.75,11.45,11.45,3700,7.54
2001-07-20,11.17,11.75,11.17,11.75,1100,7.74
2001-07-19,11.40,11.40,11.00,11.15,1400,7.35
2001-07-18,12.05,12.05,10.85,11.20,18500,7.38
2001-07-17,12.09,12.09,12.07,12.07,400,7.95
2001-07-16,12.25,12.30,12.25,12.30,8600,8.11
2001-07-13,12.25,12.25,12.25,12.25,500,8.07
2001-07-12,12.25,12.35,11.85,12.17,12300,8.02
2001-07-11,12.35,12.35,12.35,12.35,20000,8.14
2001-07-10,12.38,12.40,12.00,12.35,9300,8.14
2001-07-09,12.05,12.45,12.05,12.45,96700,8.20
2001-07-06,12.00,12.00,12.00,12.00,600,7.91
2001-07-05,12.00,12.00,12.00,12.00,400,7.91
2001-07-03,11.97,11.97,11.90,11.90,1000,7.84
2001-07-02,11.98,11.98,11.85,11.85,300,7.81
2001-06-29,11.97,11.98,11.85,11.98,2300,7.89
2001-06-28,11.75,12.00,11.75,11.75,1400,7.74
2001-06-27,11.95,11.95,11.95,11.95,4000,7.87
2001-06-26,11.75,11.95,11.75,11.95,400,7.87
2001-06-25,11.95,11.95,11.75,11.75,700,7.74
2001-06-22,11.65,11.80,11.65,11.75,4700,7.74
2001-06-21,11.75,11.75,11.75,11.75,300,7.74
2001-06-20,12.00,12.00,11.87,11.87,1100,7.82
2001-06-19,11.75,11.75,11.73,11.73,2300,7.73
2001-06-18,11.65,11.65,11.65,11.65,500,7.59
2001-06-15,11.75,11.75,11.65,11.65,1500,7.59
2001-06-14,11.75,11.75,11.75,11.75,800,7.66
2001-06-13,12.00,12.00,12.00,12.00,000,7.82
2001-06-12,11.65,12.00,11.65,12.00,1700,7.82
2001-06-11,11.90,11.90,11.65,11.65,2500,7.59
2001-06-08,11.94,11.94,11.94,11.94,000,7.78
2001-06-07,11.75,11.94,11.66,11.94,1800,7.78
2001-06-06,11.65,11.75,11.65,11.75,1000,7.66
2001-06-05,12.00,12.00,12.00,12.00,000,7.82
2001-06-04,11.65,12.00,11.65,12.00,8000,7.82
2001-06-01,11.65,12.07,11.65,12.07,1700,7.86
2001-05-31,11.71,11.87,11.65,11.65,4000,7.59
2001-05-30,11.70,11.70,11.70,11.70,1400,7.62
2001-05-29,12.04,12.04,12.03,12.04,2900,7.85
2001-05-25,12.05,12.05,12.05,12.05,500,7.85
2001-05-24,12.05,12.10,11.60,11.60,1800,7.56
2001-05-23,11.60,12.10,11.60,12.00,900,7.82
2001-05-22,11.60,11.60,11.25,11.31,4900,7.37
2001-05-21,11.55,11.95,11.55,11.95,500,7.79
2001-05-18,12.10,12.10,11.60,11.60,3600,7.56
2001-05-17,12.10,12.10,12.00,12.00,1400,7.82
2001-05-16,12.05,12.10,12.00,12.10,13900,7.88
2001-05-15,12.00,12.15,12.00,12.15,1600,7.92
2001-05-14,12.00,12.05,12.00,12.02,1000,7.83
2001-05-11,12.00,12.05,12.00,12.05,500,7.85
2001-05-10,12.10,12.18,12.00,12.03,23000,7.84
2001-05-09,11.72,12.10,11.72,12.03,1900,7.84
2001-05-08,11.67,11.68,11.67,11.67,1000,7.60
2001-05-07,11.30,11.65,11.30,11.65,2000,7.59
2001-05-04,11.50,11.50,11.45,11.50,3600,7.49
2001-05-03,11.50,11.50,11.50,11.50,600,7.49
2001-05-02,11.40,11.50,11.40,11.50,1900,7.49
2001-05-01,11.30,11.30,11.30,11.30,000,7.36
2001-04-30,11.37,11.37,11.25,11.30,3800,7.36
2001-04-27,11.25,11.47,11.25,11.47,2400,7.47
2001-04-26,11.10,11.13,11.10,11.13,5600,7.25
2001-04-25,11.10,11.10,10.85,10.85,900,7.07
2001-04-24,11.00,11.00,10.80,10.80,900,7.04
2001-04-23,11.10,11.10,10.75,10.75,1600,7.00
2001-04-20,10.77,10.77,10.75,10.75,500,7.00
2001-04-19,10.75,11.13,10.75,10.75,7900,7.00
2001-04-18,10.75,10.75,10.50,10.75,7500,7.00
2001-04-17,10.50,11.08,10.50,11.00,1400,7.17
2001-04-16,10.65,11.08,10.50,10.57,17400,6.89
2001-04-12,10.90,10.90,10.82,10.82,5000,7.05
2001-04-11,10.75,10.75,10.75,10.75,600,7.00
2001-04-10,10.81,11.00,10.75,10.75,4800,7.00
2001-04-09,11.06,11.12,11.02,11.12,17900,7.25
2001-04-06,11.25,11.25,11.00,11.12,2200,7.25
2001-04-05,11.50,11.50,11.25,11.25,700,7.33
2001-04-04,11.25,11.50,11.25,11.50,3300,7.49
2001-04-03,11.50,11.50,11.50,11.50,000,7.49
2001-04-02,11.50,11.50,11.50,11.50,30600,7.49
2001-03-30,11.48,11.50,11.25,11.25,3700,7.33
2001-03-29,11.44,11.44,11.38,11.38,800,7.41
2001-03-28,11.56,11.56,11.44,11.44,13300,7.45
2001-03-27,11.56,11.56,11.56,11.56,000,7.53
2001-03-26,11.38,11.69,11.38,11.56,7900,7.53
2001-03-23,11.00,11.38,11.00,11.38,4800,7.41
2001-03-22,11.12,11.25,11.12,11.12,1700,7.25
2001-03-21,11.30,11.30,11.12,11.12,11200,7.25
2001-03-20,11.25,11.25,11.00,11.00,10600,7.17
2001-03-19,11.50,11.50,11.06,11.06,18500,7.12
2001-03-16,12.50,12.50,11.50,11.50,15800,7.41
2001-03-15,13.00,13.00,12.75,12.75,7500,8.21
2001-03-14,12.75,12.88,12.75,12.88,11100,8.29
2001-03-13,12.62,12.69,12.62,12.69,4100,8.17
2001-03-12,12.56,12.75,12.50,12.75,5100,8.21
2001-03-09,13.00,13.00,12.52,12.62,2300,8.13
2001-03-08,13.00,13.00,12.94,12.94,900,8.33
2001-03-07,12.75,13.12,12.75,13.00,3400,8.37
2001-03-06,12.50,12.56,12.50,12.50,500,8.05
2001-03-05,12.62,12.75,12.50,12.50,3600,8.05
2001-03-02,12.50,13.00,12.38,12.50,19400,8.05
2001-03-01,12.00,12.00,12.00,12.00,400,7.73
2001-02-28,12.38,12.38,12.38,12.38,100,7.97
2001-02-27,11.75,11.88,11.75,11.75,4600,7.57
2001-02-26,12.25,12.50,11.62,11.75,4700,7.57
2001-02-23,12.75,12.75,12.25,12.25,3300,7.89
2001-02-22,12.56,12.56,12.31,12.50,7600,8.05
2001-02-21,12.44,12.62,12.44,12.62,4900,8.13
2001-02-20,12.44,12.50,12.38,12.38,6100,7.97
2001-02-16,11.25,12.00,11.25,12.00,7300,7.73
2001-02-15,11.19,11.88,11.12,11.88,3000,7.65
2001-02-14,11.38,11.62,11.12,11.62,107200,7.49
2001-02-13,11.00,11.06,11.00,11.06,900,7.12
2001-02-12,11.31,11.31,11.00,11.06,4500,7.12
2001-02-09,11.38,11.38,11.06,11.38,5400,7.32
2001-02-08,11.00,11.25,11.00,11.25,900,7.24
2001-02-07,11.38,11.38,11.25,11.38,61700,7.32
2001-02-06,11.38,11.38,10.94,11.00,85900,7.08
2001-02-05,11.25,11.38,11.12,11.38,167800,7.32
2001-02-02,11.00,11.23,11.00,11.23,5300,7.23
2001-02-01,11.25,11.25,11.00,11.25,8500,7.24
2001-01-31,11.12,11.25,11.12,11.25,4900,7.24
2001-01-30,11.00,11.00,10.88,10.88,2600,7.00
2001-01-29,11.00,11.00,11.00,11.00,4200,7.08
2001-01-26,11.25,11.25,11.12,11.25,1900,7.24
2001-01-25,11.50,11.50,11.00,11.00,13100,7.08
2001-01-24,11.06,11.50,11.06,11.50,1600,7.41
2001-01-23,11.53,11.55,11.00,11.00,4200,7.08
2001-01-22,11.50,11.50,11.06,11.06,9100,7.12
2001-01-19,11.50,11.50,11.50,11.50,100,7.41
2001-01-18,11.64,12.00,11.62,12.00,2000,7.73
2001-01-17,11.75,11.75,11.75,11.75,000,7.57
2001-01-16,11.75,11.75,11.00,11.75,4800,7.57
2001-01-12,11.62,11.75,11.62,11.62,1800,7.49
2001-01-11,10.88,11.62,10.88,11.00,1500,7.08
2001-01-10,11.00,11.00,11.00,11.00,200,7.08
2001-01-09,11.62,11.62,11.62,11.62,2000,7.49
2001-01-08,11.00,11.38,10.75,10.88,6100,7.00
2001-01-05,11.00,11.00,11.00,11.00,000,7.08
2001-01-04,11.00,11.00,11.00,11.00,300,7.08
2001-01-03,11.25,11.25,11.25,11.25,1800,7.24
2001-01-02,11.25,11.25,11.25,11.25,800,7.24
2000-12-29,11.50,11.50,11.50,11.50,800,7.41
2000-12-28,10.62,11.62,10.62,11.19,9300,7.20
2000-12-27,10.62,10.62,10.56,10.56,3700,6.80
2000-12-26,10.62,10.62,10.50,10.50,31400,6.76
2000-12-22,10.62,10.62,10.50,10.56,4600,6.80
2000-12-21,10.69,11.00,10.69,10.69,800,6.88
2000-12-20,10.75,10.94,10.75,10.94,1800,7.04
2000-12-19,10.81,10.81,10.81,10.81,000,6.96
2000-12-18,10.88,11.00,10.62,11.00,11100,7.00
2000-12-15,10.81,10.81,10.81,10.81,000,6.88
2000-12-14,11.12,11.12,10.81,10.81,5500,6.88
2000-12-13,10.75,10.75,10.75,10.75,200,6.84
2000-12-12,10.62,10.69,10.62,10.69,700,6.80
2000-12-11,10.56,10.56,10.56,10.56,300,6.72
2000-12-08,10.56,10.69,10.56,10.69,2700,6.80
2000-12-07,10.62,10.69,10.56,10.69,41300,6.80
2000-12-06,10.62,10.62,10.62,10.62,000,6.76
2000-12-05,10.62,10.62,10.62,10.62,200,6.76
2000-12-04,10.62,10.62,10.62,10.62,200,6.76
2000-12-01,10.62,10.69,10.62,10.69,500,6.80
2000-11-30,10.62,10.62,10.62,10.62,3200,6.76
2000-11-29,10.81,10.81,10.81,10.81,000,6.88
2000-11-28,10.62,10.81,10.62,10.81,1100,6.88
2000-11-27,10.88,10.88,10.88,10.88,2000,6.92
2000-11-24,10.69,10.69,10.69,10.69,300,6.80
2000-11-22,10.69,10.69,10.69,10.69,200,6.80
2000-11-21,10.75,10.75,10.69,10.69,1000,6.80
2000-11-20,10.69,11.00,10.69,11.00,2400,7.00
2000-11-17,10.81,10.94,10.81,10.94,1600,6.96
2000-11-16,11.12,11.12,10.88,10.88,2000,6.92
2000-11-15,11.12,11.12,11.12,11.12,8100,7.08
2000-11-14,10.75,10.75,10.75,10.75,3000,6.84
2000-11-13,11.25,11.38,10.88,10.88,26300,6.92
2000-11-10,10.88,11.12,10.88,11.12,8300,7.08
2000-11-09,10.70,11.12,10.70,11.12,8500,7.08
2000-11-08,10.75,10.75,10.75,10.75,400,6.84
2000-11-07,11.00,11.00,11.00,11.00,000,7.00
2000-11-06,10.88,11.00,10.75,11.00,10000,7.00
2000-11-03,11.00,11.00,11.00,11.00,000,7.00
2000-11-02,11.00,11.00,11.00,11.00,2200,7.00
2000-11-01,11.00,11.12,10.81,10.81,1400,6.88
2000-10-31,11.00,11.12,11.00,11.12,4000,7.08
2000-10-30,10.88,11.25,10.88,11.06,1400,7.04
2000-10-27,10.88,10.94,10.88,10.88,10000,6.92
2000-10-26,10.75,10.75,10.69,10.69,6200,6.80
2000-10-25,10.88,10.88,10.75,10.75,8200,6.84
2000-10-24,10.88,10.88,10.88,10.88,17500,6.92
2000-10-23,10.88,10.88,10.88,10.88,600,6.92
2000-10-20,11.12,11.12,11.12,11.12,200,7.08
2000-10-19,11.00,11.12,10.88,11.12,3500,7.08
2000-10-18,11.25,11.38,11.00,11.00,3900,7.00
2000-10-17,11.50,11.50,11.12,11.19,11500,7.12
2000-10-16,11.62,11.62,11.62,11.62,000,7.40
2000-10-13,11.50,11.62,11.50,11.62,1900,7.40
2000-10-12,11.56,11.62,11.50,11.50,101100,7.32
2000-10-11,11.62,11.62,11.62,11.62,000,7.40
2000-10-10,11.50,11.62,11.50,11.62,79700,7.40
2000-10-09,11.50,11.69,11.50,11.69,2800,7.44
2000-10-06,11.50,11.56,11.19,11.25,19900,7.16
2000-10-05,11.75,11.81,11.50,11.50,5600,7.32
2000-10-04,12.00,12.00,11.50,11.75,4200,7.48
2000-10-03,12.25,12.25,12.25,12.25,000,7.79
2000-10-02,12.31,12.31,12.25,12.25,3400,7.79
2000-09-29,12.25,12.25,12.25,12.25,2600,7.79
2000-09-28,12.25,12.25,12.25,12.25,2200,7.79
2000-09-27,12.25,12.25,12.25,12.25,1000,7.79
2000-09-26,12.25,12.25,12.25,12.25,000,7.79
2000-09-25,12.25,12.25,12.25,12.25,1000,7.79
2000-09-22,12.31,12.31,12.31,12.31,000,7.83
2000-09-21,12.56,12.62,12.12,12.31,10800,7.83
2000-09-20,12.56,12.69,12.56,12.69,2400,8.07
2000-09-19,12.56,12.56,12.56,12.56,200,7.99
2000-09-18,12.56,12.75,12.56,12.75,10400,8.03
2000-09-15,12.56,12.56,12.56,12.56,000,7.91
2000-09-14,13.00,13.00,12.56,12.56,2300,7.91
2000-09-13,12.81,13.00,12.50,12.75,37600,8.03
2000-09-12,12.50,12.75,12.50,12.62,1900,7.95
2000-09-11,12.50,12.50,12.50,12.50,000,7.87
2000-09-08,12.31,12.50,12.31,12.50,3700,7.87
2000-09-07,12.31,12.31,12.31,12.31,500,7.75
2000-09-06,12.38,12.50,12.31,12.50,31100,7.87
2000-09-05,12.25,12.31,12.25,12.31,1500,7.75
2000-09-01,12.25,12.44,12.25,12.44,1600,7.83
2000-08-31,12.25,12.44,12.25,12.25,18900,7.72
2000-08-30,12.25,12.25,12.25,12.25,900,7.72
2000-08-29,12.50,12.50,12.50,12.50,400,7.87
2000-08-28,12.25,12.25,12.25,12.25,1400,7.72
2000-08-25,12.25,12.31,12.25,12.31,6200,7.75
2000-08-24,12.50,12.50,12.25,12.25,2100,7.72
2000-08-23,12.31,12.31,12.31,12.31,000,7.75
2000-08-22,12.25,12.38,12.25,12.31,25200,7.75
2000-08-21,12.25,12.38,12.25,12.31,30600,7.75
2000-08-18,12.50,12.50,12.25,12.25,1300,7.72
2000-08-17,12.25,12.62,12.25,12.62,700,7.95
2000-08-16,12.25,12.25,12.25,12.25,200,7.72
2000-08-15,12.25,12.62,12.25,12.62,900,7.95
2000-08-14,12.25,12.50,12.25,12.50,8600,7.87
2000-08-11,12.25,12.25,12.25,12.25,4800,7.72
2000-08-10,12.50,12.50,12.50,12.50,6700,7.87
2000-08-09,12.75,12.75,12.75,12.75,500,8.03
2000-08-08,12.00,12.75,12.00,12.75,6700,8.03
2000-08-07,12.00,12.00,12.00,12.00,000,7.56
2000-08-04,12.00,12.00,12.00,12.00,800,7.56
2000-08-03,12.12,12.12,12.12,12.12,3700,7.64
2000-08-02,12.00,12.00,12.00,12.00,1800,7.56
2000-08-01,12.12,12.19,12.00,12.12,5600,7.64
2000-07-31,12.38,12.38,12.25,12.31,2300,7.75
2000-07-28,12.31,12.50,12.25,12.25,19800,7.72
2000-07-27,12.31,12.31,12.31,12.31,1700,7.75
2000-07-26,12.31,12.50,12.31,12.38,2900,7.79
2000-07-25,12.38,12.38,12.38,12.38,000,7.79
2000-07-24,12.31,12.38,12.31,12.38,7200,7.79
2000-07-21,12.38,12.38,12.31,12.31,3000,7.75
2000-07-20,12.44,12.44,12.44,12.44,000,7.83
2000-07-19,12.38,12.44,12.38,12.44,700,7.83
2000-07-18,12.31,12.31,12.31,12.31,000,7.75
2000-07-17,12.44,12.44,12.31,12.31,2200,7.75
2000-07-14,12.31,12.31,12.31,12.31,200,7.75
2000-07-13,12.31,12.31,12.31,12.31,2200,7.75
2000-07-12,12.31,12.31,12.31,12.31,100,7.75
2000-07-11,12.31,12.31,12.31,12.31,000,7.75
2000-07-10,12.53,12.53,12.31,12.31,400,7.75
2000-07-07,12.31,12.31,12.31,12.31,000,7.75
2000-07-06,12.31,12.31,12.31,12.31,000,7.75
2000-07-05,12.75,12.75,12.31,12.31,2700,7.75
2000-07-03,12.25,12.81,12.25,12.81,3500,8.07
2000-06-30,12.38,12.88,12.00,12.25,16800,7.72
2000-06-29,12.38,12.38,12.38,12.38,13100,7.79
2000-06-28,12.44,12.44,12.44,12.44,1200,7.83
2000-06-27,12.50,12.50,12.50,12.50,5200,7.87
2000-06-26,12.50,12.50,12.50,12.50,900,7.87
2000-06-23,12.50,12.50,12.50,12.50,2500,7.87
2000-06-22,12.50,12.70,12.50,12.50,25400,7.87
2000-06-21,12.81,12.81,12.75,12.75,7200,8.03
2000-06-20,12.94,13.00,12.75,12.81,3900,8.07
2000-06-19,12.81,12.81,12.81,12.81,1700,7.99
2000-06-16,13.00,13.12,13.00,13.12,80700,8.18
2000-06-15,13.62,13.75,13.25,13.25,6500,8.26
2000-06-14,13.62,14.12,13.50,13.88,16300,8.65
2000-06-13,13.00,13.62,13.00,13.62,137000,8.49
2000-06-12,13.25,13.25,13.25,13.25,000,8.26
2000-06-09,13.00,13.25,13.00,13.25,2300,8.26
2000-06-08,13.12,13.12,13.12,13.12,10400,8.18
2000-06-07,13.53,13.53,12.94,12.94,26200,8.07
2000-06-06,12.69,13.56,12.69,13.56,96800,8.46
2000-06-05,12.88,13.00,12.62,12.62,6000,7.87
2000-06-02,13.00,13.00,12.94,12.94,5000,8.07
2000-06-01,12.94,12.94,12.94,12.94,2300,8.07
2000-05-31,12.88,13.00,12.88,12.94,38600,8.07
2000-05-30,12.75,13.00,12.75,13.00,9800,8.10
2000-05-26,12.62,13.00,12.62,13.00,4800,8.10
2000-05-25,12.88,12.88,12.81,12.88,1700,8.03
2000-05-24,12.50,12.75,12.50,12.75,1000,7.95
2000-05-23,13.00,13.00,13.00,13.00,1000,8.10
2000-05-22,12.75,12.94,12.75,12.75,9300,7.95
2000-05-19,12.94,12.94,12.94,12.94,000,8.07
2000-05-18,12.94,12.94,12.94,12.94,000,8.07
2000-05-17,12.94,12.94,12.94,12.94,000,8.07
2000-05-16,12.91,12.94,12.88,12.94,2500,8.07
2000-05-15,12.81,12.81,12.81,12.81,1300,7.99
2000-05-12,12.81,12.81,12.81,12.81,3900,7.99
2000-05-11,12.75,13.00,12.75,13.00,26700,8.10
2000-05-10,12.75,12.75,12.25,12.75,3700,7.95
2000-05-09,12.69,12.81,12.69,12.75,8900,7.95
2000-05-08,12.88,13.00,12.62,13.00,26900,8.10
2000-05-05,12.88,12.88,12.88,12.88,3600,8.03
2000-05-04,13.00,13.00,12.88,12.88,21200,8.03
2000-05-03,12.88,13.00,12.88,13.00,1500,8.10
2000-05-02,12.88,12.88,12.88,12.88,1000,8.03
2000-05-01,13.25,13.25,13.25,13.25,000,8.26
2000-04-28,12.62,13.25,12.62,13.25,800,8.26
2000-04-27,13.25,13.25,12.75,12.75,3100,7.95
2000-04-26,12.75,13.62,12.75,13.62,14900,8.49
2000-04-25,12.38,12.38,12.38,12.38,5600,7.72
2000-04-24,12.00,12.00,12.00,12.00,200,7.48
2000-04-20,12.25,12.62,12.25,12.62,5900,7.87
2000-04-19,11.88,12.00,11.88,11.88,8100,7.40
2000-04-18,12.00,12.25,11.75,12.00,6200,7.48
2000-04-17,11.75,12.50,11.75,12.50,2900,7.79
2000-04-14,11.88,11.88,11.50,11.75,900,7.33
2000-04-13,12.00,12.00,12.00,12.00,900,7.48
2000-04-12,12.25,12.62,12.00,12.00,3800,7.48
2000-04-11,12.38,12.38,11.38,11.88,8900,7.40
2000-04-10,12.00,12.00,11.62,11.62,2700,7.25
2000-04-07,11.75,12.00,11.62,12.00,3000,7.48
2000-04-06,12.00,12.06,11.88,12.06,2900,7.52
2000-04-05,12.12,12.12,12.00,12.00,300,7.48
2000-04-04,12.25,12.73,12.00,12.73,2500,7.94
2000-04-03,12.25,12.25,12.25,12.25,500,7.64
2000-03-31,12.25,12.25,12.25,12.25,400,7.64
2000-03-30,12.25,12.25,12.25,12.25,700,7.64
2000-03-29,12.19,12.50,12.19,12.25,1100,7.64
2000-03-28,12.25,12.25,12.06,12.19,27300,7.60
2000-03-27,12.25,12.25,12.25,12.25,1000,7.64
2000-03-24,12.38,12.38,12.12,12.25,8400,7.64
2000-03-23,12.38,12.38,12.38,12.38,100,7.72
2000-03-22,12.00,12.25,12.00,12.00,10000,7.48
2000-03-21,12.50,12.50,11.75,11.88,7900,7.40
2000-03-20,12.25,13.61,12.25,13.61,9400,8.40
2000-03-17,12.00,12.25,12.00,12.00,2600,7.41
2000-03-16,12.00,12.00,12.00,12.00,1300,7.41
2000-03-15,12.00,12.00,12.00,12.00,500,7.41
2000-03-14,12.12,12.38,11.88,12.19,12900,7.53
2000-03-13,12.75,13.00,12.12,12.12,8100,7.49
2000-03-10,12.12,12.12,12.12,12.12,100,7.49
2000-03-09,12.38,12.38,12.38,12.38,16700,7.64
2000-03-08,12.38,12.38,12.38,12.38,1900,7.64
2000-03-07,12.00,12.00,12.00,12.00,100,7.41
2000-03-06,12.50,12.50,12.50,12.50,800,7.72
2000-03-03,12.38,12.38,12.38,12.38,2300,7.64
2000-03-02,12.56,12.56,12.38,12.44,3500,7.68
2000-03-01,12.50,13.00,12.12,12.50,9400,7.72
2000-02-29,13.00,13.00,12.75,12.75,4400,7.87
2000-02-28,13.00,13.12,12.81,12.81,12000,7.91
2000-02-25,13.00,13.25,13.00,13.00,2300,8.03
2000-02-24,13.38,13.38,13.38,13.38,12600,8.26
2000-02-23,13.38,13.50,13.38,13.38,25900,8.26
2000-02-22,13.38,13.50,13.38,13.38,2300,8.26
2000-02-18,13.50,13.50,13.38,13.38,1500,8.26
2000-02-17,13.88,13.88,13.50,13.50,2100,8.34
2000-02-16,13.38,14.00,13.38,13.88,15900,8.57
2000-02-15,13.38,14.00,13.38,13.38,5900,8.26
2000-02-14,13.38,13.38,13.38,13.38,400,8.26
2000-02-11,13.69,13.69,13.38,13.38,17600,8.26
2000-02-10,13.38,13.75,13.38,13.75,3300,8.49
2000-02-09,14.00,14.00,13.38,13.38,4700,8.26
2000-02-08,13.56,14.00,13.38,13.75,22300,8.49
2000-02-07,12.00,13.75,12.00,13.75,23300,8.49
2000-02-04,12.25,12.25,12.00,12.00,3300,7.41
2000-02-03,12.38,12.38,12.38,12.38,5500,7.64
2000-02-02,12.38,12.38,12.38,12.38,2300,7.64
2000-02-01,13.00,13.00,12.38,13.00,1000,8.03
2000-01-31,12.50,12.50,12.38,12.38,900,7.64
2000-01-28,12.75,12.75,12.50,12.50,1800,7.72
2000-01-27,13.50,13.50,12.75,12.75,900,7.87
2000-01-26,13.00,13.50,12.75,12.75,8900,7.87
2000-01-25,13.00,13.00,13.00,13.00,000,8.03
2000-01-24,13.00,13.00,13.00,13.00,200,8.03
2000-01-21,12.75,12.75,12.75,12.75,500,7.87
2000-01-20,12.75,13.50,12.75,13.50,2200,8.34
2000-01-19,13.00,13.50,13.00,13.12,11400,8.10
2000-01-18,13.50,13.50,13.00,13.00,2900,8.03
2000-01-14,12.75,12.75,12.75,12.75,400,7.87
2000-01-13,13.12,13.12,12.75,12.75,5800,7.87
2000-01-12,12.62,12.62,12.62,12.62,200,7.80
2000-01-11,12.50,12.50,12.50,12.50,100,7.72
2000-01-10,12.75,12.75,12.75,12.75,5800,7.87
2000-01-07,12.75,13.00,12.50,13.00,13000,8.03
2000-01-06,12.50,12.75,12.50,12.75,1600,7.87
2000-01-05,12.81,12.81,12.81,12.81,200,7.91
2000-01-04,13.00,13.00,12.62,12.62,1100,7.80
2000-01-03,13.50,13.50,12.62,12.62,3800,7.80
1999-12-31,12.88,13.50,12.88,13.38,11300,8.26
1999-12-30,13.00,13.00,12.50,12.50,5400,7.72
1999-12-29,12.94,12.94,12.88,12.88,3500,7.95
1999-12-28,13.12,13.12,12.88,12.94,1000,7.99
1999-12-27,13.38,13.75,13.25,13.25,11000,8.18
1999-12-23,13.38,13.38,13.38,13.38,3500,8.26
1999-12-22,13.38,13.38,13.38,13.38,500,8.26
1999-12-21,13.38,13.50,13.38,13.50,10000,8.34
1999-12-20,13.38,13.38,13.38,13.38,300,8.26
1999-12-17,13.50,13.50,13.50,13.50,2200,8.34
1999-12-16,13.56,13.56,13.38,13.44,6000,8.22
1999-12-15,13.56,13.56,13.38,13.38,400,8.18
1999-12-14,13.69,13.69,13.69,13.69,300,8.37
1999-12-13,13.69,13.69,13.50,13.50,1400,8.26
1999-12-10,13.66,13.66,13.50,13.62,10500,8.33
1999-12-09,13.69,13.69,13.50,13.62,22400,8.33
1999-12-08,13.72,13.72,13.50,13.50,56100,8.26
1999-12-07,13.62,13.69,13.62,13.62,28000,8.33
1999-12-06,13.94,13.94,13.62,13.62,6600,8.33
1999-12-03,13.62,13.62,13.62,13.62,1400,8.33
1999-12-02,13.94,13.94,13.56,13.56,1200,8.29
1999-12-01,13.50,13.88,13.50,13.75,2900,8.41
1999-11-30,13.75,13.94,13.75,13.94,2100,8.52
1999-11-29,13.94,13.94,13.94,13.94,200,8.52
1999-11-26,13.50,13.75,13.50,13.75,2000,8.41
1999-11-24,13.50,13.94,13.50,13.75,9700,8.41
1999-11-23,13.75,13.88,13.50,13.69,1100,8.37
1999-11-22,13.50,13.50,13.50,13.50,2000,8.26
1999-11-19,13.38,13.50,13.38,13.50,2400,8.26
1999-11-18,13.25,13.50,13.25,13.25,5300,8.10
1999-11-17,13.25,13.25,13.25,13.25,8200,8.10
1999-11-16,13.25,13.25,13.25,13.25,1300,8.10
1999-11-15,13.38,13.38,13.38,13.38,700,8.18
1999-11-12,13.47,13.50,13.25,13.25,4400,8.10
1999-11-11,13.25,13.25,13.25,13.25,500,8.10
1999-11-10,13.31,13.31,13.31,13.31,000,8.14
1999-11-09,13.31,13.31,13.25,13.31,48000,8.14
1999-11-08,13.31,13.31,13.31,13.31,100,8.14
1999-11-05,13.38,13.38,13.31,13.31,3900,8.14
1999-11-04,13.25,13.25,13.25,13.25,000,8.10
1999-11-03,13.25,13.25,13.25,13.25,400,8.10
1999-11-02,13.25,13.25,13.25,13.25,1600,8.10
1999-11-01,13.25,13.25,13.25,13.25,300,8.10
1999-10-29,13.38,13.38,13.25,13.25,16700,8.10
1999-10-28,13.31,13.31,13.31,13.31,000,8.14
1999-10-27,13.38,13.38,13.25,13.31,5000,8.14
1999-10-26,13.56,13.62,13.56,13.56,3100,8.29
1999-10-25,13.44,13.88,13.44,13.81,2600,8.45
1999-10-22,13.25,13.75,13.25,13.75,3700,8.41
1999-10-21,13.50,13.50,13.50,13.50,400,8.26
1999-10-20,13.62,13.62,13.62,13.62,500,8.33
1999-10-19,13.62,13.62,13.56,13.56,2700,8.29
1999-10-18,13.25,13.25,13.25,13.25,500,8.10
1999-10-15,13.50,13.50,13.12,13.25,5600,8.10
1999-10-14,13.88,13.88,13.88,13.88,3500,8.48
1999-10-13,13.38,13.38,13.38,13.38,100,8.18
1999-10-12,13.38,13.38,13.38,13.38,000,8.18
1999-10-11,13.94,13.97,13.38,13.38,700,8.18
1999-10-08,13.38,13.38,13.38,13.38,500,8.18
1999-10-07,13.97,14.00,13.50,13.88,4700,8.48
1999-10-06,13.88,13.88,13.88,13.88,100,8.48
1999-10-05,14.00,14.00,13.94,13.94,3300,8.52
1999-10-04,14.00,14.00,14.00,14.00,1300,8.56
1999-10-01,13.44,14.00,13.44,14.00,10800,8.56
1999-09-30,13.38,13.88,13.38,13.50,4400,8.26
1999-09-29,13.38,13.38,13.38,13.38,000,8.18
1999-09-28,13.41,13.44,13.38,13.38,6200,8.18
1999-09-27,13.47,13.50,13.38,13.50,70900,8.26
1999-09-24,13.38,13.56,13.38,13.56,1700,8.29
1999-09-23,13.38,13.75,13.38,13.38,1600,8.18
1999-09-22,13.75,13.88,13.38,13.75,1300,8.41
1999-09-21,13.38,13.38,13.38,13.38,000,8.18
1999-09-20,13.38,13.38,13.38,13.38,300,8.18
1999-09-17,13.38,13.38,13.38,13.38,100,8.18
1999-09-16,13.38,13.38,13.38,13.38,1600,8.10
1999-09-15,13.38,13.38,13.38,13.38,000,8.10
1999-09-14,13.38,13.38,13.38,13.38,1100,8.10
1999-09-13,13.50,13.50,13.50,13.50,1500,8.18
1999-09-10,13.38,13.38,13.38,13.38,500,8.10
1999-09-09,13.38,13.38,13.38,13.38,500,8.10
1999-09-08,13.75,13.75,13.75,13.75,000,8.33
1999-09-07,13.75,14.00,13.75,13.75,4900,8.33
1999-09-03,13.38,13.38,13.38,13.38,000,8.10
1999-09-02,13.25,13.38,13.25,13.38,1100,8.10
1999-09-01,13.31,13.31,13.31,13.31,000,8.06
1999-08-31,13.31,13.31,13.31,13.31,200,8.06
1999-08-30,13.50,13.50,13.50,13.50,100,8.18
1999-08-27,13.50,13.50,13.50,13.50,2000,8.18
1999-08-26,13.12,13.25,13.12,13.25,3500,8.02
1999-08-25,13.88,13.88,13.50,13.62,3500,8.25
1999-08-24,13.88,14.19,13.88,14.19,2900,8.59
1999-08-23,13.25,14.31,13.25,14.19,5600,8.59
1999-08-20,13.25,13.25,13.25,13.25,1900,8.02
1999-08-19,13.25,13.50,13.25,13.50,700,8.18
1999-08-18,13.25,13.25,13.25,13.25,1800,8.02
1999-08-17,13.50,13.50,13.25,13.25,5700,8.02
1999-08-16,13.50,13.50,13.50,13.50,400,8.18
1999-08-13,13.50,13.50,13.50,13.50,600,8.18
1999-08-12,12.56,13.50,12.56,13.31,10300,8.06
1999-08-11,13.88,13.88,13.12,13.12,9700,7.95
1999-08-10,13.88,13.88,13.69,13.69,2600,8.29
1999-08-09,13.88,14.25,13.75,13.75,10100,8.33
1999-08-06,13.59,14.62,13.59,14.00,18100,8.48
1999-08-05,13.44,13.75,13.44,13.75,13600,8.33
1999-08-04,13.19,13.62,13.19,13.47,14700,8.16
1999-08-03,12.88,13.06,12.88,13.00,1900,7.87
1999-08-02,13.19,13.19,13.00,13.00,1400,7.87
1999-07-30,13.38,13.38,13.38,13.38,1100,8.10
1999-07-29,13.38,13.38,13.38,13.38,000,8.10
1999-07-28,13.38,13.38,13.38,13.38,300,8.10
1999-07-27,13.44,13.44,13.44,13.44,000,8.14
1999-07-26,13.50,13.50,13.38,13.44,12500,8.14
1999-07-23,13.38,13.50,13.38,13.50,1700,8.18
1999-07-22,13.38,13.50,13.38,13.50,400,8.18
1999-07-21,13.38,13.38,13.38,13.38,200,8.10
1999-07-20,13.38,13.38,13.38,13.38,000,8.10
1999-07-19,13.62,13.62,13.38,13.38,1500,8.10
1999-07-16,13.62,13.62,13.62,13.62,400,8.25
1999-07-15,13.62,13.84,13.62,13.62,2400,8.25
1999-07-14,14.00,14.00,13.62,13.62,500,8.25
1999-07-13,13.75,13.88,13.38,13.88,8200,8.40
1999-07-12,13.00,13.50,13.00,13.50,4700,8.18
1999-07-09,13.25,13.62,13.00,13.00,9700,7.87
1999-07-08,13.25,13.25,13.25,13.25,1800,8.02
1999-07-07,13.25,13.25,13.25,13.25,3600,8.02
1999-07-06,13.44,13.44,12.88,12.88,14500,7.80
1999-07-02,13.38,13.38,13.38,13.38,100,8.10
1999-07-01,13.31,13.38,13.06,13.38,1700,8.10
1999-06-30,13.31,13.31,13.31,13.31,500,8.06
1999-06-29,13.31,13.50,13.31,13.50,1300,8.18
1999-06-28,13.25,13.31,13.25,13.31,3600,8.06
1999-06-25,13.12,13.25,13.12,13.25,2600,8.02
1999-06-24,13.12,13.38,13.12,13.31,144100,8.06
1999-06-23,13.12,13.25,13.12,13.12,12400,7.95
1999-06-22,13.12,13.50,13.12,13.50,200,8.18
1999-06-21,13.25,13.47,13.19,13.38,18400,8.03
1999-06-18,13.25,13.50,13.25,13.50,20900,8.10
1999-06-17,13.12,13.12,13.12,13.12,1100,7.88
1999-06-16,13.00,13.25,13.00,13.25,2600,7.95
1999-06-15,13.25,13.25,12.75,13.00,4000,7.80
1999-06-14,13.38,13.38,12.50,12.75,5500,7.65
1999-06-11,13.50,13.50,13.31,13.31,75100,7.99
1999-06-10,13.44,13.50,13.38,13.38,2600,8.03
1999-06-09,13.38,13.38,13.38,13.38,2000,8.03
1999-06-08,13.50,13.62,13.50,13.50,800,8.10
1999-06-07,13.50,13.50,13.25,13.25,600,7.95
1999-06-04,13.50,13.50,13.38,13.50,3900,8.10
1999-06-03,14.00,14.00,13.50,13.50,10600,8.10
1999-06-02,13.50,13.50,13.25,13.50,1000,8.10
1999-06-01,13.88,13.88,13.88,13.88,000,8.33
1999-05-28,13.50,13.88,13.50,13.88,16900,8.33
1999-05-27,13.81,13.81,13.50,13.50,3800,8.10
1999-05-26,13.50,13.94,13.50,13.94,26300,8.36
1999-05-25,14.00,14.00,13.50,13.50,23600,8.10
1999-05-24,14.12,14.12,13.50,13.50,17700,8.10
1999-05-21,13.25,13.38,13.25,13.38,4900,8.03
1999-05-20,13.25,13.50,13.25,13.38,1800,8.03
1999-05-19,13.50,13.69,13.25,13.25,9000,7.95
1999-05-18,13.69,13.69,13.62,13.69,7300,8.21
1999-05-17,13.50,13.69,13.25,13.62,15500,8.18
1999-05-14,14.00,14.00,13.50,13.56,11000,8.14
1999-05-13,13.62,13.62,13.62,13.62,2000,8.18
1999-05-12,13.38,13.38,13.38,13.38,000,8.03
1999-05-11,13.38,13.38,13.38,13.38,1000,8.03
1999-05-10,13.00,13.00,13.00,13.00,000,7.80
1999-05-07,14.12,14.12,13.00,13.00,27900,7.80
1999-05-06,14.12,14.12,13.38,13.62,4100,8.18
1999-05-05,13.06,13.06,13.06,13.06,200,7.84
1999-05-04,13.50,13.50,13.25,13.25,4000,7.95
1999-05-03,13.50,13.50,13.06,13.06,1500,7.84
1999-04-30,13.06,13.06,13.06,13.06,8600,7.84
1999-04-29,13.19,13.19,13.19,13.19,7900,7.91
1999-04-28,13.19,13.25,13.19,13.25,69100,7.95
1999-04-27,13.44,13.44,13.12,13.44,3900,8.06
1999-04-26,14.12,14.12,13.38,14.12,12100,8.48
1999-04-23,13.62,14.12,13.00,14.12,25900,8.48
1999-04-22,14.00,14.00,14.00,14.00,1000,8.40
1999-04-21,13.81,13.81,13.00,13.25,19800,7.95
1999-04-20,13.75,14.12,13.75,13.75,13500,8.25
1999-04-19,13.88,13.88,13.75,13.88,9000,8.33
1999-04-16,12.75,13.62,12.75,13.38,9200,8.03
1999-04-15,12.38,13.00,12.38,13.00,3700,7.80
1999-04-14,12.00,12.00,11.75,11.75,4200,7.05
1999-04-13,12.12,12.38,12.12,12.12,3400,7.28
1999-04-12,12.62,12.62,12.00,12.12,6700,7.28
1999-04-09,12.88,12.88,12.69,12.69,2900,7.61
1999-04-08,13.00,13.00,12.88,12.88,1400,7.73
1999-04-07,13.00,13.00,13.00,13.00,400,7.80
1999-04-06,13.00,13.25,12.88,13.00,6600,7.80
1999-04-05,13.38,13.50,12.97,12.97,31700,7.78
1999-04-01,13.25,13.88,13.12,13.88,7000,8.33
1999-03-31,13.44,13.44,13.12,13.12,2500,7.88
1999-03-30,13.12,13.44,13.06,13.12,16800,7.88
1999-03-29,13.00,13.06,13.00,13.00,10500,7.80
1999-03-26,12.75,12.94,12.75,12.75,48800,7.65
1999-03-25,12.75,13.00,12.75,12.88,13600,7.73
1999-03-24,12.25,12.44,12.25,12.44,19400,7.46
1999-03-23,12.38,12.44,12.31,12.38,12600,7.43
1999-03-22,12.50,12.50,12.19,12.44,2600,7.39
1999-03-19,12.69,12.69,12.50,12.62,1800,7.50
1999-03-18,13.03,13.03,12.75,12.75,3100,7.58
1999-03-17,12.81,13.03,12.81,12.81,10700,7.62
1999-03-16,12.81,12.81,12.81,12.81,000,7.62
1999-03-15,12.62,13.00,12.62,12.81,6800,7.62
1999-03-12,13.50,13.50,12.62,12.62,3000,7.50
1999-03-11,13.50,13.50,13.00,13.00,2600,7.73
1999-03-10,13.12,13.12,13.00,13.00,2400,7.73
1999-03-09,13.00,13.00,12.75,12.75,1200,7.58
1999-03-08,12.69,12.69,12.69,12.69,500,7.54
1999-03-05,12.75,12.75,12.75,12.75,600,7.58
1999-03-04,13.00,13.44,12.75,12.75,4300,7.58
1999-03-03,12.00,12.19,12.00,12.19,1400,7.24
1999-03-02,12.12,12.25,12.12,12.25,1300,7.28
1999-03-01,12.25,12.25,12.25,12.25,3500,7.28
1999-02-26,13.00,13.00,12.12,12.25,3600,7.28
1999-02-25,12.75,13.00,12.75,13.00,2400,7.73
1999-02-24,13.00,13.00,13.00,13.00,2400,7.73
1999-02-23,13.00,13.00,13.00,13.00,700,7.73
1999-02-22,13.00,14.00,12.25,13.25,17800,7.88
1999-02-19,12.25,12.62,12.25,12.62,3200,7.50
1999-02-18,12.00,13.00,12.00,12.62,12800,7.50
1999-02-17,12.19,12.19,12.12,12.12,4800,7.21
1999-02-16,12.44,12.44,12.19,12.19,1300,7.24
1999-02-12,12.12,12.12,12.12,12.12,000,7.21
1999-02-11,12.12,12.12,12.12,12.12,100,7.21
1999-02-10,11.94,12.62,11.94,12.50,57500,7.43
1999-02-09,11.75,11.94,11.69,11.94,21400,7.10
1999-02-08,11.88,11.88,11.62,11.62,3100,6.91
1999-02-05,11.75,11.75,11.75,11.75,000,6.98
1999-02-04,11.75,11.75,11.75,11.75,2800,6.98
1999-02-03,12.50,13.00,11.75,11.75,10100,6.98
1999-02-02,12.00,12.00,11.38,12.00,12600,7.13
1999-02-01,12.00,12.00,11.88,11.88,2300,7.06
1999-01-29,12.12,12.25,12.00,12.25,5400,7.28
1999-01-28,12.25,12.25,12.25,12.25,9300,7.28
1999-01-27,12.38,12.88,12.25,12.50,5700,7.43
1999-01-26,12.38,13.38,12.38,13.00,14400,7.73
1999-01-25,12.00,12.38,12.00,12.38,6100,7.36
1999-01-22,11.88,12.09,11.88,12.09,1400,7.19
1999-01-21,11.81,12.25,11.81,12.09,4400,7.19
1999-01-20,12.12,12.12,11.75,11.94,3400,7.10
1999-01-19,11.88,11.88,11.75,11.81,2200,7.02
1999-01-15,12.62,12.62,12.62,12.62,100,7.50
1999-01-14,11.62,11.75,11.62,11.75,2500,6.98
1999-01-13,12.25,12.38,11.38,11.62,13300,6.91
1999-01-12,12.50,12.81,12.50,12.50,1500,7.43
1999-01-11,13.12,13.12,12.62,12.62,2500,7.50
1999-01-08,12.75,13.38,12.75,13.12,32000,7.80
1999-01-07,13.12,13.12,13.12,13.12,000,7.80
1999-01-06,12.62,13.12,12.62,13.12,3000,7.80
1999-01-05,12.62,12.81,12.62,12.81,8400,7.62
1999-01-04,13.12,13.12,12.50,12.50,10500,7.43
1998-12-31,12.88,12.88,12.88,12.88,400,7.65
1998-12-30,12.62,12.75,12.62,12.75,1600,7.58
1998-12-29,12.50,13.00,12.50,12.62,7800,7.50
1998-12-28,12.50,12.75,12.50,12.50,3000,7.43
1998-12-24,12.38,12.38,12.38,12.38,200,7.36
1998-12-23,12.38,12.75,12.38,12.75,600,7.58
1998-12-22,12.38,13.00,12.38,13.00,11200,7.73
1998-12-21,12.75,12.75,12.50,12.69,6000,7.54
1998-12-18,12.12,12.88,12.12,12.88,18600,7.58
1998-12-17,12.69,12.69,12.69,12.69,3700,7.47
1998-12-16,12.50,12.62,12.50,12.62,1900,7.43
1998-12-15,12.75,12.88,12.62,12.75,8900,7.51
1998-12-14,12.88,12.88,12.88,12.88,000,7.58
1998-12-11,12.50,12.88,12.50,12.88,6600,7.58
1998-12-10,12.50,12.69,12.50,12.69,8500,7.47
1998-12-09,12.56,12.56,12.56,12.56,000,7.40
1998-12-08,12.62,12.81,12.56,12.56,4800,7.40
1998-12-07,12.44,12.44,12.44,12.44,1400,7.32
1998-12-04,12.25,12.56,12.25,12.25,4700,7.21
1998-12-03,12.56,12.56,12.25,12.25,5300,7.21
1998-12-02,12.12,12.38,12.12,12.38,2800,7.29
1998-12-01,12.25,12.50,12.12,12.50,2500,7.36
1998-11-30,12.62,12.62,12.38,12.38,500,7.29
1998-11-27,12.38,12.38,12.38,12.38,000,7.29
1998-11-25,12.12,13.00,12.12,12.38,6500,7.29
1998-11-24,11.62,12.12,11.62,12.12,11100,7.14
1998-11-23,11.75,11.75,11.38,11.38,900,6.70
1998-11-20,11.88,12.00,11.62,11.75,16300,6.92
1998-11-19,12.38,12.38,11.62,11.75,2500,6.92
1998-11-18,12.50,12.75,12.38,12.75,6700,7.51
1998-11-17,12.50,12.94,12.38,12.56,3500,7.40
1998-11-16,12.69,13.00,12.69,12.75,9000,7.51
1998-11-13,12.69,13.00,12.69,13.00,1900,7.65
1998-11-12,13.50,13.50,12.69,12.69,600,7.47
1998-11-11,12.75,13.12,12.75,13.12,5600,7.73
1998-11-10,13.00,13.06,12.62,12.62,4800,7.43
1998-11-09,12.75,13.38,12.75,13.38,4600,7.88
1998-11-06,13.00,13.25,12.62,12.62,9000,7.43
1998-11-05,12.75,12.75,12.38,12.75,4000,7.51
1998-11-04,11.00,12.75,11.00,12.44,19400,7.32
1998-11-03,10.62,10.88,10.44,10.88,2600,6.40
1998-11-02,10.62,10.62,10.50,10.62,9400,6.26
1998-10-30,10.50,10.50,10.50,10.50,200,6.18
1998-10-29,10.62,10.62,10.50,10.50,4200,6.18
1998-10-28,10.25,10.50,10.00,10.00,1800,5.89
1998-10-27,9.88,10.25,9.75,10.25,3600,6.04
1998-10-26,10.06,10.25,10.06,10.25,1100,6.04
1998-10-23,10.38,10.38,9.88,9.88,5800,5.81
1998-10-22,10.00,10.38,9.88,10.38,3800,6.11
1998-10-21,9.75,10.38,9.75,10.00,2200,5.89
1998-10-20,9.88,9.88,9.88,9.88,7300,5.81
1998-10-19,10.00,10.00,9.75,9.75,2600,5.74
1998-10-16,9.88,9.88,9.88,9.88,1000,5.81
1998-10-15,9.88,10.25,9.88,10.25,3000,6.04
1998-10-14,9.62,9.75,9.62,9.75,1400,5.74
1998-10-13,9.75,9.75,9.38,9.44,6300,5.56
1998-10-12,9.25,9.50,9.25,9.50,8500,5.59
1998-10-09,9.12,9.75,8.75,9.12,28500,5.37
1998-10-08,9.75,9.75,8.88,9.25,9200,5.45
1998-10-07,9.88,10.12,9.50,10.12,5100,5.96
1998-10-06,9.88,10.12,9.88,10.12,1900,5.96
1998-10-05,10.25,10.25,9.75,9.75,4600,5.74
1998-10-02,10.38,10.38,10.25,10.31,13700,6.07
1998-10-01,10.88,10.88,10.38,10.88,600,6.40
1998-09-30,10.62,10.88,10.50,10.88,29600,6.40
1998-09-29,10.75,10.75,10.75,10.75,000,6.33
1998-09-28,10.62,10.75,10.62,10.75,7100,6.33
1998-09-25,10.75,10.75,10.75,10.75,300,6.33
1998-09-24,11.00,11.00,10.75,10.75,3900,6.33
1998-09-23,10.81,11.00,10.75,11.00,1700,6.48
1998-09-22,10.38,10.75,10.38,10.75,20500,6.33
1998-09-21,10.38,10.75,10.38,10.75,3200,6.26
1998-09-18,11.00,11.25,11.00,11.00,10100,6.40
1998-09-17,11.00,11.00,11.00,11.00,600,6.40
1998-09-16,11.00,11.00,11.00,11.00,100,6.40
1998-09-15,11.50,11.50,11.38,11.38,3000,6.62
1998-09-14,10.88,11.75,10.88,11.12,3900,6.48
1998-09-11,10.88,11.12,10.38,11.00,17500,6.40
1998-09-10,11.00,11.12,10.88,10.88,14100,6.33
1998-09-09,11.25,11.25,11.25,11.25,000,6.55
1998-09-08,11.25,11.25,11.25,11.25,000,6.55
1998-09-04,10.75,11.25,10.75,11.25,1400,6.55
1998-09-03,11.00,11.00,10.88,10.88,3700,6.33
1998-09-02,11.62,12.12,10.75,12.12,500,7.06
1998-09-01,11.00,12.00,11.00,12.00,1900,6.99
1998-08-31,11.00,11.06,11.00,11.00,8000,6.40
1998-08-28,11.50,11.50,11.50,11.50,1700,6.70
1998-08-27,10.94,12.12,10.94,12.12,6400,7.06
1998-08-26,11.62,11.88,11.62,11.62,7400,6.77
1998-08-25,11.94,11.94,11.81,11.91,6500,6.93
1998-08-24,12.00,12.00,12.00,12.00,200,6.99
1998-08-21,11.25,12.00,11.25,12.00,1400,6.99
1998-08-20,11.75,11.84,11.75,11.84,1300,6.90
1998-08-19,12.12,12.12,11.88,11.94,31100,6.95
1998-08-18,11.88,11.88,11.88,11.88,000,6.91
1998-08-17,11.88,11.88,11.88,11.88,000,6.91
1998-08-14,11.38,12.12,11.38,11.88,31600,6.91
1998-08-13,11.50,11.50,11.38,11.38,2800,6.62
1998-08-12,11.75,12.00,11.38,11.62,3300,6.77
1998-08-11,11.62,11.75,11.38,11.62,8200,6.77
1998-08-10,11.62,11.69,11.31,11.31,36500,6.59
1998-08-07,11.75,11.75,11.75,11.75,400,6.84
1998-08-06,11.50,11.62,11.25,11.44,46500,6.66
1998-08-05,11.75,11.75,11.12,11.50,3600,6.70
1998-08-04,11.00,11.12,11.00,11.12,1300,6.48
1998-08-03,12.00,12.00,10.38,11.12,16100,6.48
1998-07-31,12.00,12.00,12.00,12.00,1900,6.99
1998-07-30,12.00,12.00,12.00,12.00,000,6.99
1998-07-29,11.88,12.00,11.88,12.00,6400,6.99
1998-07-28,12.25,12.25,12.25,12.25,300,7.13
1998-07-27,12.25,12.25,12.25,12.25,400,7.13
1998-07-24,12.25,12.88,12.25,12.88,2500,7.50
1998-07-23,13.38,13.38,12.62,12.94,7200,7.53
1998-07-22,13.62,13.75,13.00,13.00,25100,7.57
1998-07-21,13.75,13.75,13.75,13.75,400,8.01
1998-07-20,13.38,13.38,13.38,13.38,000,7.79
1998-07-17,13.25,13.38,13.12,13.38,2400,7.79
1998-07-16,13.50,13.50,13.50,13.50,000,7.86
1998-07-15,14.00,14.00,13.50,13.50,600,7.86
1998-07-14,13.25,13.25,13.25,13.25,1100,7.71
1998-07-13,13.38,13.38,13.38,13.38,000,7.79
1998-07-10,13.88,13.88,13.38,13.38,2000,7.79
1998-07-09,13.88,13.88,13.62,13.62,200,7.93
1998-07-08,13.38,13.50,13.38,13.38,1200,7.79
1998-07-07,14.00,14.12,13.62,13.62,31700,7.93
1998-07-06,13.88,14.00,13.88,14.00,15700,8.15
1998-07-02,13.88,14.00,13.88,13.88,2300,8.08
1998-07-01,13.88,14.12,13.88,13.88,3700,8.08
1998-06-30,14.00,14.00,13.88,14.00,47700,8.15
1998-06-29,13.88,14.00,13.88,14.00,5900,8.15
1998-06-26,15.00,15.00,14.00,14.00,19700,8.15
1998-06-25,14.00,14.62,14.00,14.00,101900,8.15
1998-06-24,12.75,14.25,12.75,14.25,68500,8.30
1998-06-23,13.12,13.12,13.12,13.12,000,7.64
1998-06-22,13.12,13.12,13.12,13.12,1000,7.57
1998-06-19,13.75,13.75,13.00,13.12,5200,7.57
1998-06-18,12.75,12.75,12.62,12.62,800,7.28
1998-06-17,12.50,13.00,12.50,13.00,162200,7.50
1998-06-16,12.00,12.50,12.00,12.50,1200,7.21
1998-06-15,12.75,12.75,12.75,12.75,000,7.36
1998-06-12,12.75,12.75,12.50,12.75,12500,7.36
1998-06-11,12.38,12.62,12.38,12.62,600,7.28
1998-06-10,12.62,13.19,12.62,13.19,200,7.61
1998-06-09,12.38,12.62,12.38,12.62,2400,7.28
1998-06-08,12.38,12.94,12.38,12.94,9600,7.46
1998-06-05,12.75,12.75,12.75,12.75,3300,7.36
1998-06-04,12.12,12.75,12.12,12.75,13200,7.36
1998-06-03,12.12,12.62,12.12,12.62,2800,7.28
1998-06-02,12.25,12.25,12.25,12.25,200,7.07
1998-06-01,12.62,13.00,12.50,13.00,2400,7.50
1998-05-29,12.62,13.25,12.62,13.25,3600,7.64
1998-05-28,12.75,12.75,12.75,12.75,000,7.36
1998-05-27,12.75,12.75,12.75,12.75,100,7.36
1998-05-26,13.50,13.50,13.50,13.50,000,7.79
1998-05-22,13.00,13.50,13.00,13.50,15000,7.79
1998-05-21,13.50,13.50,13.06,13.06,1400,7.54
1998-05-20,12.88,13.38,12.88,13.38,42500,7.72
1998-05-19,12.88,13.00,12.75,13.00,7400,7.50
1998-05-18,13.25,13.25,12.62,12.62,2100,7.28
1998-05-15,13.00,13.00,13.00,13.00,3300,7.50
1998-05-14,13.25,13.50,13.00,13.50,3900,7.79
1998-05-13,13.25,13.88,13.25,13.25,2800,7.64
1998-05-12,13.25,13.75,13.25,13.75,3100,7.93
1998-05-11,13.75,13.75,13.56,13.56,9000,7.82
1998-05-08,13.50,13.81,13.50,13.81,2300,7.97
1998-05-07,13.44,13.62,13.44,13.50,1300,7.79
1998-05-06,13.81,13.81,13.38,13.38,3000,7.72
1998-05-05,13.62,14.00,13.62,13.81,1500,7.97
1998-05-04,14.06,14.06,13.38,13.38,3900,7.72
1998-05-01,13.81,13.81,13.81,13.81,9000,7.97
1998-04-30,13.62,13.94,13.62,13.94,192100,8.04
1998-04-29,13.62,14.06,13.62,13.62,500,7.86
1998-04-28,13.88,14.06,13.88,14.06,3900,8.11
1998-04-27,14.00,14.00,13.50,13.62,3400,7.86
1998-04-24,14.25,14.25,14.12,14.25,8100,8.22
1998-04-23,14.00,14.00,14.00,14.00,7700,8.08
1998-04-22,14.31,14.31,14.00,14.16,1900,8.17
1998-04-21,14.31,14.31,13.88,14.00,2900,8.08
1998-04-20,13.88,14.19,13.88,14.19,1300,8.18
1998-04-17,14.19,14.31,13.88,13.88,4600,8.00
1998-04-16,14.44,14.44,13.88,14.25,19500,8.22
1998-04-15,13.88,14.50,13.75,14.38,213500,8.29
1998-04-14,13.75,13.88,13.50,13.50,5400,7.79
1998-04-13,13.25,13.38,13.25,13.38,12600,7.72
1998-04-09,13.19,13.38,13.19,13.38,5500,7.72
1998-04-08,13.12,13.50,13.12,13.31,6000,7.68
1998-04-07,13.75,13.88,13.38,13.50,12900,7.79
1998-04-06,13.75,13.75,13.75,13.75,800,7.93
1998-04-03,13.75,13.88,13.75,13.81,13800,7.97
1998-04-02,13.88,13.88,13.75,13.75,5800,7.93
1998-04-01,13.56,13.56,13.56,13.56,1600,7.82
1998-03-31,13.56,14.00,13.56,13.88,2800,8.00
1998-03-30,14.25,14.62,14.00,14.00,13100,8.08
1998-03-27,13.75,14.00,13.69,13.88,11500,8.00
1998-03-26,13.75,13.75,13.75,13.75,10400,7.93
1998-03-25,13.75,13.75,13.75,13.75,2400,7.93
1998-03-24,13.69,13.69,13.69,13.69,1400,7.90
1998-03-23,13.75,13.75,13.75,13.75,700,7.93
1998-03-20,13.75,13.75,13.75,13.75,400,7.93
1998-03-19,13.56,13.75,13.56,13.69,8300,7.83
1998-03-18,13.62,13.69,13.62,13.62,1800,7.79
1998-03-17,13.50,13.69,13.50,13.69,25800,7.83
1998-03-16,13.12,13.62,13.12,13.62,1800,7.79
1998-03-13,13.62,13.62,13.25,13.25,1700,7.58
1998-03-12,13.19,13.25,13.19,13.25,1000,7.58
1998-03-11,13.38,13.62,13.25,13.62,6800,7.79
1998-03-10,13.50,13.75,13.50,13.62,16500,7.79
1998-03-09,12.88,13.38,12.88,13.38,9000,7.65
1998-03-06,12.62,12.88,12.62,12.75,2800,7.29
1998-03-05,12.62,12.88,12.62,12.62,7000,7.22
1998-03-04,12.62,13.25,12.62,13.25,26800,7.58
1998-03-03,12.44,12.75,12.44,12.75,1900,7.29
1998-03-02,12.44,12.50,12.44,12.50,7000,7.15
1998-02-27,12.44,12.50,12.44,12.44,600,7.11
1998-02-26,12.62,12.64,12.50,12.64,18900,7.23
1998-02-25,12.62,12.62,12.38,12.62,4200,7.22
1998-02-24,12.56,12.56,12.38,12.50,18500,7.15
1998-02-23,12.31,12.50,12.19,12.50,4600,7.15
1998-02-20,12.12,12.12,12.12,12.12,100,6.93
1998-02-19,12.31,12.56,12.12,12.12,4100,6.93
1998-02-18,12.56,12.56,12.44,12.56,2800,7.18
1998-02-17,12.50,12.56,12.38,12.38,6100,7.08
1998-02-13,12.44,12.62,12.44,12.50,15600,7.15
1998-02-12,12.44,12.50,12.19,12.31,6600,7.04
1998-02-11,12.38,12.38,12.19,12.19,1900,6.97
1998-02-10,12.50,12.50,12.38,12.38,4700,7.08
1998-02-09,12.94,12.94,12.00,12.50,9000,7.15
1998-02-06,12.75,12.94,12.75,12.75,7400,7.29
1998-02-05,12.75,12.75,12.75,12.75,400,7.29
1998-02-04,13.00,13.00,12.75,12.94,10200,7.40
1998-02-03,13.50,13.50,12.62,12.69,31000,7.26
1998-02-02,12.88,13.50,12.88,12.88,2900,7.36
1998-01-30,13.00,13.00,13.00,13.00,600,7.43
1998-01-29,13.62,13.62,13.25,13.25,800,7.58
1998-01-28,13.44,13.62,13.25,13.25,25700,7.58
1998-01-27,13.25,13.50,13.25,13.50,5400,7.72
1998-01-26,12.62,13.38,12.62,13.25,17500,7.58
1998-01-23,12.62,13.12,12.62,13.12,6400,7.51
1998-01-22,12.62,13.25,12.62,13.00,2500,7.43
1998-01-21,13.00,13.00,12.62,12.62,300,7.22
1998-01-20,12.75,13.00,12.75,13.00,1900,7.43
1998-01-16,12.88,12.88,12.88,12.88,1900,7.36
1998-01-15,12.75,12.94,12.75,12.75,7700,7.29
1998-01-14,13.00,13.00,12.62,13.00,4300,7.43
1998-01-13,12.62,12.62,12.62,12.62,100,7.22
1998-01-12,13.62,13.62,12.38,12.62,2200,7.22
1998-01-09,12.62,12.62,12.62,12.62,100,7.22
1998-01-08,13.50,13.50,13.50,13.50,000,7.72
1998-01-07,12.62,13.62,12.62,13.50,1300,7.72
1998-01-06,12.62,12.75,12.62,12.75,1300,7.29
1998-01-05,13.12,13.75,12.75,12.75,7500,7.29
1998-01-02,13.25,13.50,13.25,13.50,3300,7.72
1997-12-31,13.12,14.12,13.00,14.12,18600,8.08
1997-12-30,12.62,13.12,12.38,13.12,9500,7.51
1997-12-29,12.25,12.25,12.25,12.25,300,7.01
1997-12-26,12.25,12.25,12.25,12.25,100,7.01
1997-12-24,12.38,13.12,12.38,13.12,4200,7.51
1997-12-23,12.38,12.62,12.38,12.62,7500,7.22
1997-12-22,12.38,12.38,12.38,12.38,500,7.08
1997-12-19,12.25,12.38,12.00,12.38,10700,7.08
1997-12-18,12.69,13.12,12.69,12.69,3100,7.19
1997-12-17,12.62,12.75,12.62,12.75,3500,7.22
1997-12-16,12.81,12.81,12.69,12.75,41800,7.22
1997-12-15,12.75,12.75,12.75,12.75,000,7.22
1997-12-12,12.50,12.75,12.50,12.75,500,7.22
1997-12-11,12.50,12.75,12.50,12.50,7200,7.08
1997-12-10,12.62,12.69,12.62,12.69,700,7.19
1997-12-09,12.00,13.50,11.88,12.88,18300,7.29
1997-12-08,11.75,11.88,11.75,11.88,2200,6.73
1997-12-05,11.75,11.75,11.75,11.75,100,6.66
1997-12-04,11.75,11.75,11.75,11.75,400,6.66
1997-12-03,11.62,11.75,11.62,11.75,1500,6.66
1997-12-02,12.00,12.00,11.62,11.81,3100,6.69
1997-12-01,11.50,11.50,11.50,11.50,2100,6.51
1997-11-28,11.62,11.62,11.62,11.62,900,6.58
1997-11-26,11.62,11.94,11.62,11.88,10300,6.73
1997-11-25,11.62,11.62,11.62,11.62,2400,6.58
1997-11-24,11.50,11.50,11.50,11.50,1600,6.51
1997-11-21,11.50,11.50,11.50,11.50,200,6.51
1997-11-20,11.50,11.88,11.50,11.88,700,6.73
1997-11-19,11.88,11.88,11.88,11.88,000,6.73
1997-11-18,11.88,11.88,11.88,11.88,000,6.73
1997-11-17,11.88,11.88,11.88,11.88,500,6.73
1997-11-14,11.88,11.88,11.56,11.88,2300,6.73
1997-11-13,11.69,11.88,11.56,11.75,12700,6.66
1997-11-12,11.50,11.69,11.50,11.69,5400,6.62
1997-11-11,11.62,11.69,11.62,11.69,9700,6.62
1997-11-10,11.56,12.25,11.38,11.62,31600,6.58
1997-11-07,11.75,11.75,11.75,11.75,500,6.66
1997-11-06,11.38,11.50,11.38,11.50,1900,6.51
1997-11-05,11.75,11.75,11.38,11.38,1900,6.44
1997-11-04,11.38,11.38,11.38,11.38,5200,6.44
1997-11-03,11.50,11.75,11.38,11.75,15300,6.66
1997-10-31,11.25,11.88,11.25,11.25,59700,6.37
1997-10-30,12.25,12.25,11.88,11.88,17100,6.73
1997-10-29,11.50,11.94,11.50,11.94,3300,6.76
1997-10-28,11.88,11.94,11.38,11.69,11400,6.62
1997-10-27,12.12,12.12,12.00,12.00,1200,6.80
1997-10-24,12.25,12.25,12.25,12.25,2300,6.94
1997-10-23,12.50,12.62,12.25,12.25,2100,6.94
1997-10-22,12.75,12.75,12.62,12.62,1500,7.15
1997-10-21,12.50,13.00,12.50,12.62,12400,7.15
1997-10-20,12.62,12.75,12.00,12.75,6300,7.22
1997-10-17,12.06,12.62,12.06,12.62,4300,7.15
1997-10-16,12.25,12.50,12.12,12.12,7000,6.87
1997-10-15,12.19,12.88,12.19,12.88,5900,7.29
1997-10-14,12.06,12.50,12.06,12.50,14600,7.08
1997-10-13,12.12,12.19,12.12,12.19,45400,6.90
1997-10-10,12.12,12.25,12.00,12.25,62200,6.94
1997-10-09,12.06,12.25,12.06,12.25,2100,6.94
1997-10-08,12.25,12.25,12.00,12.00,43600,6.80
1997-10-07,12.06,12.25,12.00,12.00,6100,6.80
1997-10-06,12.00,12.25,12.00,12.25,2900,6.94
1997-10-03,12.06,12.25,12.06,12.25,1700,6.94
1997-10-02,12.06,12.25,12.06,12.12,11400,6.87
1997-10-01,12.25,12.25,12.06,12.25,3900,6.94
1997-09-30,12.25,12.25,12.06,12.25,17400,6.94
1997-09-29,12.06,12.50,12.00,12.00,3100,6.80
1997-09-26,12.12,12.25,12.12,12.19,5100,6.90
1997-09-25,12.00,12.00,12.00,12.00,800,6.80
1997-09-24,12.12,12.12,11.88,12.00,10400,6.80
1997-09-23,12.25,12.25,12.25,12.25,2000,6.94
1997-09-22,12.19,12.19,12.12,12.12,3200,6.87
1997-09-19,12.00,12.00,12.00,12.00,2200,6.80
1997-09-18,12.00,12.25,12.00,12.12,38600,6.80
1997-09-17,12.25,12.25,12.25,12.25,500,6.87
1997-09-16,12.00,12.12,12.00,12.12,9700,6.80
1997-09-15,11.88,12.12,11.88,11.88,2400,6.66
1997-09-12,11.88,12.12,11.88,11.88,6400,6.66
1997-09-11,12.12,12.12,11.75,12.12,3300,6.80
1997-09-10,12.00,12.00,11.62,12.00,120500,6.73
1997-09-09,12.00,12.12,11.75,12.12,500,6.80
1997-09-08,12.00,12.00,11.62,11.62,10500,6.52
1997-09-05,12.00,12.00,11.62,11.88,13500,6.66
1997-09-04,11.75,12.12,11.62,12.00,7600,6.73
1997-09-03,12.00,12.12,11.75,12.12,4900,6.80
1997-09-02,11.88,12.00,11.88,11.88,150200,6.66
1997-08-29,11.88,12.00,11.75,11.75,9300,6.59
1997-08-28,12.00,12.00,11.88,11.88,1000,6.66
1997-08-27,11.75,12.12,11.75,12.12,28900,6.80
1997-08-26,11.75,12.25,11.75,11.88,69800,6.66
1997-08-25,12.25,12.25,12.00,12.00,2500,6.73
1997-08-22,12.12,12.12,12.12,12.12,800,6.80
1997-08-21,12.50,12.50,12.50,12.50,5200,7.01
1997-08-20,12.38,12.50,12.19,12.19,54500,6.84
1997-08-19,12.50,12.50,12.12,12.25,3300,6.87
1997-08-18,12.12,12.50,12.12,12.19,4800,6.84
1997-08-15,12.50,12.50,12.12,12.12,2400,6.80
1997-08-14,12.12,12.50,12.12,12.50,900,7.01
1997-08-13,12.12,12.50,12.12,12.50,6200,7.01
1997-08-12,12.75,12.75,12.62,12.62,600,7.08
1997-08-11,12.12,12.12,12.12,12.12,000,6.80
1997-08-08,12.38,12.50,12.12,12.12,4100,6.80
1997-08-07,12.38,12.88,12.38,12.50,1300,7.01
1997-08-06,12.38,12.88,12.38,12.50,3300,7.01
1997-08-05,12.50,12.88,12.38,12.88,2800,7.22
1997-08-04,12.75,12.88,12.38,12.38,6200,6.94
1997-08-01,12.38,12.88,12.38,12.88,1500,7.22
1997-07-31,12.88,12.88,12.88,12.88,400,7.22
1997-07-30,12.50,12.50,12.50,12.50,4000,7.01
1997-07-29,12.62,12.62,12.62,12.62,2500,7.08
1997-07-28,12.88,12.88,12.31,12.31,4100,6.91
1997-07-25,12.31,12.75,12.25,12.62,3700,7.08
1997-07-24,12.38,12.88,12.25,12.88,1100,7.22
1997-07-23,12.38,12.75,12.38,12.38,5000,6.94
1997-07-22,12.38,12.38,12.38,12.38,200,6.94
1997-07-21,12.00,12.75,12.00,12.38,8900,6.94
1997-07-18,12.00,12.50,12.00,12.00,13500,6.73
1997-07-17,12.12,12.25,12.00,12.25,6800,6.87
1997-07-16,12.12,12.25,12.00,12.25,24600,6.87
1997-07-15,12.00,12.12,11.88,12.12,27600,6.80
1997-07-14,11.88,12.12,11.88,11.88,13700,6.66
1997-07-11,12.12,12.12,12.12,12.12,000,6.80
1997-07-10,12.12,12.12,12.00,12.12,11700,6.80
1997-07-09,12.12,12.12,12.00,12.12,2800,6.80
1997-07-08,12.12,12.12,11.88,12.00,6300,6.73
1997-07-07,12.12,12.12,11.75,12.00,6300,6.73
1997-07-03,12.12,12.12,12.12,12.12,1600,6.80
1997-07-02,12.12,12.12,12.00,12.00,1500,6.73
1997-07-01,11.75,12.12,11.75,12.12,2300,6.80
1997-06-30,12.12,12.12,11.75,11.75,1900,6.59
1997-06-27,11.75,11.75,11.75,11.75,300,6.59
1997-06-26,11.62,11.88,11.62,11.88,2100,6.66
1997-06-25,11.50,12.12,11.50,11.50,4900,6.45
1997-06-24,12.12,12.12,11.50,11.50,3700,6.45
1997-06-23,11.50,11.50,11.50,11.50,100,6.45
1997-06-20,11.50,11.50,11.50,11.50,200,6.45
1997-06-19,11.75,12.12,11.75,12.12,2900,6.73
1997-06-18,12.00,12.12,11.25,12.12,15300,6.73
1997-06-17,12.25,12.25,12.25,12.25,000,6.80
1997-06-16,12.25,12.25,12.25,12.25,700,6.80
1997-06-13,11.88,12.25,11.50,11.88,3200,6.59
1997-06-12,11.88,12.00,11.88,12.00,300,6.66
1997-06-11,11.88,12.25,11.50,11.88,5700,6.59
1997-06-10,11.88,12.12,11.50,11.50,35000,6.39
1997-06-09,11.88,12.25,11.88,11.88,5100,6.59
1997-06-06,12.25,12.25,11.62,12.00,4400,6.66
1997-06-05,12.12,12.25,11.50,12.25,9300,6.80
1997-06-04,12.00,12.12,12.00,12.12,1900,6.73
1997-06-03,12.00,12.00,11.12,11.12,500,6.18
1997-06-02,12.00,12.00,11.75,12.00,1500,6.66
1997-05-30,12.00,12.00,11.62,11.62,700,6.46
1997-05-29,11.50,12.00,11.50,12.00,2700,6.66
1997-05-28,12.00,12.00,11.25,11.69,3500,6.49
1997-05-27,12.00,12.00,11.50,11.50,3300,6.39
1997-05-23,11.56,11.56,11.56,11.56,000,6.42
1997-05-22,12.00,12.00,11.56,11.56,700,6.42
1997-05-21,11.69,11.69,11.69,11.69,500,6.49
1997-05-20,12.00,12.00,11.25,11.69,1500,6.49
1997-05-19,11.50,11.75,11.25,11.62,6600,6.46
1997-05-16,11.50,11.75,11.25,11.75,3700,6.52
1997-05-15,11.00,11.44,11.00,11.25,15500,6.25
1997-05-14,11.12,11.50,11.12,11.38,7900,6.32
1997-05-13,11.38,11.50,11.12,11.44,9400,6.35
1997-05-12,11.50,11.50,11.25,11.44,16200,6.35
1997-05-09,11.00,11.50,11.00,11.25,4300,6.25
1997-05-08,11.25,11.50,11.00,11.00,19800,6.11
1997-05-07,11.50,11.50,11.38,11.50,1300,6.39
1997-05-06,11.50,11.50,11.00,11.50,6900,6.39
1997-05-05,11.12,11.50,11.00,11.38,34000,6.32
1997-05-02,11.00,11.00,10.62,10.62,17800,5.90
1997-05-01,10.62,11.00,10.62,11.00,14200,6.11
1997-04-30,10.50,10.88,10.50,10.50,4500,5.83
1997-04-29,10.62,10.62,10.62,10.62,000,5.90
1997-04-28,10.50,10.75,10.50,10.62,16500,5.90
1997-04-25,10.56,11.00,10.56,11.00,6200,6.11
1997-04-24,10.50,10.75,10.50,10.75,16800,5.97
1997-04-23,10.50,10.75,10.50,10.50,9200,5.83
1997-04-22,10.62,10.62,10.62,10.62,000,5.90
1997-04-21,11.50,11.50,10.62,10.62,3000,5.90
1997-04-18,11.00,11.00,11.00,11.00,000,6.11
1997-04-17,10.88,11.50,10.88,11.00,5900,6.11
1997-04-16,11.00,11.50,11.00,11.50,3100,6.39
1997-04-15,10.88,10.88,10.88,10.88,2900,6.04
1997-04-14,10.88,10.88,10.88,10.88,200,6.04
1997-04-11,10.88,10.88,10.88,10.88,1500,6.04
1997-04-10,10.88,11.12,10.88,11.00,2300,6.11
1997-04-09,11.00,11.25,10.88,11.00,15400,6.11
1997-04-08,11.75,11.75,10.88,10.88,10700,6.04
1997-04-07,11.50,11.50,11.00,11.25,1300,6.25
1997-04-04,11.00,11.00,11.00,11.00,200,6.11
1997-04-03,11.62,11.62,11.12,11.12,19800,6.18
1997-04-02,11.25,12.00,11.25,12.00,800,6.66
1997-04-01,11.50,11.50,11.50,11.50,800,6.39
1997-03-31,11.25,12.00,11.25,12.00,3500,6.66
1997-03-27,11.75,12.00,11.25,12.00,1900,6.66
1997-03-26,11.25,12.00,11.25,12.00,2000,6.66
1997-03-25,11.25,11.62,11.25,11.62,1500,6.46
1997-03-24,11.62,11.62,11.25,11.25,1700,6.25
1997-03-21,11.25,11.75,11.25,11.75,900,6.52
1997-03-20,11.25,12.00,11.25,11.75,4100,6.46
1997-03-19,11.38,11.50,11.25,11.25,11100,6.18
1997-03-18,12.00,12.00,11.25,11.25,1200,6.18
1997-03-17,11.25,11.62,11.25,11.50,3800,6.32
1997-03-14,11.25,11.38,11.25,11.25,2300,6.18
1997-03-13,11.50,11.50,11.38,11.38,3400,6.25
1997-03-12,11.25,11.25,11.25,11.25,100,6.18
1997-03-11,12.00,12.00,11.25,11.38,2100,6.25
1997-03-10,12.00,12.00,11.62,11.62,4300,6.39
1997-03-07,12.12,12.12,11.25,11.25,11800,6.18
1997-03-06,11.81,12.12,11.50,12.12,3000,6.66
1997-03-05,11.25,11.25,11.25,11.25,000,6.18
1997-03-04,11.25,11.25,11.25,11.25,100,6.18
1997-03-03,11.12,11.75,11.12,11.75,19800,6.46
1997-02-28,11.38,11.38,11.12,11.12,3600,6.11
1997-02-27,11.38,11.50,11.25,11.50,4000,6.32
1997-02-26,11.50,11.50,11.00,11.25,4400,6.18
1997-02-25,11.50,11.50,11.12,11.25,11200,6.18
1997-02-24,11.00,11.25,11.00,11.00,3500,6.05
1997-02-21,11.00,11.50,11.00,11.50,6800,6.32
1997-02-20,11.25,11.38,11.00,11.00,104300,6.05
1997-02-19,11.00,11.50,10.75,11.12,30200,6.11
1997-02-18,11.50,11.50,11.25,11.50,2500,6.32
1997-02-14,11.50,11.50,10.75,11.00,15600,6.05
1997-02-13,11.00,11.62,11.00,11.50,36400,6.32
1997-02-12,11.88,12.00,11.00,11.00,25800,6.05
1997-02-11,11.62,12.50,11.62,12.50,2700,6.87
1997-02-10,12.38,12.50,11.89,12.00,4700,6.60
1997-02-07,11.75,12.38,11.62,11.94,6300,6.56
1997-02-06,12.38,12.38,11.88,12.00,135100,6.60
1997-02-05,12.12,12.50,11.88,11.88,19400,6.53
1997-02-04,12.50,12.50,11.88,12.50,7800,6.87
1997-02-03,12.00,12.50,12.00,12.50,26500,6.87
1997-01-31,12.12,12.50,11.75,12.25,15900,6.73
1997-01-30,13.00,13.00,11.75,12.50,26600,6.87
1997-01-29,13.00,13.00,12.62,13.00,11700,7.15
1997-01-28,13.00,13.00,12.75,13.00,13800,7.15
1997-01-27,13.00,13.00,12.38,12.88,29900,7.08
1997-01-24,12.38,12.38,12.38,12.38,000,6.80
1997-01-23,12.38,12.44,12.38,12.38,6700,6.80
1997-01-22,12.69,12.75,12.69,12.75,800,7.01
1997-01-21,12.38,12.38,12.38,12.38,500,6.80
1997-01-20,12.50,12.50,12.50,12.50,800,6.87
1997-01-17,12.62,12.62,12.62,12.62,000,6.94
1997-01-16,12.62,12.62,12.62,12.62,500,6.94
1997-01-15,12.38,12.75,12.38,12.50,1000,6.87
1997-01-14,12.50,12.75,12.50,12.75,8500,7.01
1997-01-13,12.38,12.75,12.38,12.62,22600,6.94
1997-01-10,12.38,12.38,12.38,12.38,000,6.80
1997-01-09,12.50,12.50,12.25,12.38,10100,6.80
1997-01-08,12.75,12.75,12.62,12.62,1300,6.94
1997-01-07,13.38,13.62,12.75,13.00,51300,7.15
1997-01-06,12.62,12.88,12.62,12.88,6700,7.08
1997-01-03,13.00,13.00,12.25,12.25,5200,6.73
1997-01-02,13.00,13.00,13.00,13.00,000,7.15
1996-12-31,12.25,13.00,12.25,13.00,9300,7.15
1996-12-30,12.25,12.25,12.25,12.25,400,6.73
1996-12-27,12.25,12.88,12.25,12.38,13400,6.80
1996-12-26,12.25,12.25,12.25,12.25,100,6.73
1996-12-24,12.25,12.25,12.25,12.25,800,6.73
1996-12-23,12.38,12.38,12.25,12.25,6300,6.73
1996-12-20,12.88,12.88,12.88,12.88,000,7.08
1996-12-19,12.56,12.88,12.56,12.88,7200,7.01
1996-12-18,12.12,12.12,12.12,12.12,300,6.60
1996-12-17,12.12,12.12,12.12,12.12,100,6.60
1996-12-16,12.50,12.50,12.50,12.50,000,6.81
1996-12-13,12.25,12.50,12.25,12.50,1100,6.81
1996-12-12,13.00,13.00,12.12,12.25,9100,6.67
1996-12-11,12.25,12.75,12.12,12.12,9300,6.60
1996-12-10,12.50,13.25,12.25,13.25,8400,7.21
1996-12-09,12.38,12.38,12.38,12.38,1700,6.74
1996-12-06,11.88,12.50,11.88,12.38,16200,6.74
1996-12-05,12.75,12.75,12.00,12.00,200,6.53
1996-12-04,12.00,12.00,12.00,12.00,500,6.53
1996-12-03,11.75,12.75,11.75,11.75,13800,6.40
1996-12-02,12.50,12.75,12.50,12.50,6900,6.81
1996-11-29,12.75,12.75,12.75,12.75,1200,6.94
1996-11-27,13.00,13.50,12.75,12.88,14700,7.01
1996-11-26,13.00,13.00,13.00,13.00,4000,7.08
1996-11-25,12.75,13.50,12.75,13.50,3300,7.35
1996-11-22,12.75,12.75,12.75,12.75,300,6.94
1996-11-21,13.00,13.00,13.00,13.00,000,7.08
1996-11-20,12.75,13.00,12.75,13.00,4900,7.08
1996-11-19,13.19,13.25,13.19,13.25,1300,7.21
1996-11-18,13.38,13.62,12.75,13.50,8500,7.35
1996-11-15,13.12,13.12,13.12,13.12,400,7.15
1996-11-14,12.75,12.75,12.75,12.75,000,6.94
1996-11-13,13.00,13.00,12.75,12.75,600,6.94
1996-11-12,12.75,12.75,12.75,12.75,1600,6.94
1996-11-11,13.50,13.50,13.00,13.00,200,7.08
1996-11-08,13.48,13.48,12.75,13.12,3400,7.15
1996-11-07,13.25,13.25,12.75,13.00,10600,7.08
1996-11-06,13.25,13.25,12.62,12.75,7200,6.94
1996-11-05,12.75,12.75,12.62,12.75,12600,6.94
1996-11-04,13.50,13.50,12.75,12.75,1000,6.94
1996-11-01,13.00,13.00,12.50,13.00,17100,7.08
1996-10-31,13.25,13.75,13.25,13.25,1900,7.21
1996-10-30,12.25,13.50,12.25,13.50,39900,7.35
1996-10-29,12.25,13.00,12.25,12.50,3500,6.81
1996-10-28,12.00,13.00,12.00,12.75,14900,6.94
1996-10-25,12.75,12.75,12.25,12.25,2800,6.67
1996-10-24,12.75,12.75,12.00,12.00,6600,6.53
1996-10-23,12.75,12.75,12.00,12.50,8200,6.81
1996-10-22,12.75,12.75,12.00,12.12,8200,6.60
1996-10-21,12.00,12.25,12.00,12.25,4300,6.67
1996-10-18,12.25,12.25,12.00,12.25,10800,6.67
1996-10-17,12.12,12.25,12.00,12.00,105500,6.53
1996-10-16,12.25,12.25,11.88,12.12,89800,6.60
1996-10-15,12.00,12.25,11.75,12.12,68100,6.60
1996-10-14,11.50,12.00,11.50,12.00,7900,6.53
1996-10-11,11.50,12.00,11.50,11.50,23700,6.26
1996-10-10,11.62,12.00,11.62,11.75,60900,6.40
1996-10-09,11.75,11.75,11.75,11.75,300,6.40
1996-10-08,11.75,12.00,11.75,11.75,15000,6.40
1996-10-07,11.75,12.00,11.75,12.00,14000,6.53
1996-10-04,11.81,12.00,11.75,12.00,44000,6.53
1996-10-03,11.75,12.06,11.75,12.00,3500,6.53
1996-10-02,12.00,12.00,11.75,12.00,20100,6.53
1996-10-01,12.00,12.00,11.75,11.75,2200,6.40
1996-09-30,11.50,12.00,11.50,11.75,9900,6.40
1996-09-27,11.50,11.50,11.50,11.50,9300,6.26
1996-09-26,11.50,11.50,11.50,11.50,500,6.26
1996-09-25,11.50,12.00,11.50,11.62,17800,6.33
1996-09-24,11.25,11.88,11.25,11.38,3600,6.19
1996-09-23,11.62,11.88,11.62,11.88,4000,6.47
1996-09-20,11.25,11.88,11.25,11.25,7800,6.13
1996-09-19,11.06,11.38,10.75,11.31,17300,6.09
1996-09-18,11.12,11.38,10.75,11.12,14600,5.99
1996-09-17,10.62,11.38,10.62,10.88,15700,5.86
1996-09-16,10.62,10.62,10.62,10.62,100,5.72
1996-09-13,11.00,11.25,10.69,10.69,47000,5.76
1996-09-12,11.38,11.38,11.38,11.38,000,6.13
1996-09-11,11.00,11.38,11.00,11.38,21100,6.13
1996-09-10,10.69,10.69,10.69,10.69,800,5.76
1996-09-09,10.62,11.38,10.62,11.38,900,6.13
1996-09-06,11.00,11.38,11.00,11.38,2200,6.13
1996-09-05,11.00,11.00,11.00,11.00,1900,5.93
1996-09-04,11.38,11.38,11.00,11.00,700,5.93
1996-09-03,11.06,11.38,11.00,11.38,15600,6.13
1996-08-30,10.50,11.38,10.50,11.38,2700,6.13
1996-08-29,11.00,11.00,11.00,11.00,1500,5.93
1996-08-28,11.00,11.50,10.75,10.75,19900,5.79
1996-08-27,10.75,11.12,10.75,11.00,7500,5.93
1996-08-26,10.50,11.00,10.50,11.00,2700,5.93
1996-08-23,11.50,11.50,11.50,11.50,900,6.20
1996-08-22,11.25,11.25,11.25,11.25,3500,6.06
1996-08-21,11.75,11.75,11.00,11.00,1700,5.93
1996-08-20,11.25,11.75,11.00,11.75,18500,6.33
1996-08-19,11.25,11.25,11.00,11.00,133100,5.93
1996-08-16,10.75,11.12,10.75,11.12,41500,5.99
1996-08-15,11.12,11.25,11.00,11.25,55100,6.06
1996-08-14,11.25,11.25,10.75,11.25,4800,6.06
1996-08-13,11.25,11.25,11.25,11.25,3200,6.06
1996-08-12,11.50,11.75,11.00,11.00,60100,5.93
1996-08-09,10.75,10.75,10.75,10.75,000,5.79
1996-08-08,10.75,10.75,10.75,10.75,700,5.79
1996-08-07,11.00,11.00,11.00,11.00,000,5.93
1996-08-06,11.00,11.00,11.00,11.00,1300,5.93
1996-08-05,10.62,10.62,10.50,10.50,400,5.66
1996-08-02,11.00,11.00,11.00,11.00,500,5.93
1996-08-01,10.75,10.75,10.75,10.75,000,5.79
1996-07-31,10.25,10.75,10.25,10.75,1200,5.79
1996-07-30,10.25,10.25,10.25,10.25,000,5.52
1996-07-29,10.25,10.25,10.25,10.25,400,5.52
1996-07-26,10.38,10.75,10.38,10.75,4000,5.79
1996-07-25,10.38,10.38,10.38,10.38,3600,5.59
1996-07-24,10.75,10.75,10.62,10.62,1700,5.72
1996-07-23,11.00,11.00,11.00,11.00,000,5.93
1996-07-22,11.00,11.50,11.00,11.00,3400,5.93
1996-07-19,11.06,11.06,11.06,11.06,2500,5.96
1996-07-18,11.00,11.00,10.94,10.94,46500,5.89
1996-07-17,11.50,11.50,11.50,11.50,3200,6.20
1996-07-16,11.50,11.50,10.88,11.00,3500,5.93
1996-07-15,11.00,11.06,11.00,11.00,2300,5.93
1996-07-12,11.00,11.75,11.00,11.75,4300,6.33
1996-07-11,11.00,11.06,11.00,11.06,2900,5.96
1996-07-10,11.00,11.31,11.00,11.31,2000,6.09
1996-07-09,11.00,11.00,11.00,11.00,500,5.93
1996-07-08,10.75,11.19,10.75,11.19,2400,6.03
1996-07-05,11.25,11.25,11.25,11.25,000,6.06
1996-07-03,11.25,11.25,11.25,11.25,1200,6.06
1996-07-02,11.25,11.25,11.25,11.25,500,6.06
1996-07-01,11.00,11.38,11.00,11.25,4400,6.06
1996-06-28,11.00,11.75,11.00,11.75,3500,6.33
1996-06-27,11.38,11.38,11.00,11.00,34200,5.93
1996-06-26,11.00,11.00,11.00,11.00,000,5.93
1996-06-25,11.00,11.00,11.00,11.00,4200,5.93
1996-06-24,11.00,11.00,11.00,11.00,800,5.93
1996-06-21,11.75,11.75,11.75,11.75,100,6.33
1996-06-20,11.19,11.19,11.19,11.19,1100,6.03
1996-06-19,10.88,11.12,10.88,10.88,11000,5.86
1996-06-18,10.88,10.88,10.88,10.88,000,5.86
1996-06-17,10.75,11.12,10.75,10.88,13300,5.86
1996-06-14,10.50,10.50,10.50,10.50,100,5.66
1996-06-13,10.75,10.75,10.75,10.75,1500,5.73
1996-06-12,10.50,10.75,10.50,10.50,800,5.59
1996-06-11,10.75,10.75,10.75,10.75,200,5.73
1996-06-10,10.88,11.00,10.50,10.50,28200,5.59
1996-06-07,11.00,11.00,10.62,11.00,20300,5.86
1996-06-06,11.38,11.38,10.75,11.12,6500,5.93
1996-06-05,11.12,11.31,11.12,11.12,4600,5.93
1996-06-04,11.25,11.50,10.88,11.25,6800,5.99
1996-06-03,10.75,10.75,10.75,10.75,100,5.73
1996-05-31,11.23,11.25,11.23,11.25,3800,5.99
1996-05-30,10.75,11.00,10.75,11.00,1800,5.86
1996-05-29,10.75,10.75,10.75,10.75,200,5.73
1996-05-28,10.75,11.00,10.75,11.00,200,5.86
1996-05-24,10.75,11.00,10.75,10.75,11700,5.73
1996-05-23,10.62,10.75,10.62,10.75,2000,5.73
1996-05-22,10.62,10.62,10.62,10.62,500,5.66
1996-05-21,11.00,11.00,10.50,10.75,4000,5.73
1996-05-20,10.25,10.25,10.25,10.25,200,5.46
1996-05-17,10.75,11.00,10.25,10.25,16600,5.46
1996-05-16,10.00,10.62,10.00,10.62,3000,5.66
1996-05-15,10.00,10.00,10.00,10.00,5900,5.33
1996-05-14,10.12,10.12,10.12,10.12,400,5.39
1996-05-13,10.50,10.50,10.00,10.00,2300,5.33
1996-05-10,10.00,10.00,10.00,10.00,000,5.33
1996-05-09,10.00,10.06,10.00,10.00,10900,5.33
1996-05-08,10.00,10.00,10.00,10.00,15200,5.33
1996-05-07,10.00,10.00,10.00,10.00,400,5.33
1996-05-06,10.00,10.25,10.00,10.25,19400,5.46
1996-05-03,9.75,10.00,9.75,10.00,1000,5.33
1996-05-02,10.00,10.00,10.00,10.00,1500,5.33
1996-05-01,9.75,10.50,9.75,9.75,3500,5.19
1996-04-30,10.00,10.00,10.00,10.00,5500,5.33
1996-04-29,10.50,10.50,9.75,10.00,10900,5.33
1996-04-26,9.75,10.00,9.75,9.88,51000,5.26
1996-04-25,9.75,9.75,9.75,9.75,2500,5.19
1996-04-24,9.88,10.50,9.75,10.00,48300,5.33
1996-04-23,9.75,10.12,9.75,10.12,13600,5.39
1996-04-22,10.00,10.00,10.00,10.00,000,5.33
1996-04-19,10.00,10.25,9.94,10.00,19400,5.33
1996-04-18,10.12,10.12,9.88,10.00,9700,5.33
1996-04-17,9.62,10.25,9.62,10.00,2000,5.33
1996-04-16,9.62,9.62,9.62,9.62,2200,5.13
1996-04-15,10.00,10.00,9.50,10.00,18300,5.33
1996-04-12,9.75,10.25,9.69,9.88,226300,5.26
1996-04-11,10.00,10.00,9.75,9.75,1200,5.19
1996-04-10,10.00,10.00,10.00,10.00,1000,5.33
1996-04-09,9.88,9.88,9.88,9.88,000,5.26
1996-04-08,10.12,10.25,9.88,9.88,8200,5.26
1996-04-04,10.00,10.12,10.00,10.12,2500,5.39
1996-04-03,10.00,10.25,10.00,10.25,2600,5.46
1996-04-02,10.00,10.50,10.00,10.50,900,5.59
1996-04-01,10.00,10.00,10.00,10.00,700,5.33
1996-03-29,10.50,10.50,10.00,10.00,7300,5.33
1996-03-28,10.25,10.25,10.00,10.00,3100,5.33
1996-03-27,10.50,10.50,10.00,10.25,2900,5.46
1996-03-26,9.88,9.88,9.88,9.88,300,5.26
1996-03-25,9.75,10.50,9.75,10.12,18400,5.39
1996-03-22,9.75,10.00,9.75,10.00,8400,5.33
1996-03-21,10.00,10.00,9.81,10.00,33100,5.33
1996-03-20,9.62,9.75,9.62,9.62,59700,5.13
1996-03-19,9.88,10.00,9.62,9.62,55800,5.13
1996-03-18,9.62,9.62,9.62,9.62,1400,5.13
1996-03-15,10.00,10.00,9.62,9.62,13000,5.13
1996-03-14,9.62,9.62,9.62,9.62,5000,5.06
1996-03-13,9.62,10.00,9.62,9.75,31900,5.13
1996-03-12,10.25,10.25,9.62,9.62,10900,5.06
1996-03-11,10.00,10.00,10.00,10.00,000,5.26
1996-03-08,10.00,10.25,10.00,10.00,1600,5.26
1996-03-07,9.75,10.06,9.62,9.62,28200,5.06
1996-03-06,9.81,10.50,9.75,10.50,70800,5.52
1996-03-05,9.75,9.75,9.75,9.75,1000,5.13
1996-03-04,9.75,10.44,9.75,10.00,16900,5.26
1996-03-01,10.25,10.75,10.00,10.12,3100,5.33
1996-02-29,10.62,10.62,10.25,10.25,4300,5.39
1996-02-28,10.75,10.75,9.75,9.75,1600,5.13
1996-02-27,10.62,10.62,10.62,10.62,1000,5.59
1996-02-26,10.75,10.75,10.25,10.38,4400,5.46
1996-02-23,10.25,10.25,10.25,10.25,3100,5.39
1996-02-22,10.00,10.75,9.62,10.25,110100,5.39
1996-02-21,10.19,10.19,10.19,10.19,000,5.36
1996-02-20,10.12,10.19,10.12,10.19,6300,5.36
1996-02-16,9.62,10.12,9.62,9.62,26800,5.06
1996-02-15,10.12,10.12,10.12,10.12,2000,5.33
1996-02-14,9.94,9.94,9.62,9.62,10500,5.06
1996-02-13,10.12,10.12,9.62,9.75,144100,5.13
1996-02-12,9.62,10.12,9.62,10.12,1500,5.33
1996-02-09,10.12,10.12,10.12,10.12,600,5.33
1996-02-08,9.75,10.12,9.62,9.62,3800,5.06
1996-02-07,9.50,9.88,9.50,9.88,900,5.19
1996-02-06,10.00,10.00,10.00,10.00,000,5.26
1996-02-05,10.00,10.00,10.00,10.00,1000,5.26
1996-02-02,10.12,10.12,10.12,10.12,2000,5.33
1996-02-01,10.25,10.50,9.81,9.81,3500,5.16
1996-01-31,9.75,10.06,9.75,10.06,8100,5.29
1996-01-30,10.25,10.25,9.50,9.50,600,5.00
1996-01-29,8.50,9.88,8.50,9.88,12700,5.19
1996-01-26,8.88,9.00,8.25,8.62,16700,4.54
1996-01-25,9.00,9.00,8.25,9.00,5700,4.73
1996-01-24,8.75,9.00,8.25,8.25,2100,4.34
1996-01-23,8.62,8.62,8.25,8.38,2200,4.41
1996-01-22,9.00,9.00,8.25,8.25,2400,4.34
1996-01-19,8.50,9.00,8.50,9.00,5800,4.73
1996-01-18,8.25,9.00,8.25,9.00,4600,4.73
1996-01-17,9.00,9.00,8.25,8.38,79600,4.41
1996-01-16,9.50,9.50,8.62,9.50,7400,5.00
1996-01-15,9.12,9.12,8.25,8.75,106200,4.60
1996-01-12,9.12,9.12,8.50,8.75,71000,4.60
1996-01-11,9.12,9.12,8.50,9.12,40200,4.80
1996-01-10,8.75,8.75,8.75,8.75,1200,4.60
1996-01-09,9.25,9.62,8.75,9.12,20600,4.80
1996-01-08,10.00,10.00,10.00,10.00,600,5.26
1996-01-05,10.25,10.25,9.38,9.50,5600,5.00
1996-01-04,10.75,10.75,9.75,9.75,15800,5.13
1996-01-03,10.25,10.25,10.25,10.25,000,5.39
1996-01-02,10.25,10.25,10.25,10.25,3500,5.39
1995-12-29,11.00,11.00,10.25,10.25,30400,5.39
1995-12-28,11.00,11.00,10.25,10.25,900,5.39
1995-12-27,10.38,10.50,10.38,10.38,78100,5.46
1995-12-26,10.88,10.88,10.38,10.38,16300,5.46
1995-12-22,11.00,11.12,10.75,10.75,73000,5.66
1995-12-21,11.62,11.62,11.62,11.62,000,6.12
1995-12-20,11.62,11.62,11.62,11.62,000,6.05
1995-12-19,11.62,11.62,11.62,11.62,4300,6.05
1995-12-18,11.00,11.12,11.00,11.00,7800,5.73
1995-12-15,11.00,11.00,11.00,11.00,300,5.73
1995-12-14,11.00,11.00,11.00,11.00,800,5.73
1995-12-13,11.00,11.38,11.00,11.38,1500,5.92
1995-12-12,11.00,11.00,11.00,11.00,3900,5.73
1995-12-11,11.25,11.25,11.25,11.25,3000,5.86
1995-12-08,11.25,11.25,11.25,11.25,1100,5.86
1995-12-07,11.38,11.62,11.25,11.50,45100,5.99
1995-12-06,11.38,11.38,11.25,11.25,26300,5.86
1995-12-05,11.25,11.50,11.25,11.25,7800,5.86
1995-12-04,11.25,11.38,11.25,11.25,6000,5.86
1995-12-01,11.25,11.62,11.25,11.25,4400,5.86
1995-11-30,11.25,11.38,11.25,11.38,2900,5.92
1995-11-29,11.25,11.50,11.25,11.25,3100,5.86
1995-11-28,11.25,11.50,11.25,11.25,29900,5.86
1995-11-27,11.25,11.25,11.25,11.25,200,5.86
1995-11-24,11.25,11.62,11.25,11.25,7700,5.86
1995-11-22,11.25,11.25,11.25,11.25,400,5.86
1995-11-21,11.25,11.25,11.25,11.25,800,5.86
1995-11-20,11.25,11.62,11.25,11.25,5200,5.86
1995-11-17,11.25,11.75,11.25,11.75,1000,6.12
1995-11-16,11.25,11.38,11.12,11.38,45800,5.92
1995-11-15,11.38,11.88,11.25,11.88,18100,6.18
1995-11-14,11.25,11.38,11.25,11.38,20100,5.92
1995-11-13,11.25,11.50,11.25,11.25,55900,5.86
1995-11-10,11.25,11.25,11.25,11.25,400,5.86
1995-11-09,11.25,11.25,11.25,11.25,1500,5.86
1995-11-08,11.38,11.38,11.38,11.38,000,5.92
1995-11-07,11.50,11.50,11.38,11.38,35300,5.92
1995-11-06,11.50,11.50,11.25,11.25,10200,5.86
1995-11-03,11.50,11.50,11.38,11.50,20000,5.99
1995-11-02,11.50,11.50,11.38,11.50,20000,5.99
1995-11-01,11.50,11.50,11.25,11.25,29400,5.86
1995-10-31,11.25,11.38,11.25,11.38,17800,5.92
1995-10-30,11.25,11.38,11.25,11.38,10600,5.92
1995-10-27,11.31,11.31,11.31,11.31,000,5.89
1995-10-26,11.50,11.75,11.25,11.31,11700,5.89
1995-10-25,11.38,11.38,11.38,11.38,5700,5.92
1995-10-24,11.38,11.50,11.38,11.38,2700,5.92
1995-10-23,11.38,11.38,11.38,11.38,000,5.92
1995-10-20,11.69,12.00,11.38,11.38,1600,5.92
1995-10-19,11.75,11.75,11.38,11.50,3400,5.99
1995-10-18,11.38,11.50,11.25,11.50,37000,5.99
1995-10-17,11.25,11.38,11.25,11.31,16600,5.89
1995-10-16,11.25,11.50,11.25,11.25,5500,5.86
1995-10-13,11.25,11.25,11.25,11.25,000,5.86
1995-10-12,11.25,11.25,11.25,11.25,500,5.86
1995-10-11,11.25,11.25,11.25,11.25,1000,5.86
1995-10-10,11.25,11.50,11.25,11.25,6900,5.86
1995-10-09,11.25,11.25,11.25,11.25,200,5.86
1995-10-06,11.25,11.25,11.25,11.25,500,5.86
1995-10-05,11.31,11.31,11.31,11.31,800,5.89
1995-10-04,11.25,11.25,11.25,11.25,3600,5.86
1995-10-03,11.25,11.62,11.25,11.62,15600,6.05
1995-10-02,11.75,11.75,11.25,11.25,1300,5.86
1995-09-29,11.25,11.25,11.25,11.25,1200,5.86
1995-09-28,11.25,11.38,11.25,11.25,2000,5.86
1995-09-27,11.50,11.75,11.38,11.56,41900,6.02
1995-09-26,12.00,12.00,11.50,11.50,1600,5.99
1995-09-25,11.50,11.50,11.50,11.50,2300,5.99
1995-09-22,11.75,11.75,11.50,11.50,3200,5.99
1995-09-21,12.00,12.00,12.00,12.00,000,6.19
1995-09-20,12.50,12.50,12.00,12.00,2200,6.19
1995-09-19,11.75,11.75,11.75,11.75,800,6.06
1995-09-18,11.50,12.50,11.50,12.50,6300,6.44
1995-09-15,12.25,12.25,11.50,11.50,1100,5.93
1995-09-14,11.50,12.00,11.50,12.00,400,6.19
1995-09-13,12.25,12.25,11.50,11.50,5000,5.93
1995-09-12,11.25,12.00,11.25,11.50,4200,5.93
1995-09-11,11.50,11.50,11.50,11.50,900,5.93
1995-09-08,11.25,12.00,11.25,11.25,1600,5.80
1995-09-07,11.25,11.50,11.25,11.50,400,5.93
1995-09-06,11.25,11.50,11.25,11.50,200,5.93
1995-09-05,11.25,11.50,11.25,11.50,200,5.93
1995-09-01,12.00,12.00,11.25,11.25,700,5.80
1995-08-31,11.88,11.88,11.88,11.88,100,6.12
1995-08-30,11.25,11.62,11.25,11.62,5800,5.99
1995-08-29,11.88,11.88,11.88,11.88,1000,6.12
1995-08-28,11.25,11.25,11.25,11.25,000,5.80
1995-08-25,11.25,11.25,11.25,11.25,200,5.80
1995-08-24,11.94,11.94,11.25,11.25,1500,5.80
1995-08-23,11.33,11.50,11.33,11.50,11500,5.93
1995-08-22,11.25,12.00,11.25,11.50,9300,5.93
1995-08-21,11.25,11.25,11.25,11.25,000,5.80
1995-08-18,11.25,11.25,11.25,11.25,2100,5.80
1995-08-17,11.25,11.38,11.25,11.38,7900,5.86
1995-08-16,11.25,11.25,11.25,11.25,1000,5.80
1995-08-15,11.25,11.25,11.25,11.25,1200,5.80
1995-08-14,11.75,12.00,11.25,12.00,7600,6.19
1995-08-11,11.25,11.25,11.25,11.25,400,5.80
1995-08-10,11.25,11.25,11.25,11.25,500,5.80
1995-08-09,12.00,12.00,12.00,12.00,400,6.19
1995-08-08,11.38,11.38,11.25,11.25,700,5.80
1995-08-07,11.25,11.25,11.25,11.25,200,5.80
1995-08-04,11.25,11.25,11.25,11.25,2200,5.80
1995-08-03,11.25,11.25,11.25,11.25,2100,5.80
1995-08-02,11.25,11.25,11.25,11.25,6900,5.80
1995-08-01,12.25,12.25,12.25,12.25,000,6.31
1995-07-31,12.25,12.25,12.25,12.25,000,6.31
1995-07-28,12.25,12.25,12.25,12.25,000,6.31
1995-07-27,11.25,12.25,11.25,12.25,600,6.31
1995-07-26,11.25,12.25,11.25,12.25,2100,6.31
1995-07-25,11.25,12.00,11.25,12.00,1600,6.19
1995-07-24,12.00,12.00,11.25,11.31,1100,5.83
1995-07-21,11.25,11.25,11.25,11.25,500,5.80
1995-07-20,11.25,11.25,11.25,11.25,2000,5.80
1995-07-19,12.50,12.50,11.25,11.25,2400,5.80
1995-07-18,11.50,11.50,11.50,11.50,1300,5.93
1995-07-17,11.75,11.81,11.75,11.75,4000,6.06
1995-07-14,12.62,12.62,11.75,11.75,1900,6.06
1995-07-13,11.50,12.00,10.94,11.88,42300,6.12
1995-07-12,11.50,11.50,10.75,10.75,900,5.54
1995-07-11,10.75,11.12,10.25,10.75,8600,5.54
1995-07-10,10.50,10.50,10.50,10.50,3000,5.41
1995-07-07,10.50,10.50,10.38,10.50,6900,5.41
1995-07-06,10.75,10.75,10.25,10.50,3900,5.41
1995-07-05,10.25,10.75,10.25,10.75,11400,5.54
1995-07-03,10.75,10.75,10.50,10.50,1900,5.41
1995-06-30,10.25,10.75,10.25,10.25,53000,5.28
1995-06-29,10.38,10.50,10.25,10.25,10900,5.28
1995-06-28,10.50,10.50,10.50,10.50,000,5.41
1995-06-27,10.50,10.75,10.25,10.50,13300,5.41
1995-06-26,10.25,10.88,10.25,10.44,48400,5.38
1995-06-23,11.00,11.00,10.25,10.31,11300,5.32
1995-06-22,10.25,10.75,10.25,10.62,1800,5.48
1995-06-21,11.00,11.00,10.25,10.75,800,5.54
1995-06-20,10.25,10.62,10.25,10.62,1600,5.48
1995-06-19,11.25,11.25,10.75,10.75,1100,5.54
1995-06-16,11.25,11.25,10.50,10.62,2300,5.48
1995-06-15,10.75,10.75,10.50,10.50,2800,5.41
1995-06-14,11.00,11.00,11.00,11.00,000,5.61
1995-06-13,11.25,11.25,11.00,11.00,200,5.61
1995-06-12,10.50,10.62,10.50,10.62,3000,5.42
1995-06-09,10.50,11.50,10.50,11.50,600,5.86
1995-06-08,10.50,11.50,10.50,11.00,1000,5.61
1995-06-07,11.50,11.50,10.50,10.50,1100,5.35
1995-06-06,11.00,11.00,11.00,11.00,400,5.61
1995-06-05,11.00,11.00,11.00,11.00,1200,5.61
1995-06-02,10.75,10.75,10.62,10.62,1400,5.42
1995-06-01,10.38,10.75,10.25,10.25,3700,5.23
1995-05-31,10.62,10.62,10.62,10.62,000,5.42
1995-05-30,10.50,10.75,10.25,10.62,20100,5.42
1995-05-26,11.50,11.50,11.50,11.50,000,5.86
1995-05-25,11.50,11.50,11.50,11.50,000,5.86
1995-05-24,10.50,11.50,10.50,11.50,1000,5.86
1995-05-23,10.50,11.50,10.50,11.50,1700,5.86
1995-05-22,10.50,10.50,10.50,10.50,100,5.35
1995-05-19,11.50,11.50,10.50,10.50,600,5.35
1995-05-18,10.50,10.50,10.50,10.50,1500,5.35
1995-05-17,10.88,11.25,10.50,11.12,2100,5.67
1995-05-16,10.88,11.25,10.56,10.56,1400,5.38
1995-05-15,10.50,11.00,10.50,11.00,400,5.61
1995-05-12,11.25,11.25,11.25,11.25,000,5.74
1995-05-11,11.25,11.25,11.25,11.25,100,5.74
1995-05-10,10.50,10.75,10.50,10.75,1100,5.48
1995-05-09,10.25,11.00,10.25,10.25,1800,5.23
1995-05-08,10.25,11.25,10.25,10.25,5400,5.23
1995-05-05,10.50,10.50,10.50,10.50,6700,5.35
1995-05-04,10.75,11.25,10.50,10.50,13700,5.35
1995-05-03,11.00,11.25,11.00,11.00,1200,5.61
1995-05-02,10.75,10.75,10.75,10.75,000,5.48
1995-05-01,11.75,11.75,10.75,10.75,11500,5.48
1995-04-28,11.00,11.75,11.00,11.75,300,5.99
1995-04-27,11.00,11.00,11.00,11.00,600,5.61
1995-04-26,11.00,11.00,11.00,11.00,000,5.61
1995-04-25,11.00,11.00,11.00,11.00,000,5.61
1995-04-24,11.50,11.50,11.00,11.00,3900,5.61
1995-04-21,11.50,12.00,11.50,12.00,2500,6.12
1995-04-20,11.25,11.25,11.25,11.25,700,5.74
1995-04-19,11.25,12.00,11.25,11.75,2400,5.99
1995-04-18,11.25,12.00,11.25,11.75,6400,5.99
1995-04-17,11.25,11.25,11.25,11.25,000,5.74
1995-04-13,11.25,11.25,11.25,11.25,500,5.74
1995-04-12,11.75,11.75,11.50,11.75,2300,5.99
1995-04-11,11.00,11.00,11.00,11.00,100,5.61
1995-04-10,11.12,11.12,11.12,11.12,000,5.67
1995-04-07,11.50,11.50,11.00,11.12,600,5.67
1995-04-06,11.75,11.75,11.75,11.75,100,5.99
1995-04-05,11.75,11.75,11.75,11.75,100,5.99
1995-04-04,11.75,11.75,11.75,11.75,000,5.99
1995-04-03,11.75,11.75,11.75,11.75,000,5.99
1995-03-31,11.00,11.75,11.00,11.75,600,5.99
1995-03-30,12.00,12.00,12.00,12.00,000,6.12
1995-03-29,11.25,12.12,11.25,12.00,1100,6.12
1995-03-28,11.25,11.25,11.25,11.25,300,5.74
1995-03-27,11.25,11.25,11.25,11.25,1000,5.74
1995-03-24,10.75,11.50,10.75,11.50,3100,5.86
1995-03-23,11.50,11.50,11.50,11.50,100,5.86
1995-03-22,11.25,11.25,11.25,11.25,000,5.67
1995-03-21,11.25,11.25,11.25,11.25,000,5.67
1995-03-20,11.25,11.25,11.25,11.25,000,5.67
1995-03-17,10.88,11.25,10.88,11.25,2500,5.67
1995-03-16,10.75,10.75,10.75,10.75,100,5.42
1995-03-15,10.75,10.75,10.75,10.75,200,5.42
1995-03-14,11.00,11.25,11.00,11.12,1100,5.61
1995-03-13,11.00,11.62,11.00,11.00,14800,5.55
1995-03-10,12.00,12.00,11.00,11.00,400,5.55
1995-03-09,11.00,11.00,11.00,11.00,000,5.55
1995-03-08,11.00,11.00,11.00,11.00,000,5.55
1995-03-07,12.25,12.25,11.00,11.00,2100,5.55
1995-03-06,11.00,12.00,11.00,12.00,1900,6.05
1995-03-03,11.00,12.00,11.00,11.00,3800,5.55
1995-03-02,12.00,12.00,11.25,11.25,1500,5.67
1995-03-01,11.00,11.00,11.00,11.00,200,5.55
1995-02-28,11.75,12.00,11.00,12.00,3400,6.05
1995-02-27,11.00,11.00,11.00,11.00,600,5.55
1995-02-24,11.38,11.75,11.00,11.75,2200,5.93
1995-02-23,11.00,11.75,10.75,11.00,265900,5.55
1995-02-22,11.75,11.75,11.75,11.75,300,5.93
1995-02-21,11.75,11.75,11.00,11.00,9100,5.55
1995-02-17,10.75,11.38,10.75,11.38,1500,5.74
1995-02-16,11.75,12.50,11.25,11.31,13500,5.71
1995-02-15,11.50,12.50,11.50,12.00,2500,6.05
1995-02-14,12.25,12.25,11.25,12.00,1700,6.05
1995-02-13,12.25,12.25,11.25,12.25,5400,6.18
1995-02-10,11.25,11.25,11.25,11.25,200,5.67
1995-02-09,11.25,12.25,11.25,11.75,2100,5.93
1995-02-08,11.25,11.25,11.25,11.25,100,5.67
1995-02-07,12.25,12.25,12.25,12.25,1100,6.18
1995-02-06,12.25,12.25,12.25,12.25,400,6.18
1995-02-03,11.50,11.75,11.50,11.75,2100,5.93
1995-02-02,11.25,11.50,10.50,10.50,2000,5.30
1995-02-01,11.25,11.25,11.00,11.12,3800,5.61
1995-01-31,11.00,11.50,11.00,11.00,8500,5.55
1995-01-30,11.50,11.50,11.50,11.50,200,5.80
1995-01-27,12.25,12.25,11.00,11.00,2200,5.55
1995-01-26,11.75,11.75,11.75,11.75,900,5.93
1995-01-25,11.75,11.75,11.75,11.75,1000,5.93
1995-01-24,11.00,11.00,11.00,11.00,1300,5.55
1995-01-23,11.00,11.75,11.00,11.38,2400,5.74
1995-01-20,12.25,12.25,11.00,11.75,1200,5.93
1995-01-19,12.75,12.75,11.75,12.00,3700,6.05
1995-01-18,12.50,12.50,11.75,12.00,4800,6.05
1995-01-17,11.25,12.50,11.25,12.25,4000,6.18
1995-01-16,11.25,12.00,11.25,12.00,5300,6.05
1995-01-13,11.25,12.50,11.25,12.25,4500,6.18
1995-01-12,12.50,12.50,11.50,11.50,27000,5.80
1995-01-11,11.75,12.00,11.25,11.31,6800,5.71
1995-01-10,11.50,11.50,11.50,11.50,000,5.80
1995-01-09,12.00,12.00,11.50,11.50,11900,5.80
1995-01-06,12.50,12.50,11.50,11.50,4900,5.80
1995-01-05,12.25,13.00,12.25,12.50,1200,6.30
1995-01-04,12.50,13.25,12.50,13.25,1100,6.68
1995-01-03,12.75,13.25,12.25,13.25,13000,6.68
1994-12-30,12.50,13.75,12.50,13.00,26500,6.56
1994-12-29,12.00,12.75,12.00,12.75,3000,6.43
1994-12-28,11.50,12.25,11.50,12.00,1800,6.05
1994-12-27,11.50,12.00,11.50,12.00,1600,6.05
1994-12-23,12.00,12.00,12.00,12.00,500,6.05
1994-12-22,11.75,12.00,11.50,12.00,6000,6.05
1994-12-21,11.75,11.75,11.25,11.75,6000,5.93
1994-12-20,11.75,11.75,11.75,11.75,100,5.93
1994-12-19,11.50,12.25,11.25,11.75,4100,5.87
1994-12-16,11.50,11.50,10.75,11.50,3100,5.74
1994-12-15,11.50,11.50,10.75,11.50,4200,5.74
1994-12-14,10.75,11.50,10.00,11.50,7700,5.74
1994-12-13,10.75,10.75,10.00,10.75,2900,5.37
1994-12-12,11.00,11.00,10.00,10.75,11700,5.37
1994-12-09,10.25,11.00,10.25,10.25,6000,5.12
1994-12-08,10.50,10.50,10.50,10.50,800,5.24
1994-12-07,10.50,10.50,10.50,10.50,700,5.24
1994-12-06,11.00,11.00,11.00,11.00,100,5.49
1994-12-05,10.00,10.75,10.00,10.75,600,5.37
1994-12-02,11.00,11.50,10.25,10.75,21100,5.37
1994-12-01,11.00,11.00,11.00,11.00,000,5.49
1994-11-30,11.00,11.00,11.00,11.00,200,5.49
1994-11-29,11.25,11.25,10.75,10.75,700,5.37
1994-11-28,10.00,10.25,10.00,10.00,900,4.99
1994-11-25,10.50,10.50,10.50,10.50,1100,5.24
1994-11-23,10.88,10.88,10.50,10.50,8500,5.24
1994-11-22,10.50,11.25,10.50,11.25,1900,5.62
1994-11-21,10.50,10.50,10.50,10.50,100,5.24
1994-11-18,10.50,11.25,10.50,10.88,4000,5.43
1994-11-17,11.00,11.00,11.00,11.00,000,5.49
1994-11-16,10.50,11.25,10.50,11.00,1800,5.49
1994-11-15,11.00,11.00,11.00,11.00,000,5.49
1994-11-14,11.00,11.00,11.00,11.00,000,5.49
1994-11-11,10.88,11.00,10.75,11.00,3700,5.49
1994-11-10,10.75,11.12,10.75,11.12,2300,5.55
1994-11-09,11.25,11.25,11.25,11.25,1000,5.62
1994-11-08,10.50,11.00,10.50,10.75,2600,5.37
1994-11-07,10.50,11.25,10.50,10.62,5600,5.30
1994-11-04,10.50,12.25,10.50,10.75,25300,5.37
1994-11-03,11.50,11.50,10.50,10.75,4900,5.37
1994-11-02,11.50,11.50,11.50,11.50,1800,5.74
1994-11-01,11.50,11.50,11.50,11.50,000,5.74
1994-10-31,11.50,11.50,11.50,11.50,000,5.74
1994-10-28,10.50,11.50,10.50,11.50,8900,5.74
1994-10-27,11.25,11.25,11.25,11.25,000,5.62
1994-10-26,11.25,11.25,11.25,11.25,400,5.62
1994-10-25,11.00,11.00,11.00,11.00,100,5.49
1994-10-24,10.50,11.00,10.50,11.00,5700,5.49
1994-10-21,11.00,11.25,11.00,11.00,5500,5.49
1994-10-20,11.25,11.25,11.25,11.25,000,5.62
1994-10-19,11.75,11.75,11.25,11.25,600,5.62
1994-10-18,11.00,11.38,11.00,11.00,1200,5.49
1994-10-17,11.75,11.75,11.75,11.75,100,5.87
1994-10-14,11.00,11.00,11.00,11.00,500,5.49
1994-10-13,11.75,11.75,11.00,11.00,600,5.49
1994-10-12,11.75,11.75,11.75,11.75,300,5.87
1994-10-11,11.25,11.25,11.25,11.25,800,5.62
1994-10-10,11.50,11.50,11.50,11.50,200,5.74
1994-10-07,11.50,11.50,11.50,11.50,100,5.74
1994-10-06,10.50,10.50,10.50,10.50,000,5.24
1994-10-05,10.50,10.50,10.50,10.50,100,5.24
1994-10-04,10.75,10.75,10.75,10.75,800,5.37
1994-10-03,11.75,11.75,11.38,11.38,800,5.68
1994-09-30,11.38,11.38,11.38,11.38,600,5.68
1994-09-29,11.75,11.75,11.75,11.75,100,5.87
1994-09-28,11.00,11.50,11.00,11.50,900,5.68
1994-09-27,12.00,12.00,11.00,11.25,9500,5.56
1994-09-26,12.25,12.25,11.25,11.38,14000,5.62
1994-09-23,11.25,11.25,11.25,11.25,100,5.56
1994-09-22,11.62,11.62,11.50,11.50,8600,5.68
1994-09-21,11.75,12.12,11.75,11.88,3800,5.87
1994-09-20,12.75,12.75,12.75,12.75,000,6.30
1994-09-19,12.75,12.75,12.75,12.75,000,6.30
1994-09-16,12.75,12.75,12.75,12.75,1700,6.30
1994-09-15,12.00,12.12,12.00,12.12,2400,5.99
1994-09-14,12.00,12.00,12.00,12.00,300,5.93
1994-09-13,13.00,13.00,12.12,12.12,2200,5.99
1994-09-12,12.00,12.00,12.00,12.00,600,5.93
1994-09-09,12.00,12.00,12.00,12.00,000,5.93
1994-09-08,12.00,12.00,12.00,12.00,000,5.93
1994-09-07,12.00,12.00,12.00,12.00,000,5.93
1994-09-06,12.00,12.00,12.00,12.00,100,5.93
1994-09-02,12.00,12.00,12.00,12.00,100,5.93
1994-09-01,12.50,12.50,12.00,12.25,23700,6.05
1994-08-31,12.50,12.50,12.06,12.06,14600,5.96
1994-08-30,12.50,12.50,11.50,12.50,4300,6.18
1994-08-29,12.50,12.50,12.00,12.00,1500,5.93
1994-08-26,11.50,11.50,11.50,11.50,8000,5.68
1994-08-25,11.50,11.50,11.50,11.50,000,5.68
1994-08-24,11.75,12.25,11.50,11.50,4400,5.68
1994-08-23,12.00,12.00,12.00,12.00,000,5.93
1994-08-22,12.00,12.00,12.00,12.00,2000,5.93
1994-08-19,12.00,12.50,12.00,12.00,13200,5.93
1994-08-18,12.00,12.00,12.00,12.00,000,5.93
1994-08-17,12.75,12.75,12.00,12.00,2300,5.93
1994-08-16,12.50,13.25,12.25,12.25,9600,6.05
1994-08-15,11.38,12.00,11.38,11.75,8300,5.80
1994-08-12,10.75,10.75,10.00,10.75,41300,5.31
1994-08-11,10.75,11.00,10.62,10.75,1700,5.31
1994-08-10,11.25,11.25,10.75,10.75,800,5.31
1994-08-09,10.25,11.25,10.25,11.25,300,5.56
1994-08-08,11.25,11.25,11.25,11.25,500,5.56
1994-08-05,11.25,11.25,11.25,11.25,300,5.56
1994-08-04,11.25,11.25,10.88,11.12,4500,5.50
1994-08-03,11.00,11.00,11.00,11.00,200,5.43
1994-08-02,10.50,11.25,10.50,11.00,15200,5.43
1994-08-01,9.75,10.50,9.50,10.50,14800,5.19
1994-07-29,10.50,10.50,9.50,10.50,6300,5.19
1994-07-28,11.00,11.00,10.00,10.50,9200,5.19
1994-07-27,11.00,11.00,10.50,11.00,2000,5.43
1994-07-26,11.25,11.25,10.50,10.62,7400,5.25
1994-07-25,11.25,11.50,10.50,11.25,7900,5.56
1994-07-22,12.00,12.06,11.75,12.06,7000,5.96
1994-07-21,12.50,12.50,12.50,12.50,000,6.18
1994-07-20,13.00,13.00,12.50,12.50,1300,6.18
1994-07-19,13.00,13.00,13.00,13.00,000,6.42
1994-07-18,13.00,13.00,12.00,13.00,6000,6.42
1994-07-15,13.00,13.00,13.00,13.00,000,6.42
1994-07-14,13.00,13.00,13.00,13.00,000,6.42
1994-07-13,13.00,13.00,13.00,13.00,000,6.42
1994-07-12,13.00,13.00,13.00,13.00,100,6.42
1994-07-11,12.25,12.25,12.25,12.25,2500,6.05
1994-07-08,12.25,12.25,12.25,12.25,1000,6.05
1994-07-07,12.50,12.50,12.50,12.50,000,6.18
1994-07-06,13.00,13.00,12.50,12.50,2300,6.18
1994-07-05,13.00,13.00,13.00,13.00,2600,6.42
1994-07-01,13.00,13.00,13.00,13.00,100,6.42
1994-06-30,13.75,14.50,13.00,13.75,9800,6.79
1994-06-29,14.75,14.75,13.75,13.75,900,6.79
1994-06-28,14.00,14.00,13.75,13.75,2500,6.79
1994-06-27,14.50,14.62,14.00,14.06,25900,6.95
1994-06-24,14.62,14.69,14.62,14.69,15000,7.26
1994-06-23,14.62,15.00,14.50,14.50,18600,7.16
1994-06-22,14.62,15.00,14.62,15.00,23800,7.41
1994-06-21,14.62,14.73,14.50,14.62,12800,7.22
1994-06-20,15.50,15.50,15.50,15.50,000,7.66
1994-06-17,15.50,15.50,15.50,15.50,1500,7.60
1994-06-16,15.50,15.50,15.50,15.50,000,7.60
1994-06-15,15.50,15.50,15.50,15.50,000,7.60
1994-06-14,14.50,15.50,14.50,15.50,1500,7.60
1994-06-13,14.50,14.50,14.50,14.50,300,7.11
1994-06-10,14.50,14.50,14.50,14.50,100,7.11
1994-06-09,14.50,14.50,14.50,14.50,000,7.11
1994-06-08,14.50,14.50,14.50,14.50,100,7.11
1994-06-07,14.75,14.75,14.75,14.75,1000,7.23
1994-06-06,15.00,15.00,15.00,15.00,000,7.35
1994-06-03,14.50,15.00,14.50,15.00,1000,7.35
1994-06-02,14.62,14.62,14.62,14.62,8000,7.17
1994-06-01,14.62,14.62,14.62,14.62,6000,7.17
1994-05-31,14.62,15.50,14.50,15.50,1300,7.60
1994-05-27,14.50,15.50,14.50,14.50,7200,7.11
1994-05-26,14.50,14.62,14.50,14.50,2700,7.11
1994-05-25,14.75,14.75,14.50,14.75,1700,7.23
1994-05-24,15.00,15.00,14.50,14.62,4300,7.17
1994-05-23,15.25,15.25,14.75,14.81,8400,7.26
1994-05-20,14.94,14.94,14.94,14.94,000,7.32
1994-05-19,14.94,14.94,14.94,14.94,000,7.32
1994-05-18,14.75,15.75,14.75,14.94,3900,7.32
1994-05-17,14.75,14.75,14.75,14.75,700,7.23
1994-05-16,15.25,15.25,15.25,15.25,000,7.48
1994-05-13,15.25,15.25,15.25,15.25,5000,7.48
1994-05-12,15.44,15.44,15.44,15.44,000,7.57
1994-05-11,15.38,15.44,15.25,15.44,21600,7.57
1994-05-10,15.50,15.50,15.50,15.50,400,7.60
1994-05-09,15.38,15.38,15.38,15.38,000,7.54
1994-05-06,15.50,15.50,15.25,15.38,9400,7.54
1994-05-05,16.25,16.25,16.25,16.25,100,7.97
1994-05-04,15.25,15.50,15.25,15.50,700,7.60
1994-05-03,15.50,15.50,15.50,15.50,000,7.60
1994-05-02,15.50,15.50,15.50,15.50,1100,7.60
1994-04-29,15.25,15.25,15.25,15.25,600,7.48
1994-04-28,15.25,15.25,15.25,15.25,1100,7.48
1994-04-26,15.25,15.25,15.25,15.25,000,7.48
1994-04-25,15.25,15.25,15.25,15.25,000,7.48
1994-04-22,15.25,15.25,15.25,15.25,400,7.48
1994-04-21,15.50,15.50,15.50,15.50,000,7.60
1994-04-20,15.50,16.00,15.50,15.50,18400,7.60
1994-04-19,15.00,15.25,15.00,15.25,8600,7.48
1994-04-18,15.00,16.00,15.00,16.00,600,7.84
1994-04-15,15.00,15.00,15.00,15.00,000,7.35
1994-04-14,15.00,15.00,15.00,15.00,000,7.35
1994-04-13,15.00,15.00,15.00,15.00,000,7.35
1994-04-12,15.00,15.00,15.00,15.00,300,7.35
1994-04-11,15.00,15.00,15.00,15.00,000,7.35
1994-04-08,15.00,15.00,15.00,15.00,1900,7.35
1994-04-07,15.00,15.00,15.00,15.00,000,7.35
1994-04-06,15.00,15.00,15.00,15.00,000,7.35
1994-04-05,15.00,15.00,15.00,15.00,600,7.35
1994-04-04,15.25,15.25,15.25,15.25,700,7.48
1994-03-31,16.50,16.50,16.50,16.50,000,8.09
1994-03-30,15.75,16.50,15.75,16.50,1300,8.09
1994-03-29,15.75,15.75,15.75,15.75,000,7.72
1994-03-28,16.50,16.50,15.75,15.75,1000,7.72
1994-03-25,16.50,16.50,16.50,16.50,000,8.09
1994-03-24,16.50,16.50,16.50,16.50,000,8.09
1994-03-23,15.75,16.50,15.75,16.50,600,8.09
1994-03-22,15.75,15.75,15.75,15.75,4000,7.72
1994-03-21,16.00,16.25,15.75,15.75,9400,7.72
1994-03-18,16.00,16.25,16.00,16.25,2200,7.91
1994-03-17,16.12,16.12,16.00,16.00,21800,7.79
1994-03-16,16.25,16.75,16.25,16.25,21500,7.91
1994-03-15,16.38,16.38,16.25,16.38,5500,7.97
1994-03-14,16.62,16.62,16.25,16.62,25100,8.09
1994-03-11,17.25,17.25,16.50,16.62,9600,8.09
1994-03-10,16.50,16.75,16.50,16.75,30200,8.15
1994-03-09,17.50,17.50,16.50,16.75,18800,8.15
1994-03-08,17.00,17.75,17.00,17.00,2100,8.27
1994-03-07,18.00,18.00,17.38,18.00,4400,8.76
1994-03-04,18.00,18.00,18.00,18.00,1700,8.76
1994-03-03,17.38,17.38,17.38,17.38,000,8.45
1994-03-02,17.00,17.50,17.00,17.38,13000,8.45
1994-03-01,17.00,18.00,17.00,18.00,1000,8.76
1994-02-28,17.00,18.00,17.00,18.00,1300,8.76
1994-02-25,17.50,17.50,17.50,17.50,000,8.51
1994-02-24,17.50,17.50,17.50,17.50,000,8.51
1994-02-23,17.50,17.50,17.50,17.50,000,8.51
1994-02-22,17.50,17.50,17.50,17.50,100,8.51
1994-02-18,18.00,18.00,17.00,17.00,300,8.27
1994-02-17,18.00,18.00,17.00,17.00,12100,8.27
1994-02-16,17.62,18.00,17.25,17.38,17800,8.45
1994-02-15,17.50,17.88,17.50,17.50,10800,8.51
1994-02-14,18.25,18.25,18.25,18.25,800,8.88
1994-02-11,17.50,17.50,17.50,17.50,000,8.51
1994-02-10,18.25,18.25,17.50,17.50,300,8.51
1994-02-09,17.50,18.50,17.50,17.50,4000,8.51
1994-02-08,17.50,18.50,17.50,18.50,800,9.00
1994-02-07,17.50,17.50,17.50,17.50,000,8.51
1994-02-04,17.50,17.50,17.50,17.50,300,8.51
1994-02-03,17.50,17.50,17.50,17.50,000,8.51
1994-02-02,17.50,17.50,17.50,17.50,200,8.51
1994-02-01,18.00,18.00,18.00,18.00,000,8.76
1994-01-31,17.50,18.00,17.50,18.00,17900,8.76
1994-01-28,18.50,18.50,18.50,18.50,000,9.00
1994-01-27,18.50,18.50,18.50,18.50,000,9.00
1994-01-26,17.50,18.50,17.50,18.50,3600,9.00
1994-01-25,18.50,18.50,18.50,18.50,900,9.00
1994-01-24,18.50,18.50,17.50,17.50,3100,8.51
1994-01-21,17.50,18.50,17.50,18.50,500,9.00
1994-01-20,18.50,18.50,18.50,18.50,000,9.00
1994-01-19,17.50,18.50,17.50,18.50,1500,9.00
1994-01-18,17.50,17.50,17.50,17.50,600,8.51
1994-01-17,17.50,17.50,17.50,17.50,1100,8.51
1994-01-14,17.00,18.25,17.00,18.00,14200,8.76
1994-01-13,17.25,17.25,17.00,17.00,1300,8.27
1994-01-12,17.25,17.25,17.00,17.25,45800,8.39
1994-01-11,17.25,17.25,17.25,17.25,3600,8.39
1994-01-10,17.25,17.25,17.25,17.25,100,8.39
1994-01-07,17.25,17.25,17.25,17.25,300,8.39
1994-01-06,16.50,17.25,16.50,16.50,3200,8.03
1994-01-05,16.50,17.50,16.50,17.50,600,8.51
1994-01-04,17.50,17.50,17.00,17.50,13700,8.51
1994-01-03,17.50,17.50,17.50,17.50,000,8.51
1993-12-31,16.75,17.50,16.75,17.50,4200,8.51
1993-12-30,17.00,17.25,16.75,17.00,7000,8.27
1993-12-29,16.50,17.00,16.50,16.88,5600,8.21
1993-12-28,16.00,17.00,16.00,17.00,400,8.27
1993-12-27,16.00,17.00,16.00,17.00,1500,8.27
1993-12-23,16.00,16.50,16.00,16.00,27500,7.79
1993-12-22,16.00,16.00,15.75,16.00,8000,7.79
1993-12-21,15.50,16.00,15.50,16.00,11700,7.73
1993-12-20,15.75,15.75,15.00,15.75,800,7.61
1993-12-17,15.75,15.75,15.50,15.50,1500,7.49
1993-12-16,15.00,15.75,15.00,15.75,900,7.61
1993-12-15,15.25,15.38,15.00,15.00,10300,7.24
1993-12-14,15.75,15.75,15.75,15.75,1000,7.61
1993-12-13,15.50,15.50,15.00,15.38,18800,7.42
1993-12-10,15.62,15.62,15.62,15.62,300,7.55
1993-12-09,15.00,15.00,15.00,15.00,900,7.24
1993-12-08,15.00,15.00,15.00,15.00,000,7.24
1993-12-07,15.00,15.00,15.00,15.00,2000,7.24
1993-12-06,15.00,15.00,15.00,15.00,000,7.24
1993-12-03,15.00,15.00,15.00,15.00,7000,7.24
1993-12-02,15.00,15.00,15.00,15.00,300,7.24
1993-12-01,15.25,15.25,15.25,15.25,1600,7.36
1993-11-30,16.00,16.00,15.00,15.00,2500,7.24
1993-11-29,16.00,16.00,15.00,15.50,400,7.49
1993-11-26,16.00,16.00,16.00,16.00,000,7.73
1993-11-24,15.75,16.00,15.75,16.00,400,7.73
1993-11-23,15.75,15.75,15.75,15.75,100,7.61
1993-11-22,15.75,15.75,15.00,15.00,1900,7.24
1993-11-19,15.00,15.00,15.00,15.00,800,7.24
1993-11-18,15.38,15.75,15.00,15.75,3200,7.61
1993-11-17,15.38,15.38,15.38,15.38,2700,7.42
1993-11-16,15.00,15.75,15.00,15.75,300,7.61
1993-11-15,15.00,16.00,15.00,16.00,200,7.73
1993-11-12,15.25,15.25,15.25,15.25,17800,7.36
1993-11-11,16.00,16.00,16.00,16.00,400,7.73
1993-11-10,16.00,16.00,15.50,15.50,300,7.49
1993-11-09,15.00,15.00,15.00,15.00,100,7.24
1993-11-08,16.00,16.00,15.25,15.25,2200,7.36
1993-11-05,16.00,16.00,15.00,15.00,600,7.24
1993-11-04,15.25,15.25,15.25,15.25,000,7.36
1993-11-03,16.00,16.00,15.25,15.25,1600,7.36
1993-11-02,15.25,15.25,15.25,15.25,100,7.36
1993-11-01,15.38,15.62,15.25,15.25,400,7.36
1993-10-29,15.25,16.00,15.25,16.00,400,7.73
1993-10-28,16.00,16.00,16.00,16.00,500,7.73
1993-10-27,16.00,16.00,16.00,16.00,000,7.73
1993-10-26,16.00,16.00,16.00,16.00,300,7.73
1993-10-25,16.00,16.00,16.00,16.00,300,7.73
1993-10-22,16.00,16.00,15.25,15.25,500,7.36
1993-10-21,15.75,15.75,15.75,15.75,000,7.61
1993-10-20,16.00,16.00,15.75,15.75,12500,7.61
1993-10-19,16.00,16.00,15.75,15.75,1600,7.61
1993-10-18,15.50,16.00,15.50,15.75,1700,7.61
1993-10-15,16.25,16.25,15.75,15.75,4600,7.61
1993-10-14,15.50,16.25,15.50,16.00,16300,7.73
1993-10-13,16.00,16.00,16.00,16.00,2500,7.73
1993-10-12,15.00,15.00,15.00,15.00,100,7.24
1993-10-11,15.50,15.50,15.50,15.50,000,7.49
1993-10-08,15.50,15.50,15.50,15.50,000,7.49
1993-10-07,15.50,15.50,15.50,15.50,000,7.49
1993-10-06,15.00,15.75,15.00,15.50,1200,7.49
1993-10-05,15.00,15.00,15.00,15.00,000,7.24
1993-10-04,15.00,15.00,15.00,15.00,000,7.24
1993-10-01,15.00,15.00,15.00,15.00,300,7.24
1993-09-30,15.00,15.75,15.00,15.75,4000,7.61
1993-09-29,15.00,15.00,15.00,15.00,100,7.24
1993-09-28,15.50,15.50,15.50,15.50,000,7.49
1993-09-27,15.50,15.50,15.50,15.50,000,7.49
1993-09-24,15.25,15.50,15.25,15.50,6200,7.49
1993-09-23,15.50,15.50,15.50,15.50,5000,7.49
1993-09-22,15.12,15.12,15.12,15.12,000,7.30
1993-09-21,15.00,15.12,15.00,15.12,4100,7.30
1993-09-20,15.00,15.00,15.00,15.00,1000,7.24
1993-09-17,15.00,15.00,15.00,15.00,300,7.24
1993-09-16,15.75,15.75,15.75,15.75,000,7.61
1993-09-15,15.75,15.75,15.75,15.75,1100,7.55
1993-09-14,15.12,15.25,15.00,15.25,12600,7.31
1993-09-13,15.38,15.38,15.38,15.38,2700,7.37
1993-09-10,15.00,15.00,15.00,15.00,100,7.19
1993-09-09,15.38,15.38,15.38,15.38,2700,7.37
1993-09-08,15.00,15.75,15.00,15.12,8400,7.25
1993-09-07,15.00,15.00,15.00,15.00,400,7.19
1993-09-03,15.75,15.75,15.00,15.00,1100,7.19
1993-09-02,15.75,15.75,15.75,15.75,100,7.55
1993-09-01,15.00,15.00,15.00,15.00,000,7.19
1993-08-31,15.00,15.00,15.00,15.00,500,7.19
1993-08-30,15.50,15.50,15.50,15.50,000,7.43
1993-08-27,15.75,15.75,15.50,15.50,1000,7.43
1993-08-26,15.25,15.25,15.00,15.12,5400,7.25
1993-08-25,15.25,15.25,15.25,15.25,1300,7.31
1993-08-24,15.25,15.25,15.25,15.25,200,7.31
1993-08-23,15.25,15.25,15.25,15.25,2800,7.31
1993-08-20,16.50,16.50,15.25,15.25,2000,7.31
1993-08-19,15.88,15.88,15.88,15.88,100,7.61
1993-08-18,16.00,16.50,16.00,16.50,1000,7.91
1993-08-17,16.00,16.00,16.00,16.00,500,7.67
1993-08-16,15.50,15.50,15.50,15.50,500,7.43
1993-08-13,15.50,15.50,15.50,15.50,000,7.43
1993-08-12,15.50,15.50,15.50,15.50,800,7.43
1993-08-11,16.75,16.75,16.75,16.75,200,8.03
1993-08-10,15.50,15.50,15.50,15.50,300,7.43
1993-08-09,16.75,16.75,16.75,16.75,000,8.03
1993-08-06,15.50,16.75,15.50,16.75,600,8.03
1993-08-05,15.50,15.50,15.50,15.50,100,7.43
1993-08-04,15.50,15.50,15.50,15.50,800,7.43
1993-08-03,15.75,15.75,15.75,15.75,000,7.55
1993-08-02,15.75,15.75,15.75,15.75,000,7.55
1993-07-30,15.75,15.75,15.75,15.75,000,7.55
1993-07-29,15.75,15.75,15.75,15.75,000,7.55
1993-07-28,16.00,16.00,15.75,15.75,700,7.55
1993-07-27,16.25,16.75,15.75,15.75,5000,7.55
1993-07-26,16.75,16.75,16.75,16.75,100,8.03
1993-07-23,16.00,16.12,16.00,16.12,6000,7.73
1993-07-22,16.25,16.25,15.75,15.75,3300,7.55
1993-07-21,15.75,15.75,15.75,15.75,300,7.55
1993-07-20,16.75,16.75,16.75,16.75,1100,8.03
1993-07-19,16.25,16.25,16.00,16.12,10700,7.73
1993-07-16,15.50,15.50,15.50,15.50,1000,7.43
1993-07-15,15.50,15.50,15.50,15.50,000,7.43
1993-07-14,15.50,15.50,15.50,15.50,800,7.43
1993-07-13,16.50,16.50,16.50,16.50,100,7.91
1993-07-12,15.25,15.25,15.25,15.25,1400,7.31
1993-07-09,15.00,16.00,15.00,16.00,8300,7.67
1993-07-08,14.50,15.25,14.50,15.00,9700,7.19
1993-07-07,15.25,15.25,14.62,15.25,4500,7.31
1993-07-06,14.88,14.88,14.88,14.88,2000,7.13
1993-07-02,15.00,15.00,15.00,15.00,000,7.19
1993-07-01,15.00,15.00,14.75,15.00,6900,7.19
1993-06-30,15.38,15.38,15.38,15.38,2300,7.37
1993-06-29,14.88,15.00,14.88,15.00,2300,7.19
1993-06-28,14.88,15.00,14.88,15.00,1300,7.19
1993-06-25,15.75,15.75,14.88,14.88,700,7.13
1993-06-24,15.00,15.38,14.88,14.88,7500,7.13
1993-06-23,15.00,15.12,15.00,15.12,6000,7.25
1993-06-22,16.25,16.38,15.50,15.50,9300,7.43
1993-06-21,16.25,16.25,16.25,16.25,100,7.79
1993-06-18,16.75,16.75,16.25,16.25,300,7.79
1993-06-17,16.62,16.62,16.62,16.62,700,7.97
1993-06-16,16.50,16.50,16.50,16.50,000,7.85
1993-06-15,16.50,16.50,16.50,16.50,000,7.85
1993-06-14,16.25,16.75,16.25,16.50,1500,7.85
1993-06-11,16.25,16.50,16.25,16.50,8200,7.85
1993-06-10,16.25,16.25,16.25,16.25,000,7.73
1993-06-09,16.50,16.50,16.25,16.25,1600,7.73
1993-06-08,16.25,16.25,16.25,16.25,800,7.73
1993-06-07,16.25,17.00,16.25,17.00,1600,8.09
1993-06-04,16.25,16.50,16.25,16.50,37800,7.85
1993-06-03,16.38,16.75,16.25,16.75,8800,7.97
1993-06-02,16.50,16.50,16.50,16.50,3000,7.85
1993-06-01,16.25,16.25,16.25,16.25,200,7.73
1993-05-28,16.25,16.75,16.25,16.75,6300,7.97
1993-05-27,16.38,16.38,16.38,16.38,13200,7.79
1993-05-26,16.50,16.75,16.25,16.25,3700,7.73
1993-05-25,16.50,16.50,16.50,16.50,700,7.85
1993-05-24,17.25,17.25,16.25,16.25,3300,7.73
1993-05-21,16.25,17.25,16.25,16.25,3700,7.73
1993-05-20,16.25,16.75,16.25,16.38,13400,7.79
1993-05-19,16.25,16.38,16.25,16.38,5200,7.79
1993-05-18,15.38,16.50,15.25,16.50,14900,7.85
1993-05-17,15.75,15.75,15.75,15.75,4300,7.49
1993-05-14,15.25,15.38,15.25,15.25,1300,7.26
1993-05-13,15.25,15.38,15.25,15.38,1200,7.31
1993-05-12,15.38,15.38,15.38,15.38,000,7.31
1993-05-11,15.25,15.38,15.25,15.38,2000,7.31
1993-05-10,15.25,15.25,15.25,15.25,600,7.26
1993-05-07,15.75,15.75,15.25,15.25,3800,7.26
1993-05-06,15.38,15.38,15.00,15.25,7500,7.26
1993-05-05,15.00,15.00,15.00,15.00,1500,7.14
1993-05-04,15.25,15.50,15.25,15.50,1200,7.37
1993-05-03,15.00,15.38,15.00,15.00,5300,7.14
1993-04-30,15.12,15.12,15.12,15.12,000,7.20
1993-04-29,15.12,15.12,15.12,15.12,2500,7.20
1993-04-28,15.00,15.12,15.00,15.00,11400,7.14
1993-04-27,14.25,15.50,14.25,15.50,47000,7.37
1993-04-26,14.75,14.75,14.75,14.75,200,7.02
1993-04-23,14.38,14.38,14.38,14.38,3200,6.84
1993-04-22,14.75,14.75,14.75,14.75,000,7.02
1993-04-21,14.75,14.75,14.75,14.75,400,7.02
1993-04-20,14.00,14.00,14.00,14.00,1000,6.66
1993-04-19,14.00,14.00,14.00,14.00,100,6.66
1993-04-16,14.12,14.12,14.12,14.12,000,6.72
1993-04-15,14.38,14.38,14.12,14.12,1900,6.72
1993-04-14,14.00,14.00,14.00,14.00,300,6.66
1993-04-13,14.00,14.25,14.00,14.25,300,6.78
1993-04-12,14.50,14.50,14.00,14.00,1100,6.66
1993-04-08,14.00,14.12,14.00,14.00,7500,6.66
1993-04-07,14.00,14.00,14.00,14.00,1000,6.66
1993-04-06,13.75,13.75,13.75,13.75,100,6.54
1993-04-05,14.25,14.25,14.25,14.25,000,6.78
1993-04-02,14.50,14.50,14.25,14.25,4900,6.78
1993-04-01,14.62,14.88,14.62,14.88,1300,7.08
1993-03-31,14.88,15.50,14.88,14.88,3600,7.08
1993-03-30,14.62,14.62,14.62,14.62,000,6.96
1993-03-29,14.62,14.62,14.62,14.62,000,6.96
1993-03-26,15.50,15.50,14.62,14.62,300,6.96
1993-03-25,14.75,14.75,14.62,14.75,4300,7.02
1993-03-24,14.75,14.75,14.75,14.75,100,7.02
1993-03-23,14.75,14.75,14.75,14.75,000,7.02
1993-03-22,14.75,14.75,14.75,14.75,300,7.02
1993-03-19,15.25,15.25,15.25,15.25,4900,7.26
1993-03-18,15.25,15.75,15.25,15.75,1000,7.49
1993-03-17,15.25,15.75,15.25,15.75,1500,7.44
1993-03-16,15.25,15.25,15.25,15.25,1100,7.20
1993-03-15,15.25,15.25,15.25,15.25,800,7.20
1993-03-12,15.00,15.75,15.00,15.00,700,7.08
1993-03-11,15.00,15.25,15.00,15.25,4500,7.20
1993-03-10,15.00,15.75,15.00,15.00,3700,7.08
1993-03-09,14.38,15.00,14.38,15.00,41100,7.08
1993-03-08,14.38,14.38,14.25,14.38,6900,6.79
1993-03-05,14.25,14.38,14.25,14.38,11300,6.79
1993-03-04,14.25,14.25,14.25,14.25,1500,6.73
1993-03-03,14.00,14.75,14.00,14.50,19600,6.85
1993-03-02,14.00,14.12,14.00,14.12,5300,6.67
1993-03-01,14.00,14.00,14.00,14.00,900,6.61
1993-02-26,14.00,14.00,14.00,14.00,000,6.61
1993-02-25,14.00,14.00,14.00,14.00,100,6.61
1993-02-24,14.50,14.50,14.50,14.50,300,6.85
1993-02-23,13.50,14.38,13.50,14.00,21900,6.61
1993-02-22,14.25,14.25,14.25,14.25,300,6.73
1993-02-19,13.50,13.50,13.50,13.50,300,6.37
1993-02-18,13.88,13.88,13.88,13.88,000,6.55
1993-02-17,13.50,13.88,13.50,13.88,6200,6.55
1993-02-16,13.75,14.00,13.75,13.88,7400,6.55
1993-02-12,13.62,13.62,13.62,13.62,000,6.43
1993-02-11,13.62,13.62,13.62,13.62,800,6.43
1993-02-10,13.50,13.50,13.50,13.50,100,6.37
1993-02-09,14.25,14.25,14.25,14.25,000,6.73
1993-02-08,14.25,14.25,14.25,14.25,000,6.73
1993-02-05,14.25,14.25,13.50,14.25,400,6.73
1993-02-04,14.25,14.25,13.88,14.25,18700,6.73
1993-02-03,14.25,14.25,14.25,14.25,200,6.73
1993-02-02,14.00,14.12,13.62,13.62,49800,6.43
1993-02-01,13.62,13.62,13.62,13.62,200,6.43
1993-01-29,14.00,14.00,14.00,14.00,200,6.61
1993-01-28,13.62,13.62,13.62,13.62,9300,6.43
1993-01-27,13.62,14.00,13.62,14.00,600,6.61
1993-01-26,14.00,14.00,13.62,13.62,2600,6.43
1993-01-25,14.00,14.00,14.00,14.00,000,6.61
1993-01-22,13.62,14.00,13.62,14.00,400,6.61
1993-01-21,14.00,14.00,13.62,14.00,13100,6.61
1993-01-20,14.00,14.00,14.00,14.00,900,6.61
1993-01-19,13.75,13.88,13.50,13.50,4500,6.37
1993-01-18,13.75,14.25,13.50,13.62,68800,6.43
1993-01-15,14.00,14.25,13.50,14.25,30600,6.73
1993-01-14,13.25,13.62,13.25,13.62,1300,6.43
1993-01-13,13.00,14.00,13.00,13.50,68600,6.37
1993-01-12,13.00,14.00,13.00,14.00,600,6.61
1993-01-11,13.00,13.00,13.00,13.00,100,6.14
1993-01-08,13.25,13.25,13.25,13.25,300,6.26
1993-01-07,13.38,13.50,13.25,13.25,1700,6.26
1993-01-06,13.38,13.50,13.38,13.50,71200,6.37
1993-01-05,13.75,13.75,13.00,13.75,5800,6.49
1993-01-04,13.75,13.75,13.75,13.75,000,6.49
1992-12-31,13.00,13.75,13.00,13.75,4800,6.49
1992-12-30,12.75,13.75,12.75,13.75,6800,6.49
1992-12-29,13.00,13.50,12.50,13.00,38800,6.14
1992-12-28,12.25,12.25,12.25,12.25,200,5.78
1992-12-24,12.25,12.25,12.25,12.25,200,5.78
1992-12-23,12.25,13.00,12.25,13.00,4700,6.14
1992-12-22,13.00,13.00,13.00,13.00,200,6.14
1992-12-21,13.00,13.00,13.00,13.00,200,6.14
1992-12-18,12.25,12.25,12.25,12.25,000,5.78
1992-12-17,12.75,13.00,12.00,12.25,25400,5.78
1992-12-16,12.75,13.00,12.50,12.50,50100,5.84
1992-12-15,12.75,12.75,12.75,12.75,400,5.96
1992-12-14,12.12,12.12,12.12,12.12,6000,5.67
1992-12-11,12.75,12.75,12.75,12.75,3100,5.96
1992-12-10,12.75,12.75,12.75,12.75,500,5.96
1992-12-09,12.75,12.75,12.00,12.75,27000,5.96
1992-12-08,12.50,12.75,12.00,12.75,5300,5.96
1992-12-07,12.00,12.50,11.75,12.50,31300,5.84
1992-12-04,11.25,11.75,11.25,11.62,3900,5.44
1992-12-03,11.75,11.75,11.25,11.25,8700,5.26
1992-12-02,11.38,11.75,11.25,11.75,7600,5.49
1992-12-01,11.25,11.75,11.00,11.25,39200,5.26
1992-11-30,11.00,11.00,11.00,11.00,8700,5.14
1992-11-27,11.25,11.25,10.75,10.75,4800,5.03
1992-11-25,11.25,11.25,10.75,10.75,400,5.03
1992-11-24,10.88,11.00,10.62,11.00,17300,5.14
1992-11-23,10.75,10.75,10.62,10.62,1600,4.97
1992-11-20,10.50,10.75,10.50,10.75,4400,5.03
1992-11-19,10.50,10.75,10.50,10.75,1500,5.03
1992-11-18,10.50,10.50,10.50,10.50,300,4.91
1992-11-17,11.00,11.00,11.00,11.00,000,5.14
1992-11-16,11.00,11.00,11.00,11.00,000,5.14
1992-11-13,10.62,11.00,10.62,11.00,8700,5.14
1992-11-12,11.00,11.25,10.75,10.75,13000,5.03
1992-11-11,11.00,11.00,10.50,11.00,4700,5.14
1992-11-10,10.88,11.00,10.50,10.50,10300,4.91
1992-11-09,10.75,11.00,10.50,11.00,14000,5.14
1992-11-06,11.00,11.00,11.00,11.00,2000,5.14
1992-11-05,10.25,11.00,10.25,11.00,1500,5.14
1992-11-04,10.25,10.25,10.25,10.25,100,4.79
1992-11-03,11.00,11.00,11.00,11.00,400,5.14
1992-11-02,11.00,11.00,10.25,10.25,700,4.79
1992-10-30,10.62,10.75,10.25,10.25,11500,4.79
1992-10-29,11.00,11.00,10.25,10.25,1700,4.79
1992-10-28,11.25,11.25,10.25,10.25,1600,4.79
1992-10-27,10.62,11.25,10.62,10.75,4400,5.03
1992-10-26,10.75,11.25,10.25,10.25,26200,4.79
1992-10-23,10.25,10.25,10.25,10.25,1400,4.79
1992-10-22,10.25,10.50,10.25,10.38,43000,4.85
1992-10-21,10.25,10.25,10.25,10.25,000,4.79
1992-10-20,10.75,10.75,10.25,10.25,4900,4.79
1992-10-19,10.25,10.25,10.25,10.25,400,4.79
1992-10-16,10.25,10.25,10.25,10.25,1300,4.79
1992-10-15,10.25,10.25,10.25,10.25,900,4.79
1992-10-14,10.25,10.25,10.25,10.25,1900,4.79
1992-10-13,10.25,10.25,10.25,10.25,000,4.79
1992-10-12,10.25,10.38,10.25,10.25,3200,4.79
1992-10-09,10.25,10.25,10.25,10.25,100,4.79
1992-10-08,10.50,10.50,10.00,10.00,9400,4.68
1992-10-07,10.25,10.38,10.12,10.25,129300,4.79
1992-10-06,10.25,10.25,10.25,10.25,000,4.79
1992-10-05,10.25,10.25,10.25,10.25,300,4.79
1992-10-02,10.75,10.75,10.25,10.25,200,4.79
1992-10-01,10.25,10.50,10.25,10.50,200,4.91
1992-09-30,10.25,10.25,10.25,10.25,000,4.79
1992-09-29,10.25,10.25,10.25,10.25,100,4.79
1992-09-28,10.25,10.25,10.25,10.25,500,4.79
1992-09-25,10.75,10.75,10.75,10.75,000,5.03
1992-09-24,10.75,10.75,10.75,10.75,100,5.03
1992-09-23,10.75,10.75,10.38,10.50,27400,4.91
1992-09-22,10.75,11.00,10.50,10.50,400,4.91
1992-09-21,10.50,10.50,10.50,10.50,1500,4.91
1992-09-18,10.50,10.50,10.50,10.50,10500,4.91
1992-09-17,10.50,10.50,10.50,10.50,300,4.91
1992-09-16,11.00,11.00,10.50,10.50,11500,4.85
1992-09-15,10.50,10.50,10.50,10.50,800,4.85
1992-09-14,11.00,11.00,10.50,10.50,1700,4.85
1992-09-11,10.50,10.50,10.50,10.50,2200,4.85
1992-09-10,11.00,11.00,11.00,11.00,2000,5.08
1992-09-09,10.50,10.50,10.50,10.50,000,4.85
1992-09-08,10.50,10.50,10.50,10.50,500,4.85
1992-09-04,11.00,11.25,10.50,10.50,14900,4.85
1992-09-03,10.75,11.25,10.75,11.25,1500,5.20
1992-09-02,10.62,10.62,10.62,10.62,200,4.91
1992-09-01,10.50,10.50,10.50,10.50,000,4.85
1992-08-31,10.50,10.50,10.50,10.50,1100,4.85
1992-08-28,10.50,11.25,10.50,11.25,20100,5.20
1992-08-27,11.00,11.00,11.00,11.00,000,5.08
1992-08-26,11.00,11.00,11.00,11.00,000,5.08
1992-08-25,11.00,11.00,11.00,11.00,000,5.08
1992-08-24,11.25,11.50,10.75,11.00,84500,5.08
1992-08-21,11.75,11.75,11.75,11.75,100,5.43
1992-08-20,12.25,12.25,12.25,12.25,000,5.66
1992-08-19,12.25,12.25,12.25,12.25,000,5.66
1992-08-18,12.25,12.25,12.25,12.25,000,5.66
1992-08-17,11.25,12.25,11.25,12.25,800,5.66
1992-08-14,11.25,11.25,11.25,11.25,000,5.20
1992-08-13,11.25,11.25,11.25,11.25,000,5.20
1992-08-12,11.25,11.25,11.25,11.25,500,5.20
1992-08-11,11.25,11.25,11.25,11.25,000,5.20
1992-08-10,11.25,11.25,11.25,11.25,000,5.20
1992-08-07,11.25,11.25,11.25,11.25,200,5.20
1992-08-06,11.88,11.88,11.88,11.88,1000,5.49
1992-08-05,11.50,11.50,11.50,11.50,000,5.32
1992-08-04,11.50,11.50,11.50,11.50,000,5.32
1992-08-03,11.50,11.50,11.50,11.50,000,5.32
1992-07-31,12.25,12.25,11.50,11.50,2000,5.32
1992-07-30,11.50,11.75,11.50,11.75,800,5.43
1992-07-29,11.50,11.50,11.50,11.50,000,5.32
1992-07-28,11.50,11.50,11.50,11.50,000,5.32
1992-07-27,11.50,11.50,11.50,11.50,500,5.32
1992-07-24,12.25,12.25,11.50,11.50,2800,5.32
1992-07-23,11.50,11.50,11.50,11.50,1000,5.32
1992-07-22,11.50,12.25,11.50,11.50,2400,5.32
1992-07-21,11.50,11.50,11.50,11.50,100,5.32
1992-07-20,11.50,11.50,11.50,11.50,200,5.32
1992-07-17,11.50,11.50,11.50,11.50,400,5.32
1992-07-16,11.50,11.50,11.50,11.50,15300,5.32
1992-07-15,11.75,11.75,11.75,11.75,000,5.43
1992-07-14,11.75,11.75,11.50,11.75,15400,5.43
1992-07-13,11.50,11.50,11.50,11.50,000,5.32
1992-07-10,11.50,11.50,11.50,11.50,000,5.32
1992-07-09,11.50,11.50,11.50,11.50,100,5.32
1992-07-08,11.75,11.75,11.75,11.75,000,5.43
1992-07-07,11.75,11.75,11.75,11.75,000,5.43
1992-07-06,11.75,11.75,11.75,11.75,2200,5.43
1992-07-02,12.25,12.25,12.25,12.25,000,5.66
1992-07-01,12.25,12.25,12.25,12.25,000,5.66
1992-06-30,12.12,12.25,11.75,12.25,9700,5.66
1992-06-29,11.75,11.75,11.75,11.75,400,5.43
1992-06-26,11.75,12.00,11.75,12.00,3300,5.55
1992-06-25,12.00,12.12,12.00,12.00,25000,5.55
1992-06-24,12.00,12.00,12.00,12.00,900,5.55
1992-06-23,13.00,13.00,13.00,13.00,000,6.01
1992-06-22,14.00,14.00,12.25,13.00,18800,6.01
1992-06-19,13.62,13.62,13.62,13.62,000,6.30
1992-06-18,13.62,13.62,13.62,13.62,000,6.30
1992-06-17,13.50,13.62,13.50,13.62,9700,6.24
1992-06-16,13.50,13.50,13.50,13.50,600,6.19
1992-06-15,13.50,13.50,13.50,13.50,100,6.19
1992-06-12,13.50,14.50,13.50,14.50,500,6.64
1992-06-11,13.50,13.62,13.50,13.50,4000,6.19
1992-06-10,13.62,13.62,13.62,13.62,000,6.24
1992-06-09,13.50,13.62,13.50,13.62,14000,6.24
1992-06-08,13.50,13.50,13.50,13.50,800,6.19
1992-06-05,13.50,13.50,13.50,13.50,2000,6.19
1992-06-04,13.50,13.50,13.50,13.50,800,6.19
1992-06-03,13.50,13.50,13.50,13.50,000,6.19
1992-06-02,13.50,13.50,13.50,13.50,500,6.19
1992-06-01,14.50,14.50,14.50,14.50,000,6.64
1992-05-29,14.50,14.50,14.50,14.50,000,6.64
1992-05-28,14.50,14.50,14.50,14.50,000,6.64
1992-05-27,14.50,14.50,14.50,14.50,200,6.64
1992-05-26,13.50,13.62,13.50,13.62,33900,6.24
1992-05-22,13.50,13.50,13.50,13.50,200,6.19
1992-05-21,13.50,13.62,13.50,13.62,33200,6.24
1992-05-20,13.50,13.50,13.50,13.50,1100,6.19
1992-05-19,13.50,13.50,13.50,13.50,2000,6.19
1992-05-18,13.50,13.50,13.50,13.50,000,6.19
1992-05-15,13.50,13.50,13.50,13.50,000,6.19
1992-05-14,13.50,13.50,13.50,13.50,200,6.19
1992-05-13,13.50,14.50,13.50,14.50,42000,6.64
1992-05-12,14.00,14.25,13.50,14.25,30800,6.53
1992-05-11,14.25,14.25,14.25,14.25,400,6.53
1992-05-08,13.50,13.50,13.50,13.50,000,6.19
1992-05-07,13.50,13.50,13.50,13.50,000,6.19
1992-05-06,13.50,13.62,13.50,13.50,15300,6.19
1992-05-05,13.75,13.75,13.75,13.75,000,6.30
1992-05-04,13.50,13.75,13.50,13.75,21500,6.30
1992-05-01,13.50,13.50,13.50,13.50,200,6.19
1992-04-30,14.25,14.25,14.25,14.25,200,6.53
1992-04-29,13.50,13.50,13.50,13.50,000,6.19
1992-04-28,13.50,13.50,13.50,13.50,1300,6.19
1992-04-27,14.25,14.25,14.25,14.25,000,6.53
1992-04-24,14.25,14.25,14.25,14.25,200,6.53
1992-04-23,13.50,13.50,13.50,13.50,000,6.19
1992-04-22,13.50,13.50,13.50,13.50,400,6.19
1992-04-21,13.50,13.50,13.00,13.50,9200,6.19
1992-04-20,13.50,13.50,13.50,13.50,500,6.19
1992-04-16,13.50,13.50,13.50,13.50,000,6.19
1992-04-15,13.62,14.00,13.50,13.50,67700,6.19
1992-04-14,13.50,13.50,13.50,13.50,3000,6.19
1992-04-13,13.50,13.50,13.50,13.50,000,6.19
1992-04-10,13.50,13.50,13.50,13.50,1400,6.19
1992-04-09,13.50,13.50,13.50,13.50,800,6.19
1992-04-08,13.75,14.00,13.50,13.50,11500,6.19
1992-04-07,14.00,14.75,14.00,14.75,1500,6.76
1992-04-06,14.00,14.75,14.00,14.75,2300,6.76
1992-04-03,14.50,14.62,14.25,14.62,8700,6.70
1992-04-02,14.50,14.50,14.50,14.50,2200,6.64
1992-04-01,14.50,15.50,14.50,15.50,500,7.10
1992-03-31,14.50,15.50,14.50,15.50,600,7.10
1992-03-30,14.50,15.50,14.50,15.50,3700,7.10
1992-03-27,15.50,15.50,14.50,15.50,10000,7.10
1992-03-26,15.25,15.75,14.75,15.50,18400,7.10
1992-03-25,15.25,15.25,14.75,15.25,3500,6.99
1992-03-24,14.25,14.50,14.25,14.50,5700,6.64
1992-03-23,14.00,14.38,14.00,14.25,23600,6.53
1992-03-20,14.00,14.25,14.00,14.25,9600,6.53
1992-03-19,13.88,13.88,13.88,13.88,1400,6.36
1992-03-18,13.75,13.75,13.75,13.75,1600,6.24
1992-03-17,13.75,13.75,13.75,13.75,700,6.24
1992-03-16,13.75,14.00,13.75,14.00,4500,6.36
1992-03-13,13.75,13.75,13.75,13.75,700,6.24
1992-03-12,13.75,14.25,13.75,14.25,200,6.47
1992-03-11,13.75,13.75,13.75,13.75,1100,6.24
1992-03-10,14.25,14.25,13.75,13.75,3300,6.24
1992-03-09,14.25,14.25,13.75,13.75,1700,6.24
1992-03-06,13.75,14.00,13.75,13.75,4400,6.24
1992-03-05,13.75,14.25,13.75,13.75,2400,6.24
1992-03-04,13.75,14.00,13.75,13.75,4900,6.24
1992-03-03,13.75,13.75,13.75,13.75,4600,6.24
1992-03-02,14.00,14.00,14.00,14.00,000,6.36
1992-02-28,14.25,14.25,14.00,14.00,400,6.36
1992-02-27,13.75,13.75,13.75,13.75,300,6.24
1992-02-26,13.75,13.75,13.75,13.75,000,6.24
1992-02-25,13.75,14.12,13.75,13.75,2600,6.24
