Date,Open,High,Low,Close,Volume,Adj Close
2014-12-08,97.02,97.73,95.61,96.09,212600,96.09
2014-12-05,97.87,97.92,96.92,97.34,247600,97.34
2014-12-04,95.53,97.42,95.35,97.29,387500,97.29
2014-12-03,94.62,95.59,94.49,95.45,276500,95.45
2014-12-02,96.46,97.58,94.15,94.34,412900,94.34
2014-12-01,95.05,97.00,95.05,96.60,472300,96.60
2014-11-28,95.60,95.86,95.14,95.64,131600,95.64
2014-11-26,96.28,96.28,94.78,95.62,142300,95.62
2014-11-25,93.70,96.17,93.46,96.04,312400,96.04
2014-11-24,94.08,94.63,92.96,93.69,160600,93.69
2014-11-21,93.55,94.82,92.92,93.25,229800,93.25
2014-11-20,92.24,93.22,91.59,92.83,143700,92.83
2014-11-19,92.96,92.96,91.25,92.35,191800,92.35
2014-11-18,93.32,94.97,93.09,93.13,167900,93.13
2014-11-17,93.47,94.23,92.64,93.24,245100,93.24
2014-11-14,93.75,94.36,93.03,93.70,229100,93.70
2014-11-13,94.30,94.83,93.36,93.90,198300,93.90
2014-11-12,93.40,94.85,92.68,94.01,123500,94.01
2014-11-11,94.11,94.46,93.17,93.84,243100,93.84
2014-11-10,93.68,94.67,92.17,94.01,289400,94.01
2014-11-07,92.68,94.06,90.00,94.00,374800,94.00
2014-11-06,86.34,94.47,85.56,92.21,671400,92.21
2014-11-05,89.36,89.92,88.18,88.52,308700,88.52
2014-11-04,85.35,89.84,85.32,88.62,218800,88.62
2014-11-03,88.20,91.02,88.20,89.25,424800,89.25
2014-10-31,88.89,88.97,87.50,88.50,196700,88.50
2014-10-30,87.49,88.79,86.34,87.72,112300,87.72
2014-10-29,87.84,88.44,86.51,87.43,158700,87.43
2014-10-28,85.58,87.75,85.58,87.47,170500,87.47
2014-10-27,84.42,85.51,83.78,85.42,158500,85.42
2014-10-24,84.86,85.48,84.23,85.01,139000,85.01
2014-10-23,84.40,86.11,83.86,85.18,190300,85.18
2014-10-22,86.27,86.65,83.11,83.31,217600,83.31
2014-10-21,83.62,85.91,83.32,85.71,211500,85.71
2014-10-20,82.03,82.65,81.32,82.61,208200,82.61
2014-10-17,83.44,83.83,81.78,82.52,181600,82.52
2014-10-16,78.47,82.74,78.43,82.45,320300,82.45
2014-10-15,78.69,80.70,78.00,79.83,463200,79.83
2014-10-14,79.70,81.17,79.36,79.74,437800,79.74
2014-10-13,82.35,82.46,79.54,79.66,286200,79.66
2014-10-10,86.43,86.43,81.88,82.31,658900,82.31
2014-10-09,88.92,89.14,86.80,86.86,263000,86.86
2014-10-08,88.00,88.88,86.67,88.76,225700,88.76
2014-10-07,87.73,88.40,87.50,87.60,307800,87.60
2014-10-06,88.77,88.86,88.10,88.45,205500,88.45
2014-10-03,87.96,88.61,87.55,88.22,392700,88.22
2014-10-02,86.54,87.26,85.38,87.20,328300,87.20
2014-10-01,88.21,88.21,85.61,86.36,422300,86.36
2014-09-30,89.54,89.63,88.12,88.13,679600,88.13
2014-09-29,88.08,90.39,88.08,89.81,232200,89.81
2014-09-26,87.92,89.31,87.10,89.01,270000,89.01
2014-09-25,89.09,89.21,87.10,87.84,276000,87.84
2014-09-24,88.99,89.73,87.70,89.41,394500,89.41
2014-09-23,88.73,89.31,87.86,88.53,363900,88.53
2014-09-22,88.77,88.96,87.17,88.73,280800,88.73
2014-09-19,92.58,92.90,89.08,89.23,434600,89.23
2014-09-18,90.15,93.15,89.00,91.85,696100,91.85
2014-09-17,87.48,91.40,86.75,90.18,530000,90.18
2014-09-16,85.86,87.77,85.66,87.51,286700,87.51
2014-09-15,86.26,86.46,84.91,86.31,230300,86.31
2014-09-12,86.76,87.14,85.52,86.38,150600,86.38
2014-09-11,86.00,87.48,85.60,86.95,171800,86.95
2014-09-10,85.67,86.59,85.08,86.22,143100,86.22
2014-09-09,87.93,87.93,85.41,85.80,203900,85.80
2014-09-08,87.02,87.91,86.32,87.63,191000,87.63
2014-09-05,86.49,87.22,86.15,87.18,141100,87.18
2014-09-04,87.16,87.94,86.42,86.70,120600,86.70
2014-09-03,88.17,89.00,86.94,87.18,199200,87.18
2014-09-02,86.73,88.97,86.50,88.29,344300,88.29
2014-08-29,86.31,86.52,85.59,86.23,155400,86.23
2014-08-28,85.16,86.42,84.95,86.12,183600,86.12
2014-08-27,86.27,86.97,85.47,85.86,225500,85.86
2014-08-26,87.44,87.63,86.24,86.29,288000,86.29
2014-08-25,87.83,87.99,87.08,87.25,134800,87.25
2014-08-22,87.55,88.16,86.91,87.56,229700,87.56
2014-08-21,87.68,87.73,86.07,87.55,216100,87.55
2014-08-20,87.95,88.09,87.10,87.59,168300,87.59
2014-08-19,89.30,89.47,87.96,88.13,227200,88.13
2014-08-18,87.45,88.86,87.02,88.74,246700,88.74
2014-08-15,88.00,88.19,85.70,86.72,450000,86.72
2014-08-14,84.87,87.95,84.72,87.77,559000,87.77
2014-08-13,83.63,84.77,83.58,84.70,259000,84.70
2014-08-12,84.32,85.73,83.51,83.60,398600,83.60
2014-08-11,82.78,85.90,82.03,84.35,405900,84.35
2014-08-08,82.82,83.85,80.51,81.99,657600,81.99
2014-08-07,80.77,85.55,75.00,82.69,1230800,82.69
2014-08-06,71.73,72.64,71.58,72.16,469300,72.16
2014-08-05,71.93,72.68,71.40,71.77,477000,71.77
2014-08-04,72.24,72.67,71.47,72.43,491300,72.43
2014-08-01,72.75,72.80,70.55,72.00,352800,72.00
2014-07-31,73.67,73.67,72.42,72.86,327600,72.86
2014-07-30,74.30,74.77,73.41,74.06,271400,74.06
2014-07-29,74.28,74.73,73.12,73.18,363000,73.18
2014-07-28,74.50,74.99,74.24,74.28,269300,74.28
2014-07-25,74.27,75.34,74.25,74.49,269600,74.49
2014-07-24,75.66,76.70,74.36,74.53,300800,74.53
2014-07-23,75.01,76.63,74.70,75.73,310800,75.73
2014-07-22,74.90,75.72,74.50,74.84,333900,74.84
2014-07-21,75.50,75.62,74.33,74.86,224200,74.86
2014-07-18,74.79,76.09,74.66,75.73,399700,75.73
2014-07-17,76.36,76.66,74.69,74.78,402200,74.78
2014-07-16,78.19,78.76,76.56,76.67,367100,76.67
2014-07-15,78.38,79.10,76.68,77.37,440000,77.37
2014-07-14,79.33,79.85,78.07,78.15,398600,78.15
2014-07-11,79.90,80.77,78.53,78.59,363400,78.59
2014-07-10,79.01,80.02,78.72,79.85,407600,79.85
2014-07-09,80.04,80.68,79.38,79.95,311900,79.95
2014-07-08,81.35,81.35,79.31,79.93,461900,79.93
2014-07-07,83.06,83.82,81.22,81.29,361900,81.29
2014-07-03,82.68,83.45,82.51,83.36,170600,83.36
2014-07-02,83.25,84.12,82.61,82.78,247500,82.78
2014-07-01,83.01,84.25,83.01,83.20,283400,83.20
2014-06-30,80.89,84.45,80.75,82.72,749900,82.72
2014-06-27,80.60,82.65,79.60,80.24,6478700,80.24
2014-06-26,245.22,247.00,241.06,244.09,491400,81.36
2014-06-25,242.44,245.45,241.86,245.09,443700,81.70
2014-06-24,243.40,246.28,242.36,243.36,608700,81.12
2014-06-23,244.75,246.66,243.60,244.00,368700,81.33
2014-06-20,245.66,248.79,243.48,244.41,689400,81.47
2014-06-19,248.35,248.70,243.40,244.14,507900,81.38
2014-06-18,247.20,249.35,245.00,248.84,316800,82.95
2014-06-17,242.51,250.77,240.79,247.20,451200,82.40
2014-06-16,241.98,242.85,238.60,242.61,660600,80.87
2014-06-13,246.49,247.60,241.90,243.00,352200,81.00
2014-06-12,247.60,248.05,243.33,245.14,372000,81.71
2014-06-11,247.65,249.65,245.92,246.79,357900,82.26
2014-06-10,251.00,253.24,245.88,248.24,481200,82.75
2014-06-09,251.35,254.61,248.35,252.58,447900,84.19
2014-06-06,251.31,252.91,249.36,252.41,409500,84.14
2014-06-05,245.42,250.92,242.22,249.35,382500,83.12
2014-06-04,245.67,247.96,243.06,245.42,469500,81.81
2014-06-03,251.01,255.68,246.32,246.53,735000,82.18
2014-06-02,240.04,252.52,239.14,251.48,1080900,83.83
2014-05-30,239.56,239.56,235.92,238.82,591600,79.61
2014-05-29,237.92,238.91,233.59,238.51,429000,79.50
2014-05-28,235.85,237.03,232.66,236.03,512100,78.68
2014-05-27,234.19,239.11,234.19,236.47,428100,78.82
2014-05-23,228.28,234.88,226.44,234.17,559200,78.06
2014-05-22,224.82,228.41,223.83,227.50,501300,75.83
2014-05-21,227.39,230.00,223.62,224.93,370800,74.98
2014-05-20,231.00,234.34,223.64,227.23,700800,75.74
2014-05-19,222.26,231.36,220.70,231.18,560400,77.06
2014-05-16,224.39,225.91,220.58,224.19,672300,74.73
2014-05-15,219.15,224.99,216.17,224.67,875700,74.89
2014-05-14,226.00,226.50,217.27,217.55,549600,72.52
2014-05-13,229.74,235.18,224.96,226.41,573300,75.47
2014-05-12,231.08,235.00,217.81,229.31,1416300,76.44
2014-05-09,247.15,247.15,228.91,230.89,1035300,76.96
2014-05-08,244.98,258.49,227.45,250.47,1864200,83.49
2014-05-07,249.16,253.86,245.26,248.76,615900,82.92
2014-05-06,255.60,256.65,248.21,249.91,465600,83.30
2014-05-05,256.00,260.09,255.77,257.83,331500,85.94
2014-05-02,255.33,260.54,253.37,257.40,506400,85.80
2014-05-01,251.65,256.53,250.25,254.15,397500,84.72
2014-04-30,249.91,254.17,247.36,252.48,276000,84.16
2014-04-29,250.96,253.16,246.45,249.74,236400,83.25
2014-04-28,253.19,258.67,245.05,250.63,449100,83.54
2014-04-25,255.17,261.48,250.81,252.61,531300,84.20
2014-04-24,260.00,260.80,254.90,256.94,207600,85.65
2014-04-23,261.17,261.92,253.64,258.15,311700,86.05
2014-04-22,261.39,264.57,260.13,261.71,232200,87.24
2014-04-21,264.19,266.30,258.40,261.65,381600,87.22
2014-04-17,264.61,266.97,261.51,263.77,367800,87.92
2014-04-16,257.81,266.00,257.81,264.61,400500,88.20
2014-04-15,252.25,258.63,250.02,256.60,548700,85.53
2014-04-14,252.53,252.92,246.20,250.82,554100,83.61
2014-04-11,246.10,254.20,245.08,249.59,395400,83.20
2014-04-10,261.79,261.79,250.50,251.34,343800,83.78
2014-04-09,256.99,263.12,256.99,262.26,258000,87.42
2014-04-08,252.27,255.84,249.24,255.47,618600,85.16
2014-04-07,254.42,254.71,250.15,252.27,525900,84.09
2014-04-04,267.54,270.49,255.77,256.83,424500,85.61
2014-04-03,273.09,274.45,265.78,265.86,375600,88.62
2014-04-02,275.58,276.44,270.20,272.51,384000,90.84
2014-04-01,264.72,276.05,261.79,274.11,690900,91.37
2014-03-31,261.66,265.00,259.22,264.21,344700,88.07
2014-03-28,260.33,265.15,258.36,259.40,305700,86.47
2014-03-27,259.37,261.95,256.35,260.70,583800,86.90
2014-03-26,270.34,271.60,259.15,259.16,422700,86.39
2014-03-25,270.77,274.92,266.42,267.50,430200,89.17
2014-03-24,277.59,277.89,267.01,268.09,714000,89.36
2014-03-21,278.05,281.40,276.24,276.94,575700,92.31
2014-03-20,279.27,281.13,276.46,277.17,253200,92.39
2014-03-19,283.41,285.47,277.77,280.78,224100,93.59
2014-03-18,287.55,290.02,283.03,284.09,329700,94.70
2014-03-17,288.24,292.99,286.81,287.50,271800,95.83
2014-03-14,281.11,288.37,280.33,285.31,450000,95.10
2014-03-13,280.65,284.74,279.78,281.73,473400,93.91
2014-03-12,277.10,279.32,273.71,279.32,262200,93.11
2014-03-11,284.95,286.32,276.95,278.65,300000,92.88
2014-03-10,287.02,288.33,282.86,285.42,222900,95.14
2014-03-07,288.93,289.05,285.08,287.47,292500,95.82
2014-03-06,284.31,289.32,281.00,286.56,304800,95.52
2014-03-05,289.35,291.92,282.52,285.20,427800,95.07
2014-03-04,293.00,299.87,286.24,289.75,861300,96.58
2014-03-03,291.76,292.71,285.52,288.97,594900,96.32
2014-02-28,300.80,304.82,295.63,296.56,410100,98.85
2014-02-27,300.00,306.12,298.96,299.75,773400,99.92
2014-02-26,294.00,303.29,290.00,299.48,1554000,99.83
2014-02-25,264.13,266.76,260.64,263.71,312000,87.90
2014-02-24,262.67,267.34,260.62,263.39,298800,87.80
2014-02-21,261.34,264.75,256.41,262.54,372600,87.51
2014-02-20,256.67,260.53,255.23,259.58,303600,86.53
2014-02-19,258.38,260.90,256.83,257.27,224100,85.76
2014-02-18,255.89,259.42,254.25,258.76,303300,86.25
2014-02-14,255.23,255.49,250.43,254.15,172200,84.72
2014-02-13,244.99,255.80,244.00,254.37,339900,84.79
2014-02-12,245.50,249.97,244.85,247.04,150600,82.35
2014-02-11,244.97,246.48,243.14,245.21,201900,81.74
2014-02-10,248.66,248.66,243.01,245.66,234600,81.89
2014-02-07,242.25,249.03,242.25,248.32,292800,82.77
2014-02-06,238.64,242.14,237.26,241.79,364200,80.60
2014-02-05,240.72,242.91,235.22,238.45,327600,79.48
2014-02-04,240.00,244.40,238.09,241.66,277500,80.55
2014-02-03,246.59,249.52,237.58,238.39,579600,79.46
2014-01-31,240.13,248.70,238.01,246.58,646500,82.19
2014-01-30,243.72,247.34,243.48,243.75,355800,81.25
2014-01-29,240.79,244.37,238.59,242.09,310200,80.70
2014-01-28,238.01,250.97,237.47,243.99,740700,81.33
2014-01-27,244.98,246.31,237.03,237.89,471900,79.30
2014-01-24,253.05,253.75,242.73,243.61,439800,81.20
2014-01-23,256.57,256.57,252.69,254.15,212100,84.72
2014-01-22,257.62,259.99,256.39,257.00,336300,85.67
2014-01-21,255.03,258.21,253.97,256.40,364200,85.47
2014-01-17,250.00,253.38,249.66,252.62,256800,84.21
2014-01-16,250.00,251.59,247.75,250.11,193500,83.37
2014-01-15,247.71,250.70,245.51,249.71,393000,83.24
2014-01-14,245.62,246.90,242.53,246.02,388800,82.01
2014-01-13,247.29,249.40,242.05,243.89,320100,81.30
2014-01-10,248.53,249.79,247.23,249.04,181800,83.01
2014-01-09,247.42,249.47,245.47,248.53,241800,82.84
2014-01-08,254.72,255.81,246.30,247.07,463200,82.36
2014-01-07,252.26,255.88,251.14,254.31,298800,84.77
2014-01-06,252.62,252.62,249.34,251.88,486600,83.96
2014-01-03,248.50,253.97,246.98,249.89,501900,83.30
2014-01-02,239.60,248.07,236.74,247.86,537300,82.62
2013-12-31,242.27,242.41,239.45,239.72,294900,79.91
2013-12-30,243.69,244.43,240.74,242.27,159000,80.76
2013-12-27,245.90,245.90,241.61,242.50,241200,80.83
2013-12-26,246.80,248.54,243.51,244.54,209100,81.51
2013-12-24,241.47,247.69,241.47,244.85,198300,81.62
2013-12-23,241.25,243.98,240.32,240.62,305700,80.21
2013-12-20,230.52,240.84,229.21,240.32,620700,80.11
2013-12-19,226.11,229.94,226.03,229.53,243000,76.51
2013-12-18,226.16,227.99,222.50,227.12,327000,75.71
2013-12-17,228.01,229.00,224.20,226.44,221100,75.48
2013-12-16,225.52,230.36,225.52,228.75,305700,76.25
2013-12-13,223.92,225.97,222.79,224.75,208800,74.92
2013-12-12,221.44,224.90,220.05,223.22,252600,74.41
2013-12-11,222.70,223.00,220.11,221.44,236400,73.81
2013-12-10,223.33,225.48,222.11,222.18,288000,74.06
2013-12-09,223.86,226.46,222.24,224.43,198300,74.81
2013-12-06,221.59,225.28,219.87,224.32,154500,74.77
2013-12-05,218.93,221.68,217.50,219.84,205200,73.28
2013-12-04,218.34,219.92,216.50,218.55,201000,72.85
2013-12-03,220.32,222.96,217.30,218.64,200700,72.88
2013-12-02,221.42,227.83,219.65,220.58,380700,73.53
2013-11-29,221.00,222.45,220.13,220.84,168900,73.61
2013-11-27,218.50,220.92,217.53,219.76,226200,73.25
2013-11-26,213.28,218.64,212.06,218.23,272700,72.74
2013-11-25,214.91,216.34,212.27,213.60,173100,71.20
2013-11-22,213.36,214.21,211.27,213.93,176100,71.31
2013-11-21,208.34,213.93,207.66,213.36,247800,71.12
2013-11-20,206.61,209.77,206.12,207.36,251700,69.12
2013-11-19,209.04,209.98,204.15,205.78,451800,68.59
2013-11-18,215.49,217.09,208.60,209.55,510300,69.85
2013-11-15,222.01,222.01,214.00,215.93,638700,71.98
2013-11-14,220.62,224.64,220.51,221.94,261900,73.98
2013-11-13,215.90,220.25,213.80,220.19,197700,73.40
2013-11-12,218.90,219.00,215.19,216.76,345000,72.25
2013-11-11,222.90,224.53,218.34,219.00,541800,73.00
2013-11-08,216.15,227.30,216.15,224.00,509400,74.67
2013-11-07,227.42,227.42,216.22,216.27,517200,72.09
2013-11-06,239.00,239.00,215.00,225.62,867000,75.21
2013-11-05,224.89,229.14,221.58,226.23,800400,75.41
2013-11-04,230.00,231.32,226.72,227.12,415500,75.71
2013-11-01,227.13,231.00,227.00,227.81,429000,75.94
2013-10-31,227.71,230.97,225.28,227.65,224100,75.88
2013-10-30,228.88,229.38,225.52,227.51,375600,75.84
2013-10-29,230.92,233.44,228.33,229.42,217800,76.47
2013-10-28,231.58,231.58,227.52,230.92,276000,76.97
2013-10-25,231.61,232.17,227.73,231.58,141300,77.19
2013-10-24,226.63,231.49,226.38,229.42,237300,76.47
2013-10-23,226.58,228.39,224.11,224.63,181200,74.88
2013-10-22,224.00,228.89,224.00,228.65,267900,76.22
2013-10-21,224.05,224.98,220.93,222.07,192000,74.02
2013-10-18,218.77,223.35,217.18,223.08,246600,74.36
2013-10-17,211.96,216.90,210.33,216.69,197700,72.23
2013-10-16,213.12,214.98,211.72,212.63,291900,70.88
2013-10-15,217.41,217.55,211.74,211.90,335100,70.63
2013-10-14,213.75,217.80,212.22,217.45,246000,72.48
2013-10-11,207.59,215.65,207.59,215.55,156600,71.85
2013-10-10,207.50,208.00,206.26,207.74,265500,69.25
2013-10-09,207.03,207.42,201.31,204.71,228000,68.24
2013-10-08,207.39,207.75,204.75,205.92,232500,68.64
2013-10-07,210.04,211.30,207.51,208.00,189600,69.33
2013-10-04,208.84,213.33,208.41,211.58,160500,70.53
2013-10-03,215.20,216.91,207.29,208.84,288600,69.61
2013-10-02,214.05,217.24,212.26,215.34,331500,71.78
2013-10-01,209.49,216.29,208.91,214.80,360000,71.60
2013-09-30,208.00,209.99,206.69,208.91,234000,69.64
2013-09-27,210.70,211.31,209.10,210.24,156300,70.08
2013-09-26,212.68,214.43,211.01,211.86,169200,70.62
2013-09-25,213.39,214.47,210.29,211.69,244200,70.56
2013-09-24,211.37,215.10,209.50,213.12,296100,71.04
2013-09-23,214.62,214.62,208.70,211.65,412500,70.55
2013-09-20,215.30,215.78,212.19,212.25,459600,70.75
2013-09-19,219.28,220.01,214.00,215.11,236100,71.70
2013-09-18,213.73,217.82,210.65,216.21,253200,72.07
2013-09-17,211.07,215.87,210.61,214.35,302400,71.45
2013-09-16,209.61,211.86,207.60,210.97,237900,70.32
2013-09-13,208.14,209.59,202.64,205.57,278700,68.52
2013-09-12,213.12,213.50,207.05,207.07,180900,69.02
2013-09-11,207.83,212.83,207.79,211.38,448500,70.46
2013-09-10,205.00,208.11,203.50,207.67,282000,69.22
2013-09-09,197.94,204.92,197.11,203.07,298500,67.69
2013-09-06,196.77,198.74,195.51,196.28,244800,65.43
2013-09-05,194.59,198.13,193.95,196.16,412500,65.39
2013-09-04,190.00,193.96,189.96,193.96,189300,64.65
2013-09-03,188.12,189.99,185.80,189.51,183900,63.17
2013-08-30,187.83,187.83,184.11,185.94,281700,61.98
2013-08-29,185.07,189.48,184.62,188.46,143700,62.82
2013-08-28,186.08,186.25,183.28,184.92,236100,61.64
2013-08-27,187.95,188.36,185.32,186.43,273300,62.14
2013-08-26,190.41,191.66,188.62,189.77,190800,63.26
2013-08-23,194.18,194.19,189.88,190.48,165000,63.49
2013-08-22,190.90,194.48,190.90,194.19,91500,64.73
2013-08-21,190.69,192.75,188.31,190.82,265200,63.61
2013-08-20,190.00,192.67,189.39,191.66,146700,63.89
2013-08-19,189.75,191.37,188.18,189.78,161400,63.26
2013-08-16,190.59,190.62,188.28,189.92,368100,63.31
2013-08-15,196.20,196.20,191.36,191.37,370200,63.79
2013-08-14,203.48,204.98,198.48,199.00,366900,66.33
2013-08-13,209.10,210.11,202.29,202.50,639600,67.50
2013-08-12,200.06,211.99,197.00,208.90,929400,69.63
2013-08-09,185.74,203.73,182.85,202.55,861900,67.52
2013-08-08,178.90,180.80,177.09,179.14,496800,59.71
2013-08-07,181.22,183.75,174.50,177.45,333000,59.15
2013-08-06,186.44,187.74,181.86,182.17,315600,60.72
2013-08-05,184.96,187.96,184.84,186.48,115800,62.16
2013-08-02,183.94,185.70,182.26,184.86,106500,61.62
2013-08-01,181.48,185.41,181.48,185.05,337500,61.68
2013-07-31,180.10,181.63,178.51,178.94,261000,59.65
2013-07-30,181.66,182.95,179.13,180.00,160200,60.00
2013-07-29,182.31,183.75,180.50,180.54,106500,60.18
2013-07-26,182.29,183.50,181.00,182.04,164700,60.68
2013-07-25,185.58,186.40,183.22,183.54,201600,61.18
2013-07-24,185.25,186.53,184.41,185.48,192300,61.83
2013-07-23,186.23,187.00,184.11,184.56,142200,61.52
2013-07-22,186.12,187.30,186.12,186.28,121200,62.09
2013-07-19,187.95,188.45,186.43,186.89,219300,62.30
2013-07-18,186.53,188.70,185.42,187.59,179400,62.53
2013-07-17,185.52,187.62,184.08,185.95,177900,61.98
2013-07-16,184.61,186.78,184.00,185.54,493500,61.85
2013-07-15,183.80,187.24,183.45,184.45,187500,61.48
2013-07-12,180.33,184.00,179.62,183.56,166200,61.19
2013-07-11,179.44,180.34,177.01,179.54,303600,59.85
2013-07-10,181.61,182.41,176.69,176.97,227700,58.99
2013-07-09,181.82,184.49,179.50,181.60,324600,60.53
2013-07-08,179.90,182.25,179.04,180.63,191400,60.21
2013-07-05,177.67,179.27,175.73,179.04,159900,59.68
2013-07-03,174.59,175.66,172.50,175.48,98400,58.49
2013-07-02,173.53,176.42,173.18,174.65,183300,58.22
2013-07-01,170.10,173.99,168.29,173.75,190200,57.92
2013-06-28,172.50,174.62,169.92,170.09,442500,56.70
2013-06-27,169.80,173.95,168.54,173.21,216600,57.74
2013-06-26,168.95,170.42,167.37,168.80,246300,56.27
2013-06-25,165.71,168.35,164.66,168.33,233100,56.11
2013-06-24,164.97,166.27,160.45,164.55,320100,54.85
2013-06-21,165.47,167.87,165.22,166.53,442200,55.51
2013-06-20,166.84,167.34,163.87,164.96,210300,54.99
2013-06-19,171.29,171.41,168.02,168.03,230100,56.01
2013-06-18,169.18,171.63,167.52,170.79,267900,56.93
2013-06-17,166.44,169.17,164.83,168.38,290100,56.13
2013-06-14,167.22,167.22,164.91,164.95,142800,54.98
2013-06-13,165.57,167.94,164.20,167.32,164400,55.77
2013-06-12,166.59,168.01,164.29,166.01,137700,55.34
2013-06-11,166.94,168.17,165.84,166.17,123900,55.39
2013-06-10,167.99,169.98,166.73,168.68,217800,56.23
2013-06-07,166.95,168.61,165.32,167.50,133200,55.83
2013-06-06,163.19,166.01,162.47,165.99,186000,55.33
2013-06-05,165.84,166.89,164.15,164.66,279300,54.89
2013-06-04,166.49,167.31,163.88,166.45,306300,55.48
2013-06-03,163.93,166.66,162.30,166.57,316800,55.52
2013-05-31,164.14,165.68,162.98,163.49,132000,54.50
2013-05-30,165.86,166.53,164.21,164.98,160200,54.99
2013-05-29,167.39,167.79,165.19,165.37,219000,55.12
2013-05-28,167.39,169.97,165.42,168.44,329100,56.15
2013-05-24,163.85,165.26,161.56,164.97,240300,54.99
2013-05-23,162.14,164.44,161.00,164.25,214200,54.75
2013-05-22,168.77,171.53,162.03,163.55,322200,54.52
2013-05-21,166.70,170.27,166.20,168.77,386700,56.26
2013-05-20,164.75,167.05,164.59,166.19,351900,55.40
2013-05-17,162.53,164.61,162.34,164.52,266400,54.84
2013-05-16,164.78,164.99,161.57,162.36,243600,54.12
2013-05-15,163.05,167.28,161.61,165.17,533700,55.06
2013-05-14,159.94,162.66,159.00,162.65,367500,54.22
2013-05-13,163.62,164.72,159.07,159.49,505200,53.16
2013-05-10,152.57,166.66,152.06,164.28,1033500,54.76
2013-05-09,153.01,156.90,150.31,151.78,959400,50.59
2013-05-08,145.50,146.89,143.47,146.67,257400,48.89
2013-05-07,143.31,146.99,143.21,145.34,303900,48.45
2013-05-06,145.00,145.11,142.71,142.99,248100,47.66
2013-05-03,145.86,148.25,144.22,144.78,462900,48.26
2013-05-02,144.22,146.06,143.21,144.13,423900,48.04
2013-05-01,148.77,148.77,143.87,143.93,393300,47.98
2013-04-30,149.48,149.74,147.08,149.58,189900,49.86
2013-04-29,150.01,152.57,149.14,150.39,84000,50.13
2013-04-26,151.20,151.22,147.22,149.18,193200,49.73
2013-04-25,153.10,155.00,150.40,151.24,334800,50.41
2013-04-24,150.57,153.27,149.79,152.98,270600,50.99
2013-04-23,147.73,150.30,146.99,150.20,178200,50.07
2013-04-22,146.83,147.26,143.88,146.73,107400,48.91
2013-04-19,144.63,146.66,143.66,146.21,157500,48.74
2013-04-18,143.62,145.89,142.39,144.53,409500,48.18
2013-04-17,144.85,146.24,140.51,143.02,345600,47.67
2013-04-16,142.96,146.77,142.01,145.61,320400,48.54
2013-04-15,147.21,148.00,141.88,142.14,342900,47.38
2013-04-12,147.30,147.86,146.35,147.34,105600,49.11
2013-04-11,147.85,149.06,145.74,147.48,238200,49.16
2013-04-10,145.57,147.78,144.05,147.52,346800,49.17
2013-04-09,147.00,147.34,144.69,145.24,97800,48.41
2013-04-08,147.20,147.84,144.60,146.45,199800,48.82
2013-04-05,147.20,148.59,145.13,147.26,198900,49.09
2013-04-04,148.49,148.71,147.41,148.45,150900,49.48
2013-04-03,150.50,150.79,147.74,148.15,254700,49.38
2013-04-02,151.91,153.16,149.75,149.99,378300,50.00
2013-04-01,152.64,152.72,148.39,150.20,337800,50.07
2013-03-28,151.76,153.50,151.31,152.15,303600,50.72
2013-03-27,148.99,151.21,147.85,150.58,167400,50.19
2013-03-26,149.59,150.91,147.81,150.26,198600,50.09
2013-03-25,152.71,153.28,148.56,148.97,210300,49.66
2013-03-22,152.50,153.34,152.00,152.59,137100,50.86
2013-03-21,151.22,152.50,150.81,151.92,317100,50.64
2013-03-20,148.99,151.79,148.02,151.79,411900,50.60
2013-03-19,149.15,149.92,148.00,148.50,137400,49.50
2013-03-18,148.47,149.99,148.00,148.81,265500,49.60
2013-03-15,149.31,150.86,148.67,149.99,359700,50.00
2013-03-14,149.43,150.95,148.87,149.87,332700,49.96
2013-03-13,150.00,150.89,149.38,149.61,108600,49.87
2013-03-12,150.00,150.61,149.45,149.97,243000,49.99
2013-03-11,149.32,150.55,149.32,150.50,159600,50.17
2013-03-08,150.18,150.93,149.41,150.00,256200,50.00
2013-03-07,149.81,150.20,148.00,148.82,172500,49.61
2013-03-06,150.24,151.09,149.41,149.71,126900,49.90
2013-03-05,151.09,152.36,148.72,149.78,327900,49.93
2013-03-04,149.85,150.20,148.32,150.10,220500,50.03
2013-03-01,147.70,150.96,146.77,150.19,496800,50.06
2013-02-28,148.96,150.49,148.60,149.31,388800,49.77
2013-02-27,146.51,154.74,146.50,148.10,789300,49.37
2013-02-26,144.41,147.79,144.41,144.88,320700,48.29
2013-02-25,148.96,150.52,143.41,144.13,420300,48.04
2013-02-22,147.01,148.53,145.92,148.44,169800,49.48
2013-02-21,147.65,148.05,145.60,146.14,114600,48.71
2013-02-20,149.33,152.10,146.95,147.16,140100,49.05
2013-02-19,147.86,150.61,147.86,149.71,183000,49.90
2013-02-15,147.34,151.24,146.94,148.08,357600,49.36
2013-02-14,148.50,151.45,145.60,146.55,480600,48.85
2013-02-13,148.46,149.83,148.46,149.19,153900,49.73
2013-02-12,149.48,151.49,147.72,148.60,389700,49.53
2013-02-11,148.81,149.84,148.19,149.25,126000,49.75
2013-02-08,147.76,149.51,147.48,149.04,176700,49.68
2013-02-07,147.83,148.86,146.83,147.56,240900,49.19
2013-02-06,146.76,149.37,146.27,148.15,300600,49.38
2013-02-05,143.52,148.40,142.56,147.52,513000,49.17
2013-02-04,144.09,144.09,141.72,142.61,245400,47.54
2013-02-01,142.14,146.46,142.14,144.49,588300,48.16
2013-01-31,140.62,143.34,139.65,141.36,186000,47.12
2013-01-30,143.67,144.71,140.21,140.61,270600,46.87
2013-01-29,141.12,144.61,140.48,144.29,253800,48.10
2013-01-28,142.11,144.70,139.51,141.58,371700,47.19
2013-01-25,140.93,143.18,139.96,142.00,277800,47.33
2013-01-24,138.54,141.16,138.21,140.42,164400,46.81
2013-01-23,135.00,141.00,135.00,138.21,1059900,46.07
2013-01-22,132.00,134.73,131.67,134.46,199500,44.82
2013-01-18,130.91,132.19,130.75,132.01,197700,44.00
2013-01-17,131.03,132.22,130.45,131.29,208800,43.76
2013-01-16,131.58,131.58,130.25,130.61,156300,43.54
2013-01-15,130.91,132.03,130.48,131.92,76500,43.97
2013-01-14,131.88,132.30,130.76,131.44,83400,43.81
2013-01-11,131.75,132.56,130.71,131.89,201300,43.96
2013-01-10,132.70,132.70,130.75,131.49,77400,43.83
2013-01-09,132.00,132.70,131.64,131.84,283200,43.95
2013-01-08,131.93,132.99,130.86,131.79,264300,43.93
2013-01-07,129.88,132.80,129.88,131.66,172500,43.89
2013-01-04,130.88,131.57,129.93,130.45,179700,43.48
2013-01-03,131.39,132.27,129.95,130.15,250800,43.38
2013-01-02,131.65,133.79,130.50,131.39,400800,43.80
2012-12-31,125.25,129.26,125.25,128.21,180900,42.74
2012-12-28,125.93,127.20,125.32,125.47,174000,41.82
2012-12-27,126.72,127.14,125.04,126.29,136500,42.10
2012-12-26,126.89,128.20,124.94,126.92,168000,42.31
2012-12-24,127.44,127.44,126.57,126.90,40200,42.30
2012-12-21,127.60,128.74,125.39,127.70,501600,42.57
2012-12-20,131.85,132.72,126.93,128.43,431700,42.81
2012-12-19,132.23,134.51,130.93,132.05,371100,44.02
2012-12-18,130.27,133.14,129.24,132.39,794400,44.13
2012-12-17,128.65,129.43,127.72,129.35,240000,43.12
2012-12-14,127.06,129.44,126.48,128.41,228300,42.80
2012-12-13,127.22,129.48,125.19,127.16,265200,42.39
2012-12-12,129.31,129.47,126.81,127.24,194400,42.41
2012-12-11,127.89,129.98,126.40,129.43,376200,43.14
2012-12-10,126.10,126.85,124.55,126.69,307800,42.23
2012-12-07,129.46,129.46,125.77,126.50,252900,42.17
2012-12-06,129.58,129.58,127.32,128.64,252600,42.88
2012-12-05,128.73,129.99,127.84,129.85,269400,43.28
2012-12-04,127.00,128.92,125.80,128.22,268800,42.74
2012-12-03,128.00,128.38,126.15,126.73,228300,42.24
2012-11-30,127.48,128.43,126.24,127.39,272100,42.46
2012-11-29,127.67,128.35,125.16,128.35,206700,42.78
2012-11-28,127.00,128.56,125.07,126.52,244500,42.17
2012-11-27,126.50,128.83,126.14,127.73,255900,42.58
2012-11-26,127.07,127.40,125.48,126.49,188700,42.16
2012-11-23,127.34,127.34,126.26,127.00,83700,42.33
2012-11-21,127.02,127.92,126.01,126.70,156900,42.23
2012-11-20,126.43,127.72,125.32,127.52,119700,42.51
2012-11-19,126.45,128.87,125.01,126.98,188700,42.33
2012-11-16,126.42,128.96,124.61,125.49,276600,41.83
2012-11-15,124.73,128.73,122.89,126.82,645600,42.27
2012-11-14,126.65,126.94,123.81,124.51,170400,41.50
2012-11-13,124.52,127.64,123.41,126.27,147600,42.09
2012-11-12,124.56,126.63,122.65,125.00,180900,41.67
2012-11-09,121.78,125.35,121.19,124.50,338700,41.50
2012-11-08,124.83,125.24,122.43,122.59,184200,40.86
2012-11-07,119.35,126.50,118.01,124.65,483900,41.55
2012-11-06,120.08,123.70,120.08,120.40,426300,40.13
2012-11-05,123.54,125.99,119.10,119.73,539100,39.91
2012-11-02,126.92,127.89,123.37,123.40,186600,41.13
2012-11-01,124.84,127.06,124.00,126.56,306000,42.19
2012-10-31,123.88,125.57,122.97,124.95,292200,41.65
2012-10-26,123.57,124.00,123.00,123.64,152700,41.21
2012-10-25,123.75,124.02,122.59,123.41,125100,41.14
2012-10-24,123.70,124.23,121.98,122.66,183300,40.89
2012-10-23,121.77,123.09,120.91,122.67,143400,40.89
2012-10-22,122.85,123.75,121.40,122.80,197700,40.93
2012-10-19,122.69,123.87,120.81,122.80,253500,40.93
2012-10-18,122.89,123.95,122.68,123.75,149100,41.25
2012-10-17,120.89,122.97,119.65,122.86,190200,40.95
2012-10-16,119.79,121.34,118.84,120.99,254700,40.33
2012-10-15,118.49,119.66,117.88,119.35,281700,39.78
2012-10-12,118.29,119.60,117.96,118.66,69300,39.55
2012-10-11,119.85,120.49,118.03,118.45,172800,39.48
2012-10-10,117.68,119.75,117.22,119.00,192000,39.67
2012-10-09,118.16,119.08,117.07,117.29,126300,39.10
2012-10-08,118.21,118.95,117.33,118.23,77100,39.41
2012-10-05,119.26,121.96,118.21,118.82,112200,39.61
2012-10-04,117.07,119.03,116.64,118.87,145200,39.62
2012-10-03,118.40,119.07,115.61,116.58,171600,38.86
2012-10-02,117.80,118.58,116.36,118.15,229200,39.38
2012-10-01,116.10,118.42,115.83,117.22,263700,39.07
2012-09-28,115.90,116.66,114.66,115.64,146400,38.55
2012-09-27,115.96,117.66,115.27,116.70,93600,38.90
2012-09-26,116.79,116.79,114.82,115.29,113400,38.43
2012-09-25,117.75,120.46,116.36,116.48,214200,38.83
2012-09-24,116.08,118.92,113.95,117.20,197400,39.07
2012-09-21,118.98,118.98,116.07,116.74,275400,38.91
2012-09-20,116.17,117.31,115.66,117.01,112500,39.00
2012-09-19,119.19,119.19,116.58,117.01,128400,39.00
2012-09-18,117.00,119.04,116.61,118.50,260100,39.50
2012-09-17,116.15,116.97,115.25,116.75,101100,38.92
2012-09-14,116.62,116.76,115.00,116.66,369600,38.89
2012-09-13,117.92,118.26,115.50,116.22,424800,38.74
2012-09-12,117.97,118.26,116.81,117.92,109800,39.31
2012-09-11,117.34,117.85,116.28,117.35,270600,39.12
2012-09-10,117.85,117.85,116.72,117.26,264000,39.09
2012-09-07,120.83,121.76,116.75,117.43,353400,39.14
2012-09-06,119.90,122.57,119.13,119.69,384300,39.90
2012-09-05,117.98,121.51,117.53,118.85,638100,39.62
2012-09-04,115.51,118.88,113.94,118.50,412500,39.50
2012-08-31,113.62,115.49,112.51,115.15,438600,38.38
2012-08-30,112.68,113.48,112.39,113.15,229200,37.72
2012-08-29,113.16,114.12,112.79,113.28,278100,37.76
2012-08-28,112.78,113.66,112.10,113.03,440100,37.68
2012-08-27,112.92,113.73,112.19,112.69,228900,37.56
2012-08-24,111.61,113.10,110.35,112.42,219300,37.47
2012-08-23,112.92,113.78,111.61,112.10,153300,37.37
2012-08-22,114.78,114.78,113.00,113.43,318300,37.81
2012-08-21,116.18,117.03,114.17,114.87,171900,38.29
2012-08-20,116.92,117.56,114.60,116.13,144000,38.71
2012-08-17,116.32,118.72,116.05,117.68,182400,39.23
2012-08-16,116.53,117.12,114.62,116.57,297900,38.86
2012-08-15,114.75,116.98,114.75,116.88,217200,38.96
2012-08-14,117.54,118.48,114.09,114.91,471300,38.30
2012-08-13,114.13,117.98,113.98,116.64,488100,38.88
2012-08-10,112.38,115.42,109.07,113.81,677700,37.94
2012-08-09,105.00,119.74,104.45,113.77,2781000,37.92
2012-08-08,100.12,101.37,99.33,100.21,344100,33.40
2012-08-07,100.72,102.12,100.01,100.48,228900,33.49
2012-08-06,100.58,102.06,99.36,99.98,168600,33.33
2012-08-03,100.28,101.10,99.73,100.80,259500,33.60
2012-08-02,96.43,99.00,95.82,98.83,241800,32.94
2012-08-01,98.64,99.26,96.86,96.86,238800,32.29
2012-07-31,97.60,99.19,97.55,97.92,155100,32.64
2012-07-30,99.63,99.63,97.68,98.14,104700,32.71
2012-07-27,98.41,99.99,97.19,99.69,202200,33.23
2012-07-26,96.43,98.88,95.06,98.23,189300,32.74
2012-07-25,95.92,96.83,94.36,95.02,131400,31.67
2012-07-24,97.89,98.82,94.50,95.06,252300,31.69
2012-07-23,98.31,99.90,97.66,97.66,171300,32.55
2012-07-20,100.26,100.81,99.42,100.58,154500,33.53
2012-07-19,101.79,102.05,100.18,101.55,118200,33.85
2012-07-18,100.78,103.60,100.69,101.69,171300,33.90
2012-07-17,99.25,102.05,98.64,101.15,134400,33.72
2012-07-16,99.48,99.77,98.00,98.75,100500,32.92
2012-07-13,97.91,99.92,97.91,99.60,243000,33.20
2012-07-12,95.39,97.92,95.23,97.64,177300,32.55
2012-07-11,95.52,96.79,95.13,96.55,199500,32.18
2012-07-10,98.34,99.16,94.03,95.20,416400,31.73
2012-07-09,98.67,98.67,96.89,97.96,198000,32.65
2012-07-06,99.77,100.90,97.89,99.17,195900,33.06
2012-07-05,100.73,102.34,100.67,101.12,156000,33.71
2012-07-03,99.95,101.10,99.79,101.10,153000,33.70
2012-07-02,99.62,100.30,99.08,100.30,668700,33.43
2012-06-29,97.66,99.85,97.66,99.61,231300,33.20
2012-06-28,94.17,95.41,93.48,95.24,150000,31.75
2012-06-27,96.68,96.68,95.00,95.26,221400,31.75
2012-06-26,94.48,97.99,93.92,96.64,372000,32.21
2012-06-25,95.45,95.45,93.78,94.47,203100,31.49
2012-06-22,98.28,98.28,96.73,97.00,218700,32.33
2012-06-21,99.50,99.96,97.23,97.63,327300,32.54
2012-06-20,98.96,100.73,98.10,99.59,280500,33.20
2012-06-19,95.47,99.75,95.25,99.29,291000,33.10
2012-06-18,95.52,95.91,94.52,95.27,270300,31.76
2012-06-15,95.20,96.54,93.88,96.25,397500,32.08
2012-06-14,95.87,96.79,93.54,95.22,229800,31.74
2012-06-13,97.36,98.39,95.58,96.04,154500,32.01
2012-06-12,96.70,98.75,95.46,97.77,173100,32.59
2012-06-11,100.75,101.52,96.17,96.39,265500,32.13
2012-06-08,98.11,100.28,96.63,99.78,153300,33.26
2012-06-07,100.67,100.67,97.96,98.32,214200,32.77
2012-06-06,96.55,99.27,96.55,99.19,219900,33.06
2012-06-05,95.75,96.77,94.44,96.35,325500,32.12
2012-06-04,98.00,98.11,95.34,96.40,417300,32.13
2012-06-01,100.02,103.43,97.34,97.58,450600,32.53
2012-05-31,101.85,103.30,99.94,102.27,539700,34.09
2012-05-30,102.82,103.09,101.19,101.89,323100,33.96
2012-05-29,103.13,104.47,102.49,103.98,341400,34.66
2012-05-25,102.85,103.04,101.67,102.62,186000,34.21
2012-05-24,102.21,103.24,101.27,103.24,180300,34.41
2012-05-23,102.63,102.80,99.67,102.79,315000,34.26
2012-05-22,102.82,104.82,102.27,103.98,426000,34.66
2012-05-21,100.68,102.83,99.79,102.70,293100,34.23
2012-05-18,98.03,101.14,98.01,99.95,708900,33.32
2012-05-17,98.34,99.14,96.99,98.18,499800,32.73
2012-05-16,98.88,99.33,97.94,98.35,294600,32.78
2012-05-15,97.30,98.70,97.07,98.25,171000,32.75
2012-05-14,97.22,98.55,96.53,97.01,130500,32.34
2012-05-11,96.46,99.32,96.24,98.55,190800,32.85
2012-05-10,97.54,98.50,96.66,97.48,342000,32.49
2012-05-09,97.43,98.09,96.02,97.05,165000,32.35
2012-05-08,97.50,99.13,96.64,98.78,172800,32.93
2012-05-07,97.25,98.93,96.76,98.39,126000,32.80
2012-05-04,99.38,99.38,96.96,97.61,188100,32.54
2012-05-03,101.56,102.22,99.05,99.99,192000,33.33
2012-05-02,99.85,102.15,97.99,102.00,143400,34.00
2012-05-01,101.48,103.60,100.00,100.49,222000,33.50
2012-04-30,103.37,103.37,101.37,101.47,267000,33.82
2012-04-27,101.64,104.00,101.32,103.78,347100,34.59
2012-04-26,100.12,101.74,99.91,101.46,180900,33.82
2012-04-25,97.75,100.79,97.71,100.50,302100,33.50
2012-04-24,95.06,96.42,94.60,96.26,324000,32.09
2012-04-23,96.98,97.75,94.68,94.93,326400,31.64
2012-04-20,99.44,99.91,97.87,99.00,176100,33.00
2012-04-19,99.42,99.63,97.00,97.20,284400,32.40
2012-04-18,102.85,103.03,98.05,99.15,583500,33.05
2012-04-17,99.92,103.96,99.92,103.31,728400,34.44
2012-04-16,98.40,100.04,97.09,99.09,141600,33.03
2012-04-13,99.98,100.53,97.47,98.10,233400,32.70
2012-04-12,98.04,100.84,97.25,100.33,291600,33.44
2012-04-11,95.96,98.05,95.96,98.01,343800,32.67
2012-04-10,96.85,97.38,94.22,94.98,339600,31.66
2012-04-09,97.84,98.48,95.99,96.92,233100,32.31
2012-04-05,97.18,100.32,97.18,99.69,274800,33.23
2012-04-04,99.89,101.14,98.51,99.18,198900,33.06
2012-04-03,101.74,102.00,99.95,101.29,305100,33.76
2012-04-02,100.80,102.39,100.37,102.21,456000,34.07
2012-03-30,101.61,102.29,100.32,101.18,356100,33.73
2012-03-29,100.54,101.00,99.01,100.87,199500,33.62
2012-03-28,101.60,102.18,99.61,101.37,369300,33.79
2012-03-27,102.10,102.85,101.31,101.47,233700,33.82
2012-03-26,100.55,102.54,99.55,102.31,369600,34.10
2012-03-23,99.93,100.55,98.54,99.72,287100,33.24
2012-03-22,100.94,101.23,98.20,100.09,399000,33.36
2012-03-21,101.82,102.79,101.31,102.18,243300,34.06
2012-03-20,102.77,102.77,101.15,101.68,242400,33.89
2012-03-19,102.23,103.75,101.01,103.18,259200,34.39
2012-03-16,103.75,103.75,101.87,102.44,387300,34.15
2012-03-15,100.81,103.73,100.02,103.61,516300,34.54
2012-03-14,100.05,101.61,99.34,100.81,466500,33.60
2012-03-13,98.77,100.31,98.23,99.42,743400,33.14
2012-03-12,94.63,101.72,93.65,97.86,1153200,32.62
2012-03-09,95.18,95.87,93.45,93.50,616800,31.17
2012-03-08,93.98,95.35,93.10,94.97,140700,31.66
2012-03-07,92.82,94.15,92.53,93.98,120900,31.33
2012-03-06,93.10,93.78,92.24,92.40,345900,30.80
2012-03-05,93.73,94.57,93.25,94.27,130200,31.42
2012-03-02,96.78,97.01,93.13,94.20,223200,31.40
2012-03-01,98.73,100.39,96.41,96.44,366000,32.15
2012-02-29,99.65,99.82,97.67,97.74,314100,32.58
2012-02-28,99.41,100.75,98.65,99.69,289500,33.23
2012-02-27,98.95,100.77,97.50,99.50,281700,33.17
2012-02-24,99.82,100.74,98.99,99.95,414000,33.32
2012-02-23,99.02,100.00,97.72,100.00,411000,33.33
2012-02-22,98.62,99.77,98.14,98.61,157800,32.87
2012-02-21,98.48,99.69,98.00,98.88,292500,32.96
2012-02-17,99.02,99.03,97.92,98.40,168900,32.80
2012-02-16,94.92,98.85,94.56,98.37,253200,32.79
2012-02-15,97.77,97.77,94.56,95.09,197100,31.70
2012-02-14,96.07,97.65,95.89,97.36,144900,32.45
2012-02-13,96.44,96.99,95.77,96.57,166200,32.19
2012-02-10,93.02,96.07,93.02,95.30,204900,31.77
2012-02-09,95.50,96.41,94.94,95.89,280200,31.96
2012-02-08,96.30,96.89,95.10,95.42,409500,31.81
2012-02-07,96.55,97.30,95.64,95.96,336900,31.99
2012-02-06,97.21,97.99,96.73,96.93,301800,32.31
2012-02-03,98.75,99.90,97.44,97.69,376800,32.56
2012-02-02,97.86,98.75,96.99,98.15,100800,32.72
2012-02-01,96.81,98.42,96.66,98.00,247200,32.67
2012-01-31,95.70,97.09,94.23,96.17,178200,32.06
2012-01-30,95.31,95.33,93.93,94.94,108600,31.65
2012-01-27,95.67,97.22,95.50,96.38,201900,32.13
2012-01-26,96.65,97.08,95.41,96.16,170100,32.05
2012-01-25,95.10,96.59,94.16,96.15,145800,32.05
2012-01-24,93.80,95.42,93.14,95.15,221100,31.72
2012-01-23,95.68,96.35,94.27,94.67,136500,31.56
2012-01-20,97.26,98.05,95.46,95.88,182700,31.96
2012-01-19,96.86,98.74,96.73,97.52,246900,32.51
2012-01-18,94.79,96.79,93.96,96.52,219000,32.17
2012-01-17,94.42,95.51,93.65,94.65,297900,31.55
2012-01-13,92.59,94.03,92.57,93.72,140100,31.24
2012-01-12,93.93,94.43,92.58,93.94,184500,31.31
2012-01-11,93.23,94.94,93.23,93.75,256500,31.25
2012-01-10,94.82,94.89,93.61,93.95,258000,31.32
2012-01-09,93.15,94.14,92.23,93.76,500400,31.25
2012-01-06,94.12,94.83,92.15,93.02,471300,31.01
2012-01-05,93.77,94.49,91.81,94.00,355800,31.33
2012-01-04,95.38,95.54,94.17,94.52,339300,31.51
2012-01-03,95.96,97.43,95.20,96.23,266700,32.08
2011-12-30,94.84,94.95,93.83,94.04,175800,31.35
2011-12-29,95.27,96.40,93.50,95.09,195900,31.70
2011-12-28,97.59,97.59,95.38,95.44,276000,31.81
2011-12-27,96.64,98.00,96.21,97.62,117900,32.54
2011-12-23,97.19,97.50,96.10,97.25,166200,32.42
2011-12-22,95.98,97.70,95.58,97.00,312300,32.33
2011-12-21,97.35,97.35,93.96,96.03,160200,32.01
2011-12-20,95.49,97.25,94.73,97.11,319200,32.37
2011-12-19,95.61,95.83,92.74,93.28,359100,31.09
2011-12-16,94.01,96.40,94.01,95.22,549000,31.74
2011-12-15,92.78,93.73,92.11,92.85,300900,30.95
2011-12-14,91.90,92.59,90.54,91.14,307200,30.38
2011-12-13,95.86,96.41,91.87,92.79,346200,30.93
2011-12-12,95.03,95.85,93.24,95.24,225300,31.75
2011-12-09,94.61,96.60,94.47,96.03,366900,32.01
2011-12-08,94.33,95.30,93.44,94.29,407400,31.43
2011-12-07,91.92,95.80,91.50,95.56,336300,31.85
2011-12-06,92.67,93.42,90.46,92.80,254700,30.93
2011-12-05,94.00,94.65,92.02,92.74,251400,30.91
2011-12-02,91.88,93.27,91.67,92.36,162600,30.79
2011-12-01,90.89,91.72,90.00,90.70,302700,30.23
2011-11-30,88.56,91.28,88.31,91.28,554400,30.43
2011-11-29,86.02,86.19,84.46,84.92,221100,28.31
2011-11-28,84.75,86.46,84.03,85.75,256800,28.58
2011-11-25,81.97,83.43,81.97,82.09,88500,27.36
2011-11-23,84.95,85.37,82.05,82.53,321900,27.51
2011-11-22,86.90,87.13,85.81,86.01,202200,28.67
2011-11-21,88.61,89.36,86.91,87.15,278100,29.05
2011-11-18,89.57,90.56,88.80,89.93,129600,29.98
2011-11-17,89.65,90.47,89.09,89.59,243000,29.86
2011-11-16,90.72,93.17,89.28,89.56,273000,29.85
2011-11-15,87.70,92.13,87.21,91.39,211800,30.46
2011-11-14,89.25,89.32,87.44,88.07,248700,29.36
2011-11-11,89.41,91.59,89.08,89.90,313500,29.97
2011-11-10,88.30,89.01,86.45,88.59,319200,29.53
2011-11-09,82.60,88.74,82.60,87.28,482400,29.09
2011-11-08,87.12,87.43,84.76,87.05,533400,29.02
2011-11-07,87.06,87.42,83.98,86.40,118800,28.80
2011-11-04,86.24,88.14,84.17,87.44,330900,29.15
2011-11-03,86.02,87.34,84.27,87.02,247500,29.01
2011-11-02,82.80,85.53,82.78,84.71,275100,28.24
2011-11-01,80.66,83.45,80.61,81.45,267300,27.15
2011-10-31,85.35,85.77,83.65,84.28,329400,28.09
2011-10-28,88.80,89.87,86.47,86.54,302700,28.85
2011-10-27,84.41,90.90,83.07,89.58,684600,29.86
2011-10-26,82.14,82.63,79.13,82.22,211500,27.41
2011-10-25,81.23,82.56,79.27,80.83,235500,26.94
2011-10-24,79.19,81.94,78.79,81.60,365100,27.20
2011-10-21,79.97,79.97,77.36,79.11,296100,26.37
2011-10-20,77.02,78.84,75.98,78.30,261300,26.10
2011-10-19,76.69,78.54,76.30,77.12,356100,25.71
2011-10-18,75.93,78.38,74.64,77.97,289200,25.99
2011-10-17,77.81,77.81,74.73,75.38,347100,25.13
2011-10-14,78.38,78.90,75.89,78.78,335700,26.26
2011-10-13,78.42,78.42,76.13,77.61,321600,25.87
2011-10-12,76.63,79.86,76.47,78.93,277800,26.31
2011-10-11,75.04,76.57,74.79,76.15,187500,25.38
2011-10-10,74.39,76.00,73.85,75.95,613200,25.32
2011-10-07,73.45,73.88,70.60,73.03,518700,24.34
2011-10-06,72.82,73.90,72.09,73.15,414600,24.38
2011-10-05,73.96,75.45,72.42,72.87,529200,24.29
2011-10-04,67.01,74.42,66.36,74.20,634200,24.73
2011-10-03,70.02,71.91,67.54,67.89,512400,22.63
2011-09-30,70.95,72.68,70.27,70.46,402000,23.49
2011-09-29,72.00,72.91,70.00,72.20,401400,24.07
2011-09-28,74.03,74.09,70.02,70.11,229200,23.37
2011-09-27,74.84,76.78,73.14,74.07,504600,24.69
2011-09-26,69.52,73.04,68.85,72.84,267900,24.28
2011-09-23,68.08,70.85,66.70,70.56,442200,23.52
2011-09-22,66.73,69.26,65.39,68.13,529800,22.71
2011-09-21,72.78,73.27,69.01,69.11,269100,23.04
2011-09-20,74.26,75.19,72.99,73.00,291000,24.33
2011-09-19,73.01,75.04,71.30,73.86,254100,24.62
2011-09-16,74.71,74.75,73.26,74.53,372300,24.84
2011-09-15,75.01,75.01,73.45,74.11,272100,24.70
2011-09-14,73.19,75.37,70.17,74.20,410700,24.73
2011-09-13,71.16,72.87,70.02,72.44,266400,24.15
2011-09-12,69.01,71.23,68.87,71.00,230400,23.67
2011-09-09,72.96,73.06,69.49,70.42,344700,23.47
2011-09-08,74.54,76.33,73.08,73.82,316200,24.61
2011-09-07,75.73,76.29,74.65,74.89,558900,24.96
2011-09-06,71.73,74.42,71.12,74.20,567900,24.73
2011-09-02,76.35,77.35,73.64,74.43,225300,24.81
2011-09-01,81.02,81.95,78.02,78.38,270300,26.13
2011-08-31,84.00,85.04,80.42,80.57,479100,26.86
2011-08-30,82.17,83.93,80.21,83.40,320400,27.80
2011-08-29,78.05,82.95,78.05,82.77,286200,27.59
2011-08-26,73.41,77.31,72.22,77.20,188400,25.73
2011-08-25,76.96,77.22,73.75,73.99,359400,24.66
2011-08-24,75.55,76.76,73.85,76.46,206400,25.49
2011-08-23,70.82,75.62,70.07,75.44,320100,25.15
2011-08-22,72.37,72.73,69.74,70.64,206400,23.55
2011-08-19,68.50,72.00,68.02,70.26,342600,23.42
2011-08-18,73.80,74.01,69.50,70.17,281400,23.39
2011-08-17,77.27,78.35,75.12,76.11,191100,25.37
2011-08-16,77.33,78.37,76.16,77.00,287400,25.67
2011-08-15,77.57,78.47,77.29,78.33,344700,26.11
2011-08-12,75.65,77.44,74.53,77.00,378600,25.67
2011-08-11,70.68,76.11,70.68,74.94,885000,24.98
2011-08-10,73.58,73.58,69.50,70.00,792300,23.33
2011-08-09,70.95,75.06,67.05,73.31,697200,24.44
2011-08-08,74.22,75.75,68.41,68.86,765600,22.95
2011-08-05,76.29,78.62,72.72,76.50,809100,25.50
2011-08-04,81.85,81.95,75.55,75.78,578700,25.26
2011-08-03,81.41,83.00,79.10,82.38,266100,27.46
2011-08-02,82.03,85.67,80.60,80.76,250800,26.92
2011-08-01,85.35,85.35,81.80,82.93,481200,27.64
2011-07-29,83.31,85.04,82.98,84.48,190200,28.16
2011-07-28,84.30,85.46,83.77,83.97,203400,27.99
2011-07-27,86.28,86.28,83.70,84.27,297000,28.09
2011-07-26,89.60,89.60,86.72,87.02,471600,29.01
2011-07-25,90.30,90.53,89.45,89.69,148500,29.90
2011-07-22,91.43,91.73,90.93,91.02,65700,30.34
2011-07-21,90.06,91.80,89.17,91.43,150900,30.48
2011-07-20,90.01,91.31,89.05,89.82,136500,29.94
2011-07-19,88.61,90.11,87.72,90.10,291900,30.03
2011-07-18,89.58,89.79,87.53,87.77,489300,29.26
2011-07-15,92.25,93.20,89.37,90.12,420900,30.04
2011-07-14,93.71,93.78,91.47,91.96,169500,30.65
2011-07-13,94.17,94.68,92.92,93.27,162000,31.09
2011-07-12,93.44,94.70,92.81,93.76,141000,31.25
2011-07-11,95.63,95.99,93.47,93.98,121200,31.33
2011-07-08,95.54,96.95,95.03,96.69,174300,32.23
2011-07-07,96.50,97.74,96.18,96.55,366900,32.18
2011-07-06,96.06,96.50,95.78,96.47,270300,32.16
2011-07-05,96.02,96.22,95.31,96.19,131100,32.06
2011-07-01,93.94,96.25,93.83,96.11,250200,32.04
2011-06-30,93.57,95.00,93.21,94.04,318000,31.35
2011-06-29,92.73,93.37,92.21,93.22,224100,31.07
2011-06-28,93.61,93.81,92.44,92.70,428100,30.90
2011-06-27,91.06,94.70,90.25,93.03,388500,31.01
2011-06-24,91.48,92.04,90.31,91.11,1059300,30.37
2011-06-23,89.72,91.44,88.50,91.39,259200,30.46
2011-06-22,91.61,92.26,90.76,90.99,144600,30.33
2011-06-21,89.48,92.80,88.95,92.04,517800,30.68
2011-06-20,88.52,89.45,88.08,89.01,549600,29.67
2011-06-17,86.77,89.06,86.48,88.89,698400,29.63
2011-06-16,83.33,86.53,82.75,86.52,641700,28.84
2011-06-15,82.47,83.93,82.31,83.40,264000,27.80
2011-06-14,82.12,83.99,81.79,83.73,243300,27.91
2011-06-13,80.34,81.84,80.31,81.35,236700,27.12
2011-06-10,81.39,81.39,79.70,80.26,264900,26.75
2011-06-09,81.48,82.31,81.32,81.98,192900,27.33
2011-06-08,81.35,81.89,80.77,81.11,233700,27.04
2011-06-07,82.58,82.86,81.47,81.76,176100,27.25
2011-06-06,83.05,83.41,81.84,82.07,244800,27.36
2011-06-03,82.61,83.90,82.61,83.11,207000,27.70
2011-06-02,84.05,84.98,83.56,84.06,257400,28.02
2011-06-01,85.86,85.86,83.68,83.93,603000,27.98
2011-05-31,86.81,86.81,84.82,86.05,702300,28.68
2011-05-27,86.12,86.34,85.32,86.09,162300,28.70
2011-05-26,85.42,86.18,84.56,85.93,338700,28.64
2011-05-25,83.78,86.04,83.29,85.63,390300,28.54
2011-05-24,81.18,84.41,80.57,84.16,546000,28.05
2011-05-23,81.08,81.76,80.71,80.77,257100,26.92
2011-05-20,81.27,82.37,80.55,82.01,459000,27.34
2011-05-19,83.45,83.97,81.74,81.93,415200,27.31
2011-05-18,81.17,82.92,80.34,82.72,344400,27.57
2011-05-17,82.90,82.90,80.83,80.84,622800,26.95
2011-05-16,85.46,86.15,83.45,83.58,741300,27.86
2011-05-13,89.19,89.73,85.61,86.16,462000,28.72
2011-05-12,89.38,89.55,85.59,89.02,957000,29.67
2011-05-11,91.91,92.46,91.22,91.95,286200,30.65
2011-05-10,90.69,92.45,89.29,92.42,104700,30.81
2011-05-09,88.65,91.70,88.26,90.47,384000,30.16
2011-05-06,89.70,89.99,88.38,88.57,102000,29.52
2011-05-05,88.28,90.16,87.36,88.47,201900,29.49
2011-05-04,87.19,90.13,86.51,88.53,392400,29.51
2011-05-03,88.40,89.19,86.42,86.70,306000,28.90
2011-05-02,90.21,90.22,88.55,88.55,147000,29.52
2011-04-29,90.32,90.93,89.61,89.67,252000,29.89
2011-04-28,89.60,90.86,89.60,89.92,102000,29.97
2011-04-27,89.99,89.99,88.60,89.76,81000,29.92
2011-04-26,88.17,91.25,88.17,89.90,300900,29.97
2011-04-25,88.80,89.23,86.94,87.79,246000,29.26
2011-04-21,89.59,89.88,87.01,89.33,239400,29.78
2011-04-20,87.98,89.44,87.89,88.88,434700,29.63
2011-04-19,87.00,87.46,86.47,87.08,180900,29.03
2011-04-18,87.02,87.34,85.70,87.05,180300,29.02
2011-04-15,87.75,89.06,87.60,88.28,162900,29.43
2011-04-14,87.52,88.14,87.02,87.96,253500,29.32
2011-04-13,89.12,89.20,87.00,87.91,229500,29.30
2011-04-12,89.16,89.39,88.52,88.52,170700,29.51
2011-04-11,91.73,92.39,89.44,89.91,219600,29.97
2011-04-08,94.07,94.92,91.31,91.87,201600,30.62
2011-04-07,94.63,95.31,93.24,93.31,240000,31.10
2011-04-06,96.25,96.25,94.09,94.72,221400,31.57
2011-04-05,93.62,96.25,92.78,95.95,359100,31.98
2011-04-04,94.64,95.00,93.29,93.42,272100,31.14
2011-04-01,93.60,94.84,93.20,94.45,474600,31.48
2011-03-31,92.22,93.22,91.90,93.12,550200,31.04
2011-03-30,92.26,92.50,91.13,92.50,387900,30.83
2011-03-29,89.84,91.26,89.63,91.03,259200,30.34
2011-03-28,89.92,90.41,89.57,89.98,200400,29.99
2011-03-25,88.36,90.51,88.06,89.56,179400,29.85
2011-03-24,87.12,88.14,86.20,88.08,286800,29.36
2011-03-23,85.41,87.00,85.31,86.49,367500,28.83
2011-03-22,86.80,87.32,85.36,85.62,219300,28.54
2011-03-21,84.59,86.90,84.59,86.64,426900,28.88
2011-03-18,83.71,84.28,82.78,84.06,582900,28.02
2011-03-17,83.44,83.82,81.23,83.03,321300,27.68
2011-03-16,82.42,83.61,81.65,81.95,537300,27.32
2011-03-15,81.56,83.54,81.05,82.78,414000,27.59
2011-03-14,84.80,85.33,83.32,83.82,371400,27.94
2011-03-11,85.76,86.44,84.18,85.48,499800,28.49
2011-03-10,87.41,88.09,86.01,86.22,346800,28.74
2011-03-09,88.88,89.83,87.70,88.73,335700,29.58
2011-03-08,87.85,89.67,86.89,89.16,586200,29.72
2011-03-07,89.35,90.79,87.60,87.87,602700,29.29
2011-03-04,89.51,90.99,88.51,89.28,421500,29.76
2011-03-03,88.84,89.60,88.16,89.37,547500,29.79
2011-03-02,90.93,91.85,87.65,87.98,604200,29.33
2011-03-01,89.86,91.95,89.39,89.76,440400,29.92
2011-02-28,90.19,91.30,88.94,89.67,253200,29.89
2011-02-25,87.98,90.46,87.70,89.99,366000,30.00
2011-02-24,87.24,88.23,86.07,88.04,342300,29.35
2011-02-23,87.11,87.57,85.55,87.25,634200,29.08
2011-02-22,90.49,90.67,86.93,87.28,846300,29.09
2011-02-18,91.50,91.62,90.63,91.62,253500,30.54
2011-02-17,90.04,91.37,88.78,91.37,189600,30.46
2011-02-16,90.57,90.82,90.23,90.39,287700,30.13
2011-02-15,90.30,90.90,90.10,90.50,251100,30.17
2011-02-14,89.89,91.17,89.00,90.56,482100,30.19
2011-02-11,87.92,90.00,87.92,90.00,352500,30.00
2011-02-10,88.00,88.76,88.00,88.33,182400,29.44
2011-02-09,88.00,88.48,87.81,88.35,282600,29.45
2011-02-08,87.94,88.34,87.79,88.34,176400,29.45
2011-02-07,86.20,88.29,85.77,88.27,216900,29.42
2011-02-04,86.35,86.74,85.73,86.29,203100,28.76
2011-02-03,85.21,87.09,85.01,86.57,204900,28.86
2011-02-02,84.56,86.48,83.56,86.00,288900,28.67
2011-02-01,82.64,84.90,82.29,84.32,244200,28.11
2011-01-31,81.81,82.11,81.33,81.81,253200,27.27
2011-01-28,83.83,84.11,81.31,81.70,273300,27.23
2011-01-27,84.96,85.70,83.63,84.00,165300,28.00
2011-01-26,83.76,85.56,83.38,84.90,342900,28.30
2011-01-25,81.30,83.32,80.55,83.26,364200,27.75
2011-01-24,83.19,83.30,80.97,81.94,314700,27.31
2011-01-21,83.55,84.19,82.67,83.21,309900,27.74
2011-01-20,84.96,85.19,82.67,83.59,397500,27.86
2011-01-19,87.29,87.88,85.00,85.52,430500,28.51
2011-01-18,86.92,87.69,86.19,87.56,272100,29.19
2011-01-14,86.50,87.80,85.22,87.50,233700,29.17
2011-01-13,86.90,87.38,84.08,86.76,222300,28.92
2011-01-12,87.03,87.54,86.36,87.22,205800,29.07
2011-01-11,87.86,88.02,86.63,86.66,244500,28.89
2011-01-10,87.83,88.57,87.04,87.71,350700,29.24
2011-01-07,87.13,88.83,86.92,88.06,348000,29.35
2011-01-06,86.68,88.12,86.51,86.89,255600,28.96
2011-01-05,86.98,86.98,85.86,86.52,290100,28.84
2011-01-04,87.36,87.82,85.30,86.90,412800,28.97
2011-01-03,84.96,87.84,84.96,86.93,438900,28.98
2010-12-31,85.20,85.73,84.34,84.42,127200,28.14
2010-12-30,86.12,86.49,85.39,85.39,84300,28.46
2010-12-29,86.08,86.53,85.52,86.02,78600,28.67
2010-12-28,86.30,86.30,85.48,86.03,164100,28.68
2010-12-27,86.06,86.49,85.56,86.34,144900,28.78
2010-12-23,86.00,86.32,85.24,85.90,234900,28.63
2010-12-22,86.55,86.55,85.09,86.20,371100,28.73
2010-12-21,85.07,86.55,84.49,86.35,189300,28.78
2010-12-20,85.00,85.40,84.26,84.87,406800,28.29
2010-12-17,84.86,85.02,83.68,84.56,616200,28.19
2010-12-16,83.40,85.00,82.83,84.69,485400,28.23
2010-12-15,83.90,85.00,82.74,83.41,431400,27.80
2010-12-14,84.22,85.00,81.84,83.99,300000,28.00
2010-12-13,84.61,85.11,84.25,84.27,234000,28.09
2010-12-10,84.81,85.92,84.45,84.70,323400,28.23
2010-12-09,85.92,86.04,84.79,84.87,366000,28.29
2010-12-08,85.51,86.37,84.25,85.14,266400,28.38
2010-12-07,84.00,86.50,84.00,85.38,737700,28.46
2010-12-06,81.41,83.78,81.41,83.33,244800,27.78
2010-12-03,81.23,81.85,80.56,81.70,376500,27.23
2010-12-02,81.48,82.22,81.39,81.68,279600,27.23
2010-12-01,82.01,83.08,81.38,81.50,424800,27.17
2010-11-30,79.50,82.00,78.88,80.47,460500,26.82
2010-11-29,79.09,80.33,78.59,79.99,177900,26.66
2010-11-26,79.05,80.24,78.42,79.67,86700,26.56
2010-11-24,79.23,79.98,78.02,79.63,649500,26.54
2010-11-23,78.10,78.91,78.00,78.51,248700,26.17
2010-11-22,78.86,79.29,77.76,78.91,359700,26.30
2010-11-19,79.32,79.85,78.81,79.36,414900,26.45
2010-11-18,79.00,79.90,78.98,79.59,381000,26.53
2010-11-17,77.44,78.74,77.44,78.24,379500,26.08
2010-11-16,77.12,77.72,76.82,77.35,397800,25.78
2010-11-15,77.64,79.55,75.31,77.84,646500,25.95
2010-11-12,75.95,77.30,75.33,77.17,393900,25.72
2010-11-11,74.63,76.56,74.51,76.31,226800,25.44
2010-11-10,75.80,76.46,74.99,75.62,343200,25.21
2010-11-09,74.50,78.76,73.55,75.22,1424100,25.07
2010-11-08,74.67,75.35,73.46,73.59,561000,24.53
2010-11-05,74.32,76.50,74.24,75.46,514200,25.15
2010-11-04,74.14,74.90,74.14,74.77,606000,24.92
2010-11-03,76.82,76.82,72.81,73.66,678900,24.55
2010-11-02,75.78,76.99,75.57,76.83,313200,25.61
2010-11-01,74.98,76.21,74.43,74.92,323700,24.97
2010-10-29,73.31,74.94,73.00,74.66,253800,24.89
2010-10-28,74.55,74.64,73.05,73.74,260700,24.58
2010-10-27,73.33,74.16,73.00,74.00,403500,24.67
2010-10-26,73.06,74.94,72.71,73.99,484500,24.66
2010-10-25,73.00,74.01,72.54,73.65,442800,24.55
2010-10-22,73.25,73.25,72.50,72.91,264300,24.30
2010-10-21,72.10,73.58,72.10,73.03,937500,24.34
2010-10-20,69.75,72.20,69.55,71.86,724800,23.95
2010-10-19,68.44,69.94,67.25,69.63,657000,23.21
2010-10-18,68.26,69.98,68.26,69.60,336000,23.20
2010-10-15,68.40,69.30,68.02,68.45,363000,22.82
2010-10-14,68.66,69.27,68.00,68.14,464700,22.71
2010-10-13,68.80,69.38,68.68,68.89,437700,22.96
2010-10-12,68.50,68.82,67.49,68.43,535800,22.81
2010-10-11,68.26,68.93,67.78,68.56,769500,22.85
2010-10-08,65.91,68.62,65.91,68.31,745500,22.77
2010-10-07,66.01,66.03,65.40,65.91,239400,21.97
2010-10-06,64.94,65.76,64.55,65.63,437700,21.88
2010-10-05,64.62,65.99,64.36,65.26,454200,21.75
2010-10-04,63.95,64.81,63.39,63.86,868800,21.29
2010-10-01,63.87,64.20,63.56,63.93,276600,21.31
2010-09-30,63.07,63.75,62.95,63.39,477600,21.13
2010-09-29,62.09,63.33,62.09,62.82,193500,20.94
2010-09-28,62.94,62.97,61.32,62.50,536700,20.83
2010-09-27,62.39,62.99,62.39,62.89,170700,20.96
2010-09-24,61.00,62.99,60.46,62.51,316500,20.84
2010-09-23,60.45,61.00,60.08,60.13,234300,20.04
2010-09-22,60.71,61.30,60.23,60.87,156600,20.29
2010-09-21,61.00,61.13,60.75,60.99,232500,20.33
2010-09-20,60.75,61.84,60.35,61.07,354600,20.36
2010-09-17,60.99,61.12,59.98,60.71,324300,20.24
2010-09-16,60.72,61.06,60.35,60.54,337200,20.18
2010-09-15,60.18,61.04,59.92,61.01,159600,20.34
2010-09-14,60.21,60.75,59.03,60.52,201300,20.17
2010-09-13,59.11,60.96,59.11,60.81,284700,20.27
2010-09-10,58.20,59.12,58.20,58.69,154200,19.56
2010-09-09,58.91,59.58,57.67,58.17,236400,19.39
2010-09-08,58.16,59.37,57.75,58.38,138000,19.46
2010-09-07,58.67,59.00,57.48,57.88,211500,19.29
2010-09-03,58.09,58.95,57.79,58.77,234600,19.59
2010-09-02,57.00,57.63,56.21,57.55,353400,19.18
2010-09-01,56.00,57.15,55.08,57.13,276300,19.04
2010-08-31,54.49,55.98,54.15,54.99,268500,18.33
2010-08-30,55.57,56.25,54.63,54.65,199200,18.22
2010-08-27,55.30,55.89,54.55,55.85,299400,18.62
2010-08-26,55.27,55.96,53.88,54.75,578700,18.25
2010-08-25,52.97,55.43,52.78,55.11,320400,18.37
2010-08-24,53.89,54.22,52.60,53.28,316800,17.76
2010-08-23,54.57,55.44,53.99,54.14,289500,18.05
2010-08-20,54.20,54.95,53.70,54.48,991200,18.16
2010-08-19,55.79,55.90,54.43,54.59,459900,18.20
2010-08-18,56.46,56.66,55.59,55.87,881700,18.62
2010-08-17,55.94,57.09,55.47,56.36,472200,18.79
2010-08-16,54.28,55.46,53.62,55.42,463200,18.47
2010-08-13,56.65,56.88,54.52,54.61,648900,18.20
2010-08-12,54.72,57.33,54.72,56.85,879300,18.95
2010-08-11,56.66,57.49,55.49,55.52,585900,18.51
2010-08-10,58.29,58.73,56.53,57.94,679200,19.31
2010-08-09,59.03,59.77,58.21,58.74,354300,19.58
2010-08-06,59.72,60.29,57.81,58.64,571800,19.55
2010-08-05,59.80,60.95,59.09,60.47,222000,20.16
2010-08-04,59.96,60.23,59.46,60.19,317400,20.06
2010-08-03,59.55,60.50,59.26,59.80,344700,19.93
2010-08-02,58.39,60.06,57.89,59.94,567600,19.98
2010-07-30,56.90,58.11,56.74,57.51,334800,19.17
2010-07-29,58.36,58.79,57.00,57.85,299100,19.28
2010-07-28,58.93,59.55,57.75,58.14,235500,19.38
2010-07-27,59.76,60.37,58.99,59.31,248100,19.77
2010-07-26,58.23,59.53,58.11,59.53,486600,19.84
2010-07-23,57.96,58.53,57.67,58.22,503400,19.41
2010-07-22,57.00,58.22,55.83,58.06,276900,19.35
2010-07-21,56.91,57.25,55.55,56.08,325200,18.69
2010-07-20,54.61,56.63,54.29,56.48,148500,18.83
2010-07-19,54.80,55.30,53.84,55.20,207600,18.40
2010-07-16,56.37,57.03,54.47,54.67,323700,18.22
2010-07-15,59.14,59.14,56.38,56.93,626700,18.98
2010-07-14,59.74,59.88,58.64,58.89,331500,19.63
2010-07-13,59.63,60.60,59.43,60.06,477600,20.02
2010-07-12,59.50,60.26,58.32,58.97,212100,19.66
2010-07-09,59.10,59.92,58.87,59.83,330300,19.94
2010-07-08,59.01,59.25,56.87,59.04,386100,19.68
2010-07-07,57.48,58.75,56.47,58.57,798600,19.52
2010-07-06,57.19,58.62,56.29,57.12,710400,19.04
2010-07-02,55.00,56.64,54.73,56.26,710700,18.75
2010-07-01,53.34,55.11,53.00,54.51,869400,18.17
2010-06-30,53.51,54.61,52.79,53.19,221400,17.73
2010-06-29,54.71,55.25,53.10,53.66,255900,17.89
2010-06-28,56.53,57.34,55.70,55.75,166200,18.58
2010-06-25,56.38,56.89,55.63,56.42,390000,18.81
2010-06-24,57.59,57.91,56.01,56.28,340800,18.76
2010-06-23,58.64,58.85,57.16,58.17,127800,19.39
2010-06-22,59.86,60.52,58.49,58.67,291000,19.56
2010-06-21,60.25,61.00,59.05,59.47,299100,19.82
2010-06-18,60.12,60.25,59.07,59.59,311400,19.86
2010-06-17,60.01,60.82,59.31,59.83,189300,19.94
2010-06-16,58.92,60.13,58.22,59.81,316800,19.94
2010-06-15,58.00,59.50,57.07,59.44,342000,19.81
2010-06-14,57.30,57.98,56.84,57.89,327900,19.30
2010-06-11,55.08,56.81,54.62,56.58,186900,18.86
2010-06-10,54.36,55.64,54.36,55.59,163200,18.53
2010-06-09,54.72,55.04,53.35,53.69,257400,17.90
2010-06-08,53.75,54.27,53.19,54.15,341400,18.05
2010-06-07,54.71,55.05,53.51,53.67,478500,17.89
2010-06-04,55.97,56.33,54.46,54.63,369300,18.21
2010-06-03,55.95,57.19,55.83,57.03,216600,19.01
2010-06-02,55.07,56.28,54.85,56.27,236400,18.76
2010-06-01,55.57,56.50,55.00,55.03,734100,18.34
2010-05-28,57.00,57.00,55.73,56.31,384900,18.77
2010-05-27,55.00,57.12,55.00,57.09,421800,19.03
2010-05-26,53.00,54.77,53.00,54.35,762000,18.12
2010-05-25,52.82,52.97,51.56,52.70,539700,17.57
2010-05-24,53.14,54.22,53.14,53.53,615000,17.84
2010-05-21,52.17,53.53,50.68,53.05,715800,17.68
2010-05-20,54.13,54.62,52.63,52.66,770700,17.55
2010-05-19,57.08,57.39,54.25,55.48,830400,18.49
2010-05-18,57.84,58.94,57.27,57.43,414300,19.14
2010-05-17,59.13,59.90,56.28,57.03,636900,19.01
2010-05-14,57.99,59.40,57.57,59.15,557100,19.72
2010-05-13,60.00,60.32,58.00,58.73,2291700,19.58
2010-05-12,60.87,63.55,60.87,62.75,542400,20.92
2010-05-11,58.71,60.92,58.71,60.74,429600,20.25
2010-05-10,58.74,59.67,58.35,59.38,531000,19.79
2010-05-07,57.81,58.14,56.16,56.74,609300,18.91
2010-05-06,59.88,61.06,54.80,58.11,441900,19.37
2010-05-05,60.30,60.76,58.61,60.02,329100,20.01
2010-05-04,61.76,62.13,60.35,61.24,309300,20.41
2010-05-03,61.59,62.89,61.01,62.68,237600,20.89
2010-04-30,62.97,63.14,61.09,61.12,345600,20.37
2010-04-29,62.77,63.06,62.31,62.78,843900,20.93
2010-04-28,63.24,63.77,62.14,62.38,235200,20.79
2010-04-27,64.90,65.20,62.78,62.92,426900,20.97
2010-04-26,63.50,65.21,63.50,65.01,993600,21.67
2010-04-23,61.51,63.85,61.51,63.77,512400,21.26
2010-04-22,60.00,61.59,59.43,61.55,371400,20.52
2010-04-21,59.89,60.91,59.88,60.77,524700,20.26
2010-04-20,59.33,60.00,59.29,60.00,294900,20.00
2010-04-19,58.51,59.31,57.97,59.24,249600,19.75
2010-04-16,59.60,59.80,58.36,58.58,409500,19.53
2010-04-15,58.99,59.82,58.83,59.79,345600,19.93
2010-04-14,58.21,58.90,58.00,58.87,381600,19.62
2010-04-13,57.51,58.25,56.83,58.19,295200,19.40
2010-04-12,57.20,57.96,57.20,57.69,229500,19.23
2010-04-09,57.31,57.31,56.25,57.02,223200,19.01
2010-04-08,57.37,57.88,57.00,57.44,181800,19.15
2010-04-07,57.08,57.74,56.81,57.40,365400,19.13
2010-04-06,57.33,58.09,57.12,57.47,335700,19.16
2010-04-05,58.05,58.05,56.68,57.78,444900,19.26
2010-04-01,57.59,58.37,55.94,58.32,421500,19.44
2010-03-31,57.20,58.00,57.20,57.59,605700,19.20
2010-03-30,57.15,58.19,57.15,57.59,329100,19.20
2010-03-29,57.12,57.73,56.46,57.25,166200,19.08
2010-03-26,56.68,57.71,56.05,57.13,349800,19.04
2010-03-25,57.56,58.17,56.60,56.66,305700,18.89
2010-03-24,59.33,59.33,57.24,57.38,305100,19.13
2010-03-23,57.57,59.65,57.32,59.52,385800,19.84
2010-03-22,57.24,58.00,56.97,57.73,369900,19.24
2010-03-19,57.51,58.14,57.11,57.70,774600,19.23
2010-03-18,56.75,57.94,56.56,57.35,730200,19.12
2010-03-17,54.92,56.97,54.92,56.69,712200,18.90
2010-03-16,54.76,55.08,54.16,54.99,215700,18.33
2010-03-15,53.80,54.66,53.10,54.49,372600,18.16
2010-03-12,54.38,54.38,53.09,54.05,386700,18.02
2010-03-11,54.23,54.45,53.24,54.35,340500,18.12
2010-03-10,53.85,55.00,53.85,54.69,424800,18.23
2010-03-09,52.84,54.65,52.84,54.01,486300,18.00
2010-03-08,53.99,54.35,53.01,53.17,386400,17.72
2010-03-05,54.22,54.82,53.78,54.25,757800,18.08
2010-03-04,49.48,55.17,49.43,54.24,3626700,18.08
2010-03-03,47.98,49.03,47.90,48.70,623100,16.23
2010-03-02,47.59,47.99,46.65,47.99,696000,16.00
2010-03-01,46.95,47.98,46.27,47.49,665100,15.83
2010-02-26,46.71,46.89,46.25,46.39,294300,15.46
2010-02-25,45.92,46.63,45.18,46.54,362100,15.51
2010-02-24,46.22,46.88,42.72,46.41,222900,15.47
2010-02-23,46.21,46.52,45.72,46.23,362400,15.41
2010-02-22,46.23,46.84,45.78,46.42,525600,15.47
2010-02-19,45.95,46.18,45.38,46.09,345000,15.36
2010-02-18,44.64,46.19,44.64,46.04,412200,15.35
2010-02-17,44.95,44.97,44.03,44.81,205800,14.94
2010-02-16,43.62,44.96,43.10,44.89,292800,14.96
2010-02-12,42.97,43.58,42.34,43.42,332100,14.47
2010-02-11,42.79,43.34,41.90,43.31,781800,14.44
2010-02-10,42.78,43.14,42.04,42.84,360300,14.28
2010-02-09,42.76,43.13,41.95,43.07,418500,14.36
2010-02-08,43.74,43.74,42.07,42.17,609600,14.06
2010-02-05,44.29,44.59,42.73,43.64,465000,14.55
2010-02-04,45.29,45.39,44.33,44.35,433500,14.78
2010-02-03,45.32,45.74,45.23,45.49,359100,15.16
2010-02-02,45.45,45.71,44.11,45.45,460500,15.15
2010-02-01,45.06,45.58,44.52,45.56,873900,15.19
2010-01-29,44.58,45.31,44.09,45.06,823200,15.02
2010-01-28,45.35,45.35,44.05,44.50,669000,14.83
2010-01-27,45.22,45.80,45.01,45.48,526500,15.16
2010-01-26,45.83,46.18,45.50,45.54,260400,15.18
2010-01-25,45.85,46.10,45.46,45.84,432900,15.28
2010-01-22,46.20,46.50,45.52,45.63,432600,15.21
2010-01-21,46.00,46.60,45.01,46.32,942300,15.44
2010-01-20,46.38,46.90,46.00,46.00,423300,15.33
2010-01-19,46.51,47.10,46.27,46.90,407400,15.63
2010-01-15,46.54,46.75,46.00,46.66,686100,15.55
2010-01-14,46.28,46.99,46.25,46.68,290100,15.56
2010-01-13,46.15,46.90,46.00,46.66,314700,15.55
2010-01-12,46.75,47.17,46.00,46.46,566100,15.49
2010-01-11,47.80,47.88,47.00,47.54,1089300,15.85
2010-01-08,50.26,50.80,47.41,48.50,1661700,16.17
2010-01-07,51.46,51.73,50.61,50.84,330900,16.95
2010-01-06,50.73,51.55,50.47,51.35,352800,17.12
2010-01-05,50.00,50.80,49.88,50.64,360300,16.88
2010-01-04,49.41,50.75,48.00,49.96,528600,16.65
2009-12-31,48.29,49.40,48.01,49.02,812700,16.34
2009-12-30,47.35,48.47,47.20,48.45,322200,16.15
2009-12-29,47.74,48.03,47.45,47.84,195300,15.95
2009-12-28,47.80,47.84,47.04,47.78,192600,15.93
2009-12-24,47.48,47.80,47.15,47.80,73800,15.93
2009-12-23,46.74,47.49,46.34,47.46,245400,15.82
2009-12-22,46.06,46.57,45.78,46.48,211500,15.49
2009-12-21,45.57,46.45,45.49,46.12,237900,15.37
2009-12-18,45.61,45.91,45.03,45.49,600600,15.16
2009-12-17,44.38,45.35,44.12,45.09,586200,15.03
2009-12-16,44.88,44.96,43.94,44.84,813900,14.95
2009-12-15,44.76,45.55,44.34,44.40,530400,14.80
2009-12-14,45.01,45.11,44.75,45.01,392700,15.00
2009-12-11,45.20,45.20,44.61,44.93,223200,14.98
2009-12-10,46.19,46.65,44.83,45.09,163500,15.03
2009-12-09,45.79,46.03,44.89,45.78,155700,15.26
2009-12-08,47.11,47.11,45.93,46.07,220500,15.36
2009-12-07,47.00,47.37,46.03,47.29,259500,15.76
2009-12-04,45.45,47.14,45.04,47.14,479400,15.71
2009-12-03,45.56,45.77,44.54,44.73,219000,14.91
2009-12-02,45.32,46.49,44.86,45.26,438300,15.09
2009-12-01,45.37,46.00,44.92,45.06,364800,15.02
2009-11-30,44.93,44.95,43.81,44.85,714600,14.95
2009-11-27,44.67,45.62,44.28,44.93,209700,14.98
2009-11-25,45.99,46.23,45.50,45.63,278100,15.21
2009-11-24,46.53,46.53,45.64,46.00,173700,15.33
2009-11-23,46.94,47.89,46.21,46.36,484800,15.45
2009-11-20,46.37,46.73,45.86,46.19,326400,15.40
2009-11-19,47.68,47.68,46.55,46.65,384000,15.55
2009-11-18,48.90,49.21,47.83,48.21,271800,16.07
2009-11-17,49.45,49.57,48.65,49.13,163800,16.38
2009-11-16,47.77,49.90,47.76,49.58,392100,16.53
2009-11-13,46.49,47.73,46.27,47.52,288600,15.84
2009-11-12,47.24,47.72,46.23,46.45,377400,15.48
2009-11-11,46.99,48.38,46.68,47.20,454200,15.73
2009-11-10,46.18,47.72,45.10,46.44,942600,15.48
2009-11-09,45.02,46.19,44.65,46.18,628500,15.39
2009-11-06,46.32,46.65,43.83,44.34,711600,14.78
2009-11-05,43.93,47.25,43.93,46.89,666300,15.63
2009-11-04,44.48,44.60,43.61,43.67,933900,14.56
2009-11-03,44.41,45.27,43.66,44.27,1062900,14.76
2009-11-02,45.47,45.53,44.08,44.98,774300,14.99
2009-10-30,46.87,46.87,45.12,45.31,634200,15.10
2009-10-29,46.61,47.73,46.61,47.09,650700,15.70
2009-10-28,48.09,48.39,45.82,46.28,602700,15.43
2009-10-27,49.16,49.83,48.09,48.32,496800,16.11
2009-10-26,49.36,50.66,48.75,48.85,455100,16.28
2009-10-23,50.62,50.89,49.34,49.46,539400,16.49
2009-10-22,50.75,51.21,49.01,50.50,449100,16.83
2009-10-21,50.88,52.69,50.49,50.71,377700,16.90
2009-10-20,52.60,53.44,51.00,51.17,349200,17.06
2009-10-19,52.45,53.41,51.79,52.79,234000,17.60
2009-10-16,52.35,52.59,51.41,52.43,346800,17.48
2009-10-15,52.79,53.12,52.18,52.62,291600,17.54
2009-10-14,52.96,53.25,52.51,53.00,452100,17.67
2009-10-13,52.49,52.80,51.72,52.39,224400,17.46
2009-10-12,52.09,53.50,52.01,52.48,583800,17.49
2009-10-09,51.98,52.25,51.86,52.08,549300,17.36
2009-10-08,52.94,52.95,52.00,52.16,713700,17.39
2009-10-07,52.91,53.34,51.66,52.42,219900,17.47
2009-10-06,52.75,54.25,52.19,52.88,204900,17.63
2009-10-05,51.22,52.73,50.50,52.39,312900,17.46
2009-10-02,51.03,52.12,50.76,51.24,471000,17.08
2009-10-01,54.57,54.79,51.20,51.24,505200,17.08
2009-09-30,54.75,55.19,52.51,55.01,680100,18.34
2009-09-29,54.73,56.47,54.50,54.88,182400,18.29
2009-09-28,54.32,56.15,54.25,54.52,294300,18.17
2009-09-25,55.50,55.50,54.03,54.38,366600,18.13
2009-09-24,56.91,56.99,55.17,55.80,437700,18.60
2009-09-23,55.62,56.91,55.62,56.51,689100,18.84
2009-09-22,54.22,55.97,53.34,55.37,530100,18.46
2009-09-21,51.98,54.18,51.40,54.12,447900,18.04
2009-09-18,51.99,52.75,51.86,52.61,371400,17.54
2009-09-17,51.69,52.41,51.00,51.67,153600,17.22
2009-09-16,50.09,51.71,49.60,51.71,261600,17.24
2009-09-15,49.45,50.26,48.56,49.69,303000,16.56
2009-09-14,49.76,50.24,49.14,49.68,254700,16.56
2009-09-11,49.99,50.58,49.52,49.96,185400,16.65
2009-09-10,49.26,50.07,48.71,50.07,198600,16.69
2009-09-09,48.40,50.03,48.39,49.45,309000,16.48
2009-09-08,48.41,48.88,47.77,48.57,245400,16.19
2009-09-04,47.40,48.36,47.32,48.14,221700,16.05
2009-09-03,46.58,47.68,46.18,47.36,300600,15.79
2009-09-02,46.38,47.05,46.27,46.45,224100,15.48
2009-09-01,46.77,48.75,46.07,46.31,443400,15.44
2009-08-31,48.26,48.67,46.70,47.18,427500,15.73
2009-08-28,50.56,50.84,48.33,48.93,287400,16.31
2009-08-27,50.24,50.57,49.75,50.40,316200,16.80
2009-08-26,49.92,50.40,49.14,50.24,393600,16.75
2009-08-25,51.70,51.70,49.76,50.12,512700,16.71
2009-08-24,50.79,51.81,50.79,51.71,381300,17.24
2009-08-21,49.09,50.59,48.90,50.54,734700,16.85
2009-08-20,48.50,48.83,47.84,48.43,471000,16.14
2009-08-19,48.21,48.73,47.70,48.33,429600,16.11
2009-08-18,48.31,48.88,47.80,48.57,415200,16.19
2009-08-17,48.04,48.60,47.32,48.20,752700,16.07
2009-08-14,51.65,51.65,48.68,49.28,971700,16.43
2009-08-13,47.01,52.05,46.28,51.98,4072200,17.33
2009-08-12,51.46,53.30,50.66,52.51,624600,17.50
2009-08-11,52.07,52.68,50.75,51.57,497700,17.19
2009-08-10,52.78,53.48,52.21,52.37,374400,17.46
2009-08-07,53.20,54.20,52.48,53.27,342300,17.76
2009-08-06,54.20,54.21,52.16,52.16,556500,17.39
2009-08-05,53.20,54.69,52.16,53.53,583200,17.84
2009-08-04,52.00,54.69,51.84,54.13,902100,18.04
2009-08-03,49.12,52.71,48.81,52.54,937500,17.51
2009-07-31,48.36,49.40,48.36,48.90,585900,16.30
2009-07-30,47.49,49.98,46.99,48.48,416700,16.16
2009-07-29,47.84,47.84,46.26,46.85,365100,15.62
2009-07-28,47.28,47.99,47.11,47.86,303000,15.95
2009-07-27,47.60,48.26,47.21,47.74,200100,15.91
2009-07-24,47.26,48.44,47.14,47.73,242400,15.91
2009-07-23,44.87,48.09,44.61,47.87,548400,15.96
2009-07-22,44.22,45.37,44.19,45.12,275100,15.04
2009-07-21,44.77,45.42,44.00,44.55,459300,14.85
2009-07-20,44.20,44.85,43.77,44.47,312600,14.82
2009-07-17,43.80,44.54,43.53,44.11,441000,14.70
2009-07-16,42.97,44.13,42.06,43.68,587700,14.56
2009-07-15,39.94,43.88,39.86,43.32,999000,14.44
2009-07-14,40.45,40.56,39.29,39.94,392400,13.31
2009-07-13,40.10,40.56,38.63,40.32,447600,13.44
2009-07-10,39.29,40.40,39.29,40.10,463500,13.37
2009-07-09,39.60,40.34,39.23,39.64,560400,13.21
2009-07-08,40.53,40.55,38.57,39.34,818700,13.11
2009-07-07,41.67,42.00,40.35,40.48,738600,13.49
2009-07-06,42.74,43.54,41.42,42.08,1011300,14.03
2009-07-02,44.10,44.90,43.65,43.87,350100,14.62
2009-07-01,44.18,45.15,43.66,44.95,490800,14.98
2009-06-30,44.75,45.46,43.69,43.92,314100,14.64
2009-06-29,45.03,45.15,43.67,44.75,300000,14.92
2009-06-26,44.90,45.55,44.44,44.66,925500,14.89
2009-06-25,43.81,45.39,43.81,45.30,293100,15.10
2009-06-24,44.09,45.22,43.93,44.02,218100,14.67
2009-06-23,43.64,44.05,43.40,43.74,340800,14.58
2009-06-22,45.74,45.80,43.01,43.47,573300,14.49
2009-06-19,46.40,46.80,45.74,45.83,589500,15.28
2009-06-18,46.12,46.47,45.45,46.11,696000,15.37
2009-06-17,46.22,46.90,45.60,46.32,402300,15.44
2009-06-16,48.07,48.18,45.98,46.43,584400,15.48
2009-06-15,48.06,48.43,46.84,48.03,600000,16.01
2009-06-12,49.25,49.28,47.86,49.11,360900,16.37
2009-06-11,47.90,50.24,47.90,49.53,513900,16.51
2009-06-10,49.79,49.89,48.11,49.06,536700,16.35
2009-06-09,48.71,49.85,48.50,49.28,421200,16.43
2009-06-08,47.50,49.36,46.74,48.54,589500,16.18
2009-06-05,49.95,50.00,47.60,48.12,958200,16.04
2009-06-04,49.89,49.89,49.00,49.56,740100,16.52
2009-06-03,48.09,49.90,47.27,49.75,620700,16.58
2009-06-02,47.44,49.00,46.57,48.74,593700,16.25
2009-06-01,45.02,47.72,45.02,47.53,597300,15.84
2009-05-29,45.28,45.39,44.00,44.83,515700,14.94
2009-05-28,44.44,45.49,43.07,45.00,582600,15.00
2009-05-27,45.96,46.79,43.98,44.38,550200,14.79
2009-05-26,44.27,46.77,44.27,45.73,577800,15.24
2009-05-22,43.88,45.55,43.60,44.18,689100,14.73
2009-05-21,44.16,45.06,42.52,43.48,786600,14.49
2009-05-20,46.75,46.99,44.47,44.59,566100,14.86
2009-05-19,46.50,46.87,45.90,46.24,646200,15.41
2009-05-18,45.96,47.00,45.50,46.83,1040100,15.61
2009-05-15,47.96,48.84,44.18,45.50,4030200,15.17
2009-05-14,42.64,44.25,42.28,42.59,824100,14.20
2009-05-13,43.85,44.21,42.90,43.20,763500,14.40
2009-05-12,45.40,45.99,44.18,44.80,422700,14.93
2009-05-11,45.45,46.20,44.69,45.24,391800,15.08
2009-05-08,44.45,45.87,43.25,45.71,603000,15.24
2009-05-07,44.01,45.95,43.45,43.61,552600,14.54
2009-05-06,46.28,46.46,44.55,45.31,571800,15.10
2009-05-05,46.32,46.81,45.14,45.90,570000,15.30
2009-05-04,46.20,46.94,45.67,46.82,841800,15.61
2009-05-01,43.87,46.27,43.87,45.60,557700,15.20
2009-04-30,45.00,46.21,43.75,43.77,956400,14.59
2009-04-29,45.00,45.16,44.51,45.00,1197300,15.00
2009-04-28,42.51,45.49,42.51,44.65,980400,14.88
2009-04-27,42.52,44.43,42.18,43.81,1070400,14.60
2009-04-24,41.99,44.61,41.61,44.16,1469400,14.72
2009-04-23,39.75,42.58,39.35,41.54,1183200,13.85
2009-04-22,38.59,41.36,38.13,39.83,1088700,13.28
2009-04-21,37.36,39.48,37.36,39.11,1178400,13.04
2009-04-20,39.46,40.01,37.30,38.06,612600,12.69
2009-04-17,39.87,40.84,39.56,40.54,653700,13.51
2009-04-16,38.99,39.99,38.45,39.73,687900,13.24
2009-04-15,36.63,38.69,36.50,38.56,838500,12.85
2009-04-14,38.82,38.95,36.60,36.79,771300,12.26
2009-04-13,37.97,39.72,37.09,38.95,944100,12.98
2009-04-09,35.93,38.46,35.52,38.34,1029000,12.78
2009-04-08,33.91,35.33,33.52,35.30,751200,11.77
2009-04-07,33.77,34.55,33.06,33.75,590100,11.25
2009-04-06,34.50,34.60,33.23,34.17,705600,11.39
2009-04-03,35.71,35.94,34.22,34.78,819900,11.59
2009-04-02,34.70,36.64,34.01,35.65,1053000,11.88
2009-04-01,32.76,34.41,32.01,33.82,507300,11.27
2009-03-31,32.82,34.32,32.31,32.43,664500,10.81
2009-03-30,34.16,34.32,31.38,32.30,876600,10.77
2009-03-27,34.50,35.47,33.50,34.41,705600,11.47
2009-03-26,32.91,35.16,32.69,35.01,912300,11.67
2009-03-25,32.39,34.36,31.50,32.69,1139700,10.90
2009-03-24,30.67,32.75,30.27,32.28,754200,10.76
2009-03-23,29.27,31.05,29.00,31.05,590700,10.35
2009-03-20,29.14,29.26,28.29,28.61,899400,9.54
2009-03-19,28.22,29.48,27.93,28.85,582000,9.62
2009-03-18,27.20,28.46,26.54,27.83,804900,9.28
2009-03-17,26.76,27.16,26.15,27.16,851700,9.05
2009-03-16,27.25,27.75,26.73,26.86,1047000,8.95
2009-03-13,26.72,27.25,26.00,26.90,684900,8.97
2009-03-12,24.93,26.45,24.22,26.29,1050000,8.76
2009-03-11,25.00,26.00,24.79,24.98,627000,8.33
2009-03-10,23.43,25.08,23.04,24.90,853500,8.30
2009-03-09,23.52,24.12,22.63,22.79,890400,7.60
2009-03-06,23.57,24.97,23.50,23.96,1512300,7.99
2009-03-05,24.30,25.85,22.54,23.36,3553800,7.79
2009-03-04,21.22,21.80,21.00,21.47,672000,7.16
2009-03-03,21.00,21.60,20.45,20.95,1623900,6.98
2009-03-02,21.28,21.32,20.66,20.76,814500,6.92
2009-02-27,21.19,22.44,20.59,21.75,1042200,7.25
2009-02-26,21.92,22.43,21.20,21.21,322500,7.07
2009-02-25,21.96,22.56,21.57,21.61,817200,7.20
2009-02-24,21.72,22.51,21.22,22.23,999900,7.41
2009-02-23,23.04,23.14,21.25,21.51,718800,7.17
2009-02-20,23.07,23.86,22.50,22.91,810900,7.64
2009-02-19,22.77,23.89,22.57,23.45,571800,7.82
2009-02-18,22.57,22.85,21.78,22.56,349200,7.52
2009-02-17,23.08,23.44,22.05,22.45,648300,7.48
2009-02-13,23.42,24.52,23.42,23.79,481500,7.93
2009-02-12,23.48,24.07,22.92,23.95,396600,7.98
2009-02-11,23.87,24.62,23.69,24.20,194100,8.07
2009-02-10,25.13,26.35,23.80,23.89,335400,7.96
2009-02-09,25.02,25.51,24.66,25.37,370200,8.46
2009-02-06,23.40,25.22,23.40,25.03,573300,8.34
2009-02-05,22.44,23.50,22.24,23.43,414600,7.81
2009-02-04,22.30,23.18,22.30,22.72,311100,7.57
2009-02-03,22.54,22.73,21.75,22.41,370200,7.47
2009-02-02,23.05,23.06,21.75,22.42,560100,7.47
2009-01-30,24.01,24.29,23.07,23.16,340500,7.72
2009-01-29,24.12,24.49,23.81,23.83,664500,7.94
2009-01-28,23.37,24.66,23.00,24.49,435000,8.16
2009-01-27,23.00,23.90,22.76,22.97,287700,7.66
2009-01-26,22.25,23.44,22.03,22.96,539700,7.65
2009-01-23,22.30,22.66,22.03,22.22,536700,7.41
2009-01-22,23.18,23.20,22.05,22.84,725100,7.61
2009-01-21,23.03,23.85,22.32,23.81,533400,7.94
2009-01-20,24.35,24.35,22.50,22.64,472200,7.55
2009-01-16,24.92,25.77,23.66,24.77,535800,8.26
2009-01-15,24.05,24.73,23.03,24.61,649500,8.20
2009-01-14,24.94,25.28,23.98,24.00,681600,8.00
2009-01-13,25.48,25.66,24.95,25.32,575400,8.44
2009-01-12,26.37,26.50,25.43,25.67,542100,8.56
2009-01-09,28.51,28.51,26.49,26.65,700200,8.88
2009-01-08,28.45,29.58,28.00,28.39,516300,9.46
2009-01-07,28.72,29.61,28.66,28.85,525300,9.62
2009-01-06,29.80,29.80,29.00,29.30,653700,9.77
2009-01-05,28.82,29.90,28.30,29.42,777600,9.81
2009-01-02,27.37,29.08,27.05,28.61,683400,9.54
2008-12-31,28.23,28.97,27.26,27.27,940800,9.09
2008-12-30,27.84,29.00,27.28,28.22,722700,9.41
2008-12-29,27.94,30.40,27.30,27.51,733500,9.17
2008-12-26,28.45,28.79,27.25,27.91,292200,9.30
2008-12-24,29.30,29.69,28.25,28.39,159600,9.46
2008-12-23,29.55,30.53,29.06,29.37,384000,9.79
2008-12-22,30.65,30.99,28.22,29.55,479400,9.85
2008-12-19,31.83,31.95,30.33,30.86,598200,10.29
2008-12-18,30.67,31.85,30.04,30.49,353100,10.16
2008-12-17,29.41,31.49,29.41,30.59,611100,10.20
2008-12-16,27.74,29.99,27.40,29.88,411900,9.96
2008-12-15,29.38,30.38,26.93,27.38,410400,9.13
2008-12-12,27.43,29.12,27.13,29.07,457800,9.69
2008-12-11,30.13,30.20,27.70,28.49,582600,9.50
2008-12-10,29.30,30.88,29.30,30.45,617700,10.15
2008-12-09,29.63,31.43,28.54,28.87,324900,9.62
2008-12-08,28.49,30.47,28.49,30.06,567600,10.02
2008-12-05,26.81,27.99,25.25,27.96,484800,9.32
2008-12-04,27.44,28.73,26.86,27.47,330600,9.16
2008-12-03,27.08,28.50,26.50,27.68,502200,9.23
2008-12-02,27.04,28.24,26.54,27.77,413700,9.26
2008-12-01,31.18,32.14,26.24,26.51,676200,8.84
2008-11-28,31.10,32.40,29.91,32.37,277200,10.79
2008-11-26,27.85,31.51,27.09,31.47,585000,10.49
2008-11-25,28.22,29.96,26.67,28.59,437400,9.53
2008-11-24,25.03,29.77,24.80,27.96,1033800,9.32
2008-11-21,26.82,27.00,22.57,24.80,1738200,8.27
2008-11-20,28.29,28.85,25.13,25.26,832500,8.42
2008-11-19,32.32,32.84,28.30,28.56,870900,9.52
2008-11-18,31.94,32.88,31.27,32.29,895800,10.76
2008-11-17,31.81,33.86,31.81,31.92,556200,10.64
2008-11-14,32.01,34.44,30.38,32.17,622500,10.72
2008-11-13,30.73,33.22,29.76,32.89,1157400,10.96
2008-11-12,34.15,34.93,30.20,30.51,1561800,10.17
2008-11-11,35.45,36.28,34.05,34.15,543600,11.38
2008-11-10,35.42,38.02,35.04,36.03,779100,12.01
2008-11-07,34.73,38.82,33.06,34.67,1272900,11.56
2008-11-06,37.13,38.20,34.67,34.95,600900,11.65
2008-11-05,40.99,41.19,36.34,36.95,676200,12.32
2008-11-04,41.17,41.95,39.88,40.87,271500,13.62
2008-11-03,40.40,41.45,39.60,40.40,357600,13.47
2008-10-31,38.05,40.77,37.00,40.39,610200,13.46
2008-10-30,36.25,38.64,35.95,37.82,476100,12.61
2008-10-29,33.64,36.53,32.62,35.19,584700,11.73
2008-10-28,31.99,33.92,31.20,33.79,593700,11.26
2008-10-27,32.71,33.54,31.23,31.40,358200,10.47
2008-10-24,30.98,33.12,30.50,32.42,588000,10.81
2008-10-23,34.34,36.36,33.00,34.11,609000,11.37
2008-10-22,37.04,37.31,33.08,34.16,624600,11.39
2008-10-21,40.04,40.48,37.98,37.99,220800,12.66
2008-10-20,39.16,40.75,39.14,40.68,346800,13.56
2008-10-17,36.70,39.38,36.12,38.82,960000,12.94
2008-10-16,40.25,41.21,35.00,37.86,1569600,12.62
2008-10-15,43.50,43.51,36.41,39.75,1534200,13.25
2008-10-14,50.00,51.52,42.11,44.17,732000,14.72
2008-10-13,45.07,48.25,45.07,48.22,480000,16.07
2008-10-10,40.29,45.00,38.72,44.10,1584900,14.70
2008-10-09,43.01,44.71,41.66,41.66,719100,13.89
2008-10-08,42.48,46.19,41.82,43.43,1202100,14.48
2008-10-07,43.80,44.40,42.87,43.77,1447200,14.59
2008-10-06,45.15,45.27,42.50,44.97,1279800,14.99
2008-10-03,52.74,53.40,45.59,46.69,886200,15.56
2008-10-02,53.48,53.94,51.79,52.07,1069200,17.36
2008-10-01,53.92,54.51,53.40,53.65,389400,17.88
2008-09-30,54.96,54.99,53.73,54.31,672600,18.10
2008-09-29,55.43,55.78,52.90,53.52,1286100,17.84
2008-09-26,59.87,59.87,55.21,55.99,678000,18.66
2008-09-25,59.08,60.39,58.69,58.89,505800,19.63
2008-09-24,58.00,59.97,57.67,58.79,663000,19.60
2008-09-23,61.06,62.08,58.00,58.00,787200,19.33
2008-09-22,62.97,64.19,61.81,63.60,1133100,21.20
2008-09-19,65.19,65.99,63.00,63.96,1975200,21.32
2008-09-18,59.85,62.77,58.07,61.50,2424300,20.50
2008-09-17,58.06,59.25,57.52,58.69,1098900,19.56
2008-09-16,55.36,59.42,54.57,58.98,1087500,19.66
2008-09-15,53.61,56.04,53.16,54.88,662700,18.29
2008-09-12,54.90,56.25,54.54,55.89,339600,18.63
2008-09-11,53.34,55.51,50.59,55.51,633600,18.50
2008-09-10,52.89,54.44,52.22,53.94,476100,17.98
2008-09-09,53.44,54.19,51.53,52.61,571500,17.54
2008-09-08,54.26,54.70,51.91,53.22,344400,17.74
2008-09-05,53.18,53.86,51.79,52.75,434400,17.58
2008-09-04,54.29,54.99,53.22,53.68,577200,17.89
2008-09-03,53.88,55.23,53.88,54.66,632700,18.22
2008-09-02,54.27,54.79,53.23,53.87,538800,17.96
2008-08-29,54.36,54.36,53.00,53.36,423900,17.79
2008-08-28,53.43,54.81,53.43,54.38,353700,18.13
2008-08-27,52.41,54.35,52.25,53.78,652500,17.93
2008-08-26,52.79,52.98,50.99,52.53,564000,17.51
2008-08-25,54.78,54.96,52.25,52.72,385200,17.57
2008-08-22,53.75,55.04,53.32,54.75,387900,18.25
2008-08-21,53.25,53.60,52.50,53.42,317400,17.81
2008-08-20,54.73,55.62,53.30,53.63,456600,17.88
2008-08-19,55.19,56.99,54.25,54.52,588300,18.17
2008-08-18,56.65,57.15,55.04,55.82,431400,18.61
2008-08-15,56.37,57.92,55.61,56.43,774000,18.81
2008-08-14,53.31,55.74,53.24,54.99,777300,18.33
2008-08-13,53.64,54.61,52.34,53.41,808800,17.80
2008-08-12,55.72,55.97,52.66,53.07,1749900,17.69
2008-08-11,56.22,58.81,55.28,57.60,1729800,19.20
2008-08-08,57.96,58.25,54.25,54.70,3197100,18.23
2008-08-07,49.75,50.93,48.92,50.08,737400,16.69
2008-08-06,47.99,50.73,47.99,50.10,1782900,16.70
2008-08-05,46.97,48.20,46.03,48.19,627600,16.06
2008-08-04,46.29,47.09,45.34,45.85,540900,15.28
2008-08-01,47.07,47.88,45.98,46.21,1038900,15.40
2008-07-31,47.76,48.31,46.79,46.80,934800,15.60
2008-07-30,48.73,49.37,47.88,48.24,984600,16.08
2008-07-29,47.81,48.72,47.77,48.44,780900,16.15
2008-07-28,49.04,49.90,47.81,47.84,360900,15.95
2008-07-25,48.82,49.69,47.44,48.55,322800,16.18
2008-07-24,50.00,50.00,47.61,47.88,617700,15.96
2008-07-23,47.90,52.21,47.58,49.99,1080600,16.66
2008-07-22,44.87,47.68,44.36,47.56,386700,15.85
2008-07-21,45.52,45.66,44.51,45.19,470100,15.06
2008-07-18,43.86,45.42,43.50,44.92,643500,14.97
2008-07-17,41.98,44.14,41.09,43.86,768300,14.62
2008-07-16,40.30,42.44,39.67,42.43,422100,14.14
2008-07-15,40.31,40.44,38.93,40.05,497400,13.35
2008-07-14,42.08,42.50,40.36,40.69,447000,13.56
2008-07-11,40.79,41.84,40.01,41.78,497400,13.93
2008-07-10,40.00,41.63,39.56,41.23,479100,13.74
2008-07-09,41.66,41.73,39.89,39.90,825600,13.30
2008-07-08,41.66,41.88,40.34,41.65,942000,13.88
2008-07-07,42.68,43.00,40.82,41.43,538500,13.81
2008-07-03,42.52,42.80,41.61,42.13,283500,14.04
2008-07-02,44.06,44.29,42.38,42.53,647400,14.18
2008-07-01,43.06,44.47,41.81,44.03,1536600,14.68
2008-06-30,44.12,44.78,43.19,43.91,846600,14.64
2008-06-27,45.11,45.26,44.50,44.52,1464000,14.84
2008-06-26,45.90,45.96,44.67,45.10,773700,15.03
2008-06-25,45.16,46.31,45.16,46.01,681600,15.34
2008-06-24,45.11,46.07,44.51,44.95,1075800,14.98
2008-06-23,46.65,46.65,45.40,45.69,463800,15.23
2008-06-20,46.79,47.04,45.76,46.62,1490100,15.54
2008-06-19,45.00,47.25,44.70,47.05,1905300,15.68
2008-06-18,47.50,47.50,44.90,45.05,1427700,15.02
2008-06-17,48.02,48.42,47.25,47.51,759600,15.84
2008-06-16,48.34,48.74,47.17,48.00,436500,16.00
2008-06-13,48.54,49.01,47.50,48.25,833700,16.08
2008-06-12,47.83,49.23,47.73,47.85,1151400,15.95
2008-06-11,48.18,50.19,47.65,47.71,735600,15.90
2008-06-10,48.88,49.77,47.55,48.44,1824600,16.15
2008-06-09,51.43,52.38,48.50,49.44,1376400,16.48
2008-06-06,53.35,53.53,50.73,50.88,1586700,16.96
2008-06-05,54.51,55.05,53.41,53.87,632400,17.96
2008-06-04,54.75,55.44,54.13,54.47,480000,18.16
2008-06-03,56.09,56.62,55.00,55.00,452400,18.33
2008-06-02,57.14,57.18,55.45,55.75,572700,18.58
2008-05-30,57.33,57.60,56.35,57.09,599100,19.03
2008-05-29,57.57,58.71,57.00,57.37,387600,19.12
2008-05-28,57.64,57.85,57.04,57.82,331500,19.27
2008-05-27,57.19,57.81,56.76,57.30,616200,19.10
2008-05-23,56.88,57.15,56.06,56.54,408600,18.85
2008-05-22,57.31,57.96,56.35,56.98,437100,18.99
2008-05-21,57.79,58.55,55.88,56.15,714000,18.72
2008-05-20,56.81,57.80,56.27,57.41,663900,19.14
2008-05-19,56.75,57.10,55.64,55.88,580800,18.63
2008-05-16,57.20,57.20,56.02,56.68,425100,18.89
2008-05-15,56.92,57.75,56.17,56.91,510300,18.97
2008-05-14,56.94,57.79,56.73,57.04,643200,19.01
2008-05-13,56.49,57.80,55.92,57.35,807000,19.12
2008-05-12,55.84,56.50,54.75,56.37,776700,18.79
2008-05-09,56.92,56.95,52.07,55.66,2739000,18.55
2008-05-08,58.65,60.50,52.12,54.21,8028000,18.07
2008-05-07,63.52,63.52,61.82,62.60,728400,20.87
2008-05-06,62.60,63.87,62.05,63.22,507300,21.07
2008-05-05,62.69,63.29,62.03,63.01,451200,21.00
2008-05-02,63.86,64.26,61.27,61.68,1559700,20.56
2008-05-01,62.21,63.72,61.25,63.70,855600,21.23
2008-04-30,63.20,64.40,62.56,62.75,261900,20.92
2008-04-29,63.18,64.30,62.75,63.13,326700,21.04
2008-04-28,63.66,64.10,60.00,62.99,406500,21.00
2008-04-25,63.83,64.66,63.52,63.87,533100,21.29
2008-04-24,64.00,64.59,62.54,63.68,451800,21.23
2008-04-23,63.41,64.56,62.75,64.03,397800,21.34
2008-04-22,63.83,64.06,62.02,63.15,646500,21.05
2008-04-21,62.41,64.64,62.21,64.44,560400,21.48
2008-04-18,63.74,64.68,62.45,62.80,402000,20.93
2008-04-17,60.10,62.65,60.08,62.51,596700,20.84
2008-04-16,62.24,62.24,60.57,61.45,956100,20.48
2008-04-15,62.06,62.88,61.58,61.90,507300,20.63
2008-04-14,62.60,63.07,61.87,61.96,536700,20.65
2008-04-11,64.86,65.69,62.33,62.49,1368900,20.83
2008-04-10,66.72,66.99,65.54,65.71,303600,21.90
2008-04-09,66.65,67.62,66.21,66.83,387900,22.28
2008-04-08,65.87,67.28,64.50,66.73,134400,22.24
2008-04-07,67.43,67.97,66.12,66.54,203400,22.18
2008-04-04,67.98,68.40,66.15,67.23,450900,22.41
2008-04-03,64.55,66.98,64.55,66.65,371100,22.22
2008-04-02,63.75,65.73,63.26,65.43,508200,21.81
2008-04-01,63.75,64.75,62.15,64.26,461700,21.42
2008-03-31,63.45,63.75,62.14,62.39,554700,20.80
2008-03-28,64.78,64.78,61.36,62.51,865500,20.84
2008-03-27,64.02,64.81,63.99,64.20,511800,21.40
2008-03-26,62.42,64.80,61.62,64.78,1050300,21.59
2008-03-25,63.76,64.00,62.30,62.90,409500,20.97
2008-03-24,61.70,63.98,60.55,63.18,663000,21.06
2008-03-20,61.27,62.29,60.77,61.21,971400,20.40
2008-03-19,59.99,62.49,59.99,60.65,758400,20.22
2008-03-18,59.34,60.59,58.76,59.92,733200,19.97
2008-03-17,58.83,59.55,57.91,57.91,633300,19.30
2008-03-14,61.57,61.57,59.08,59.82,417900,19.94
2008-03-13,60.00,61.41,59.59,61.16,687300,20.39
2008-03-12,61.78,62.48,60.61,60.65,466500,20.22
2008-03-11,61.25,61.63,59.27,61.44,677100,20.48
2008-03-10,61.59,61.60,59.62,59.76,510600,19.92
2008-03-07,62.02,63.03,61.08,61.59,386400,20.53
2008-03-06,64.49,64.71,62.35,62.61,880500,20.87
2008-03-05,66.43,66.68,64.53,64.87,704100,21.62
2008-03-04,66.70,67.33,65.93,66.40,783300,22.13
2008-03-03,67.78,69.73,66.93,67.79,1110900,22.60
2008-02-29,66.82,69.48,66.68,68.00,1301100,22.67
2008-02-28,70.00,71.17,66.50,67.50,3191400,22.50
2008-02-27,62.14,64.20,61.50,64.00,1137000,21.33
2008-02-26,59.58,62.25,58.92,62.08,846300,20.69
2008-02-25,59.83,60.89,59.19,60.10,457200,20.03
2008-02-22,59.90,59.99,58.12,59.70,354000,19.90
2008-02-21,61.06,62.13,59.45,59.69,522000,19.90
2008-02-20,58.54,60.70,58.23,60.51,350100,20.17
2008-02-19,59.00,60.00,58.05,58.83,509400,19.61
2008-02-15,58.44,58.84,57.50,58.23,421200,19.41
2008-02-14,60.38,60.53,58.64,58.88,308100,19.63
2008-02-13,58.89,60.57,58.89,60.00,285300,20.00
2008-02-12,58.38,58.75,58.01,58.20,402600,19.40
2008-02-11,58.00,58.57,57.45,57.96,363000,19.32
2008-02-08,58.58,59.18,57.22,57.72,530400,19.24
2008-02-07,58.02,59.72,57.00,58.60,805500,19.53
2008-02-06,60.10,60.57,58.09,58.23,938400,19.41
2008-02-05,64.87,65.11,60.60,60.60,2056200,20.20
2008-02-04,64.26,65.54,63.11,64.91,1218300,21.64
2008-02-01,60.13,64.70,59.61,64.31,1496100,21.44
2008-01-31,56.90,60.47,56.82,59.61,2757000,19.87
2008-01-30,55.43,59.00,54.92,57.08,1368000,19.03
2008-01-29,54.31,55.82,54.20,55.61,882900,18.54
2008-01-28,53.60,53.98,52.68,53.76,597300,17.92
2008-01-25,54.10,56.83,53.31,53.90,1261200,17.97
2008-01-24,54.38,58.53,53.97,54.35,2258700,18.12
2008-01-23,53.97,55.63,52.00,54.35,2023200,18.12
2008-01-22,55.75,56.42,52.22,54.83,1941300,18.28
2008-01-18,58.78,60.24,56.50,56.70,1052700,18.90
2008-01-17,60.15,61.25,58.59,58.68,1014000,19.56
2008-01-16,62.10,62.45,58.26,60.48,1276800,20.16
2008-01-15,62.74,63.43,62.00,62.52,899100,20.84
2008-01-14,63.94,64.71,62.79,63.50,1930200,21.17
2008-01-11,67.85,68.65,63.93,64.29,424800,21.43
2008-01-10,67.50,69.70,66.20,68.52,693600,22.84
2008-01-09,68.09,68.65,65.50,67.79,580500,22.60
2008-01-08,69.97,70.42,68.07,68.21,678900,22.74
2008-01-07,70.75,70.97,68.51,69.50,729900,23.17
2008-01-04,75.39,75.60,70.01,70.27,1036200,23.42
2008-01-03,76.22,78.21,75.57,75.96,944400,25.32
2008-01-02,76.81,78.94,75.35,75.91,797700,25.30
2007-12-31,76.60,77.64,76.08,76.62,545100,25.54
2007-12-28,75.47,76.90,75.13,76.69,380400,25.56
2007-12-27,76.59,76.83,75.00,75.05,493800,25.02
2007-12-26,74.94,77.82,74.93,77.06,450900,25.69
2007-12-24,75.73,75.92,74.11,75.75,104400,25.25
2007-12-21,74.09,75.98,74.09,75.58,702300,25.19
2007-12-20,72.11,73.63,71.17,73.63,350700,24.54
2007-12-19,71.74,72.35,70.19,71.30,204000,23.77
2007-12-18,70.27,71.83,68.80,71.83,534900,23.94
2007-12-17,70.27,70.98,69.33,69.33,746100,23.11
2007-12-14,70.53,71.56,70.25,70.85,709800,23.62
2007-12-13,70.75,71.55,70.00,71.38,225900,23.79
2007-12-12,72.46,72.46,70.20,71.05,522300,23.68
2007-12-11,72.20,73.45,70.25,70.80,704700,23.60
2007-12-10,72.64,72.64,71.38,71.92,729900,23.97
2007-12-07,72.47,72.85,71.46,72.13,344100,24.04
2007-12-06,72.19,72.22,71.23,72.12,617400,24.04
2007-12-05,73.44,73.44,71.56,72.08,456000,24.03
2007-12-04,73.50,73.50,72.15,72.19,431400,24.06
2007-12-03,75.70,75.70,73.18,73.61,590100,24.54
2007-11-30,77.80,77.80,75.63,75.89,382500,25.30
2007-11-29,77.17,77.76,76.29,76.93,273600,25.64
2007-11-28,76.80,78.42,75.44,77.20,458400,25.73
2007-11-27,76.16,77.00,75.00,75.79,410700,25.26
2007-11-26,75.91,77.00,73.97,75.86,660300,25.29
2007-11-23,75.51,76.90,74.82,75.04,447900,25.01
2007-11-21,75.20,76.92,73.53,75.51,442800,25.17
2007-11-20,73.94,77.93,73.94,75.49,1170900,25.16
2007-11-19,71.49,74.62,70.82,74.05,749400,24.68
2007-11-16,73.75,73.75,70.97,72.52,508200,24.17
2007-11-15,72.58,73.82,72.50,73.46,543000,24.49
2007-11-14,73.00,73.46,71.92,72.65,386700,24.22
2007-11-13,70.00,73.12,69.46,72.69,825900,24.23
2007-11-12,67.95,69.34,66.91,68.85,1007100,22.95
2007-11-09,63.70,71.15,63.00,67.75,4575900,22.58
2007-11-08,58.06,60.45,58.00,59.69,1062300,19.90
2007-11-07,61.38,61.50,59.26,59.41,1199400,19.80
2007-11-06,61.75,62.30,59.30,61.38,716100,20.46
2007-11-05,61.75,63.00,60.43,61.67,411300,20.56
2007-11-02,62.83,62.91,60.78,61.89,474300,20.63
2007-11-01,64.02,64.12,61.34,61.65,602100,20.55
2007-10-31,65.28,65.33,64.27,65.17,403200,21.72
2007-10-30,65.06,65.74,65.00,65.33,196500,21.78
2007-10-29,65.34,65.54,64.85,65.48,166800,21.83
2007-10-26,65.30,65.30,63.62,65.04,264600,21.68
2007-10-25,65.41,65.47,63.55,64.81,238800,21.60
2007-10-24,64.52,65.45,64.27,65.31,229800,21.77
2007-10-23,62.67,66.07,62.67,65.26,192300,21.75
2007-10-22,64.49,65.70,63.50,65.49,287100,21.83
2007-10-19,66.94,67.50,64.31,64.49,444900,21.50
2007-10-18,66.50,67.13,66.22,67.06,148500,22.35
2007-10-17,66.71,67.91,66.33,67.04,463200,22.35
2007-10-16,65.76,66.45,65.30,66.04,298500,22.01
2007-10-15,64.20,65.94,64.05,65.81,472800,21.94
2007-10-12,64.70,65.18,62.90,64.55,258600,21.52
2007-10-11,66.45,66.45,64.01,64.69,450900,21.56
2007-10-10,66.40,66.48,64.82,65.98,202500,21.99
2007-10-09,67.39,67.50,66.36,66.67,237900,22.22
2007-10-08,67.50,67.51,66.32,67.07,281100,22.36
2007-10-05,67.33,67.69,66.53,67.50,210600,22.50
2007-10-04,67.51,67.75,65.90,66.60,369600,22.20
2007-10-03,65.99,67.28,65.69,67.00,304800,22.33
2007-10-02,66.47,67.29,65.40,66.06,303300,22.02
2007-10-01,64.51,66.41,64.51,66.26,470400,22.09
2007-09-28,65.28,65.86,64.00,64.54,415500,21.51
2007-09-27,66.25,66.31,65.19,65.59,361800,21.86
2007-09-26,64.58,66.41,64.22,65.78,462300,21.93
2007-09-25,64.50,65.12,63.25,64.02,564600,21.34
2007-09-24,64.62,66.89,64.60,64.91,473700,21.64
2007-09-21,66.31,66.43,64.60,64.80,598200,21.60
2007-09-20,66.47,66.63,64.38,65.65,438000,21.88
2007-09-19,67.85,67.98,65.27,66.86,597600,22.29
2007-09-18,64.72,67.78,63.23,67.70,454500,22.57
2007-09-17,65.59,65.59,63.53,64.24,758400,21.41
2007-09-14,66.38,66.45,65.42,65.78,500700,21.93
2007-09-13,67.90,68.43,65.75,66.64,559500,22.21
2007-09-12,68.95,69.44,66.71,67.13,537600,22.38
2007-09-11,67.55,68.96,66.01,68.76,687300,22.92
2007-09-10,68.31,68.95,65.72,66.96,297000,22.32
2007-09-07,69.50,69.52,67.08,68.06,539100,22.69
2007-09-06,70.51,70.57,69.66,70.49,357900,23.50
2007-09-05,71.20,72.26,70.36,70.37,550200,23.46
2007-09-04,72.93,73.51,70.92,71.80,588600,23.93
2007-08-31,74.00,74.56,73.08,73.54,195900,24.51
2007-08-30,71.89,74.00,71.50,72.84,372300,24.28
2007-08-29,69.68,72.84,68.60,72.84,351900,24.28
2007-08-28,71.23,71.39,69.00,69.01,320400,23.00
2007-08-27,72.90,72.90,71.50,71.79,435900,23.93
2007-08-24,72.00,73.02,71.69,72.84,337500,24.28
2007-08-23,72.45,73.80,71.05,71.82,185100,23.94
2007-08-22,72.34,73.18,71.56,72.69,310500,24.23
2007-08-21,72.05,72.87,71.18,71.50,459300,23.83
2007-08-20,73.25,73.49,71.04,72.05,483000,24.02
2007-08-17,72.50,73.48,69.36,72.36,801000,24.12
2007-08-16,65.54,70.32,63.23,69.65,846000,23.22
2007-08-15,66.61,68.42,65.90,65.94,603900,21.98
2007-08-14,71.01,71.31,66.66,66.73,510600,22.24
2007-08-13,73.00,74.41,70.56,70.99,701100,23.66
2007-08-10,70.00,74.00,69.53,71.44,1217700,23.81
2007-08-09,69.07,78.71,65.40,74.99,1661100,25.00
2007-08-08,67.51,74.33,67.51,71.19,2251500,23.73
2007-08-07,66.22,69.42,65.45,67.31,1639800,22.44
2007-08-06,64.06,67.63,62.56,65.64,1495200,21.88
2007-08-03,65.12,65.91,62.07,62.54,614400,20.85
2007-08-02,65.99,66.00,63.65,65.67,842700,21.89
2007-08-01,61.83,62.76,59.81,61.77,570600,20.59
2007-07-31,61.88,64.25,61.10,62.01,596100,20.67
2007-07-30,59.00,61.68,58.00,61.09,452100,20.36
2007-07-27,60.14,60.14,58.55,58.69,366000,19.56
2007-07-26,60.00,60.41,58.36,59.56,324300,19.85
2007-07-25,62.86,62.86,59.25,60.61,341100,20.20
2007-07-24,62.00,62.71,61.42,61.88,399300,20.63
2007-07-23,62.67,63.31,62.20,62.48,212400,20.83
2007-07-20,63.33,63.61,61.99,62.30,359100,20.77
2007-07-19,63.90,64.70,62.79,63.47,268200,21.16
2007-07-18,63.00,63.98,62.45,63.34,342600,21.11
2007-07-17,63.18,63.45,62.65,63.25,306000,21.08
2007-07-16,62.52,63.24,62.45,62.79,367800,20.93
2007-07-13,63.53,63.89,62.14,62.34,503400,20.78
2007-07-12,61.70,63.15,61.40,63.10,194400,21.03
2007-07-11,61.48,61.83,61.05,61.22,273900,20.41
2007-07-10,63.03,63.37,61.00,61.27,304200,20.42
2007-07-09,62.41,62.93,61.91,62.93,261900,20.98
2007-07-06,61.61,62.34,61.33,61.61,189600,20.54
2007-07-05,62.33,62.33,60.52,61.40,289800,20.47
2007-07-03,61.35,61.35,60.56,61.07,149100,20.36
2007-07-02,60.93,61.67,59.88,61.18,392400,20.39
2007-06-29,60.75,61.28,59.82,59.82,540300,19.94
2007-06-28,59.60,60.50,58.50,60.27,602400,20.09
2007-06-27,57.03,59.45,57.02,59.29,589200,19.76
2007-06-26,59.56,60.11,57.30,57.40,642300,19.13
2007-06-25,60.89,60.89,58.84,59.31,471900,19.77
2007-06-22,62.07,62.07,60.51,60.87,467100,20.29
2007-06-21,61.04,61.96,60.51,61.44,302100,20.48
2007-06-20,64.25,64.45,61.20,61.20,399300,20.40
2007-06-19,61.18,63.25,60.80,63.20,469800,21.07
2007-06-18,62.03,62.96,60.85,61.09,497400,20.36
2007-06-15,121.50,125.80,121.46,125.18,1001400,20.86
2007-06-14,120.19,121.00,119.90,120.25,591600,20.04
2007-06-13,120.91,121.20,119.18,120.95,566400,20.16
2007-06-12,121.94,122.69,119.54,120.60,575400,20.10
2007-06-11,122.07,123.70,120.79,122.69,445800,20.45
2007-06-08,121.84,123.17,120.05,122.92,562800,20.49
2007-06-07,123.02,124.33,120.12,121.75,822600,20.29
2007-06-06,122.24,123.76,121.50,123.37,646200,20.56
2007-06-05,125.03,125.03,122.10,122.94,712200,20.49
2007-06-04,124.99,125.93,124.85,125.41,400800,20.90
2007-06-01,124.52,126.37,123.05,125.31,690000,20.89
2007-05-31,124.46,126.01,123.69,124.03,612600,20.67
2007-05-30,120.77,124.00,120.31,123.85,399600,20.64
2007-05-29,122.88,123.42,120.75,121.59,537600,20.26
2007-05-25,121.10,123.75,120.90,122.18,537000,20.36
2007-05-24,123.08,124.40,120.50,120.87,727800,20.15
2007-05-23,129.50,129.79,122.18,122.72,850200,20.45
2007-05-22,127.40,130.39,127.23,129.76,355200,21.63
2007-05-21,122.84,127.98,122.84,127.73,334200,21.29
2007-05-18,124.73,125.48,122.70,123.32,347400,20.55
2007-05-17,123.33,127.38,122.11,124.89,885000,20.82
2007-05-16,122.70,124.20,121.01,123.33,462000,20.56
2007-05-15,126.17,126.17,122.04,122.56,691200,20.43
2007-05-14,128.89,129.26,124.21,125.91,843600,20.99
2007-05-11,129.69,132.32,129.03,130.91,415800,21.82
2007-05-10,133.41,133.42,128.83,128.97,574800,21.50
2007-05-09,129.10,133.27,128.38,132.89,639000,22.15
2007-05-08,136.30,136.30,128.46,129.46,991200,21.58
2007-05-07,138.16,138.79,134.00,136.20,1083000,22.70
2007-05-04,144.00,146.62,136.70,138.89,1216800,23.15
2007-05-03,140.06,143.99,139.28,142.73,694800,23.79
2007-05-02,135.50,140.06,135.50,139.91,368400,23.32
2007-05-01,137.11,137.27,134.02,136.15,478200,22.69
2007-04-30,139.91,140.96,137.25,137.28,577800,22.88
2007-04-27,141.26,141.26,139.51,139.99,191400,23.33
2007-04-26,141.17,141.76,140.01,141.39,198600,23.57
2007-04-25,141.47,142.54,140.35,140.66,487800,23.44
2007-04-24,143.13,143.13,140.77,141.15,356400,23.52
2007-04-23,142.98,143.70,141.48,142.29,300000,23.72
2007-04-20,138.84,143.20,136.59,141.00,499800,23.50
2007-04-19,136.93,137.29,135.50,136.61,263400,22.77
2007-04-18,138.70,138.90,136.81,137.46,330000,22.91
2007-04-17,139.77,139.96,137.57,139.49,315600,23.25
2007-04-16,136.50,140.99,136.06,140.61,605400,23.43
2007-04-13,135.97,136.00,134.94,135.60,639000,22.60
2007-04-12,136.10,136.10,134.21,135.82,571800,22.64
2007-04-11,135.94,136.25,134.14,135.80,414000,22.63
2007-04-10,135.45,136.57,134.25,135.18,347400,22.53
2007-04-09,135.33,135.35,133.51,134.91,231000,22.49
2007-04-05,134.78,135.50,133.29,134.50,258600,22.42
2007-04-04,135.81,136.52,133.69,134.04,334200,22.34
2007-04-03,138.35,138.37,132.92,135.58,868800,22.60
2007-04-02,132.73,140.85,132.57,137.05,1314000,22.84
2007-03-30,130.54,133.22,130.50,131.84,461400,21.97
2007-03-29,127.78,134.22,127.00,133.16,554400,22.19
2007-03-28,127.18,129.20,126.04,126.51,644400,21.08
2007-03-27,129.23,129.78,126.80,128.30,225000,21.38
2007-03-26,130.20,130.86,128.63,129.90,270000,21.65
2007-03-23,130.56,132.23,128.75,129.48,303600,21.58
2007-03-22,131.19,131.90,128.95,131.03,544800,21.84
2007-03-21,128.25,131.16,127.05,131.16,284400,21.86
2007-03-20,127.66,129.77,126.63,127.50,496800,21.25
2007-03-19,124.56,128.57,123.94,127.50,676800,21.25
2007-03-16,123.99,123.99,122.22,123.39,786000,20.57
2007-03-15,123.79,124.15,121.48,124.00,426600,20.67
2007-03-14,120.50,123.66,119.60,122.89,536400,20.48
2007-03-13,124.04,125.14,121.54,121.70,757800,20.28
2007-03-12,126.02,126.89,123.46,125.17,843600,20.86
2007-03-09,120.00,125.76,120.00,123.96,2123400,20.66
2007-03-08,108.13,111.36,106.74,111.28,484200,18.55
2007-03-07,105.40,107.83,105.40,106.50,346800,17.75
2007-03-06,103.10,106.48,103.10,105.40,302400,17.57
2007-03-05,105.50,106.57,98.76,101.87,545400,16.98
2007-03-02,108.89,110.70,105.73,106.22,416400,17.70
2007-03-01,105.89,112.20,105.74,109.75,853200,18.29
2007-02-28,108.61,110.91,105.22,110.28,736800,18.38
2007-02-27,115.95,116.00,105.78,106.81,727200,17.80
2007-02-26,117.92,119.06,116.82,116.84,331800,19.47
2007-02-23,115.60,119.07,115.51,117.77,862200,19.63
2007-02-22,114.66,115.46,113.47,115.43,196800,19.24
2007-02-21,114.29,115.61,113.86,115.17,129600,19.19
2007-02-20,114.11,115.00,112.03,114.87,229800,19.15
2007-02-16,114.71,115.00,113.08,114.67,181800,19.11
2007-02-15,114.94,115.00,114.12,114.71,202200,19.12
2007-02-14,113.57,115.00,113.25,114.63,225000,19.10
2007-02-13,113.58,114.49,113.11,113.70,174600,18.95
2007-02-12,115.08,115.10,112.80,112.98,285600,18.83
2007-02-09,114.94,115.81,114.33,114.67,268200,19.11
2007-02-08,115.07,115.76,114.41,115.03,259200,19.17
2007-02-07,117.72,117.72,114.72,115.67,444600,19.28
2007-02-06,113.87,117.79,113.26,117.79,706200,19.63
2007-02-05,113.97,114.47,112.21,113.23,250200,18.87
2007-02-02,114.97,114.97,112.41,113.52,338400,18.92
2007-02-01,111.70,114.84,111.70,114.84,432600,19.14
2007-01-31,109.06,113.50,108.58,111.78,480600,18.63
2007-01-30,110.30,110.30,108.15,109.57,180600,18.26
2007-01-29,110.47,111.19,109.07,110.33,388800,18.39
2007-01-26,111.01,111.65,107.30,110.11,728400,18.35
2007-01-25,113.49,113.49,110.68,110.83,384000,18.47
2007-01-24,113.78,114.06,112.35,113.62,263400,18.94
2007-01-23,111.00,113.91,111.00,113.37,561600,18.90
2007-01-22,114.98,115.99,110.75,110.83,615000,18.47
2007-01-19,110.31,116.18,110.24,115.53,454200,19.25
2007-01-18,111.66,112.43,110.15,110.73,296400,18.45
2007-01-17,112.50,114.50,111.93,112.20,218400,18.70
2007-01-16,115.43,116.33,112.01,112.83,495600,18.81
2007-01-12,109.80,114.69,109.62,114.51,804000,19.08
2007-01-11,109.69,110.23,109.02,109.11,736200,18.18
2007-01-10,106.18,109.52,106.18,109.27,590400,18.21
2007-01-09,105.66,106.84,105.66,106.84,272400,17.81
2007-01-08,106.55,107.31,104.88,105.76,429600,17.63
2007-01-05,107.93,108.19,105.96,106.70,334200,17.78
2007-01-04,106.50,108.98,106.05,107.85,648600,17.98
2007-01-03,105.00,107.40,104.90,106.49,498600,17.75
2006-12-29,104.76,105.29,104.33,104.67,223200,17.44
2006-12-28,104.69,106.03,104.42,105.01,363600,17.50
2006-12-27,104.82,105.66,104.28,105.40,364800,17.57
2006-12-26,103.98,105.02,103.24,104.82,105000,17.47
2006-12-22,104.31,105.03,103.55,104.07,189000,17.34
2006-12-21,104.95,105.50,103.99,104.41,394200,17.40
2006-12-20,104.40,104.43,103.40,104.26,177600,17.38
2006-12-19,103.84,104.61,102.63,104.12,190800,17.35
2006-12-18,104.00,104.85,103.54,103.85,294600,17.31
2006-12-15,103.23,104.50,103.23,104.00,469200,17.33
2006-12-14,104.00,104.50,102.20,103.09,252600,17.18
2006-12-13,103.26,105.25,102.88,104.01,757200,17.33
2006-12-12,103.00,103.39,101.65,102.92,330000,17.15
2006-12-11,102.82,102.95,101.59,102.95,224400,17.16
2006-12-08,101.73,102.79,101.51,102.50,109800,17.08
2006-12-07,102.79,103.00,101.91,102.36,269400,17.06
2006-12-06,100.69,102.94,100.69,102.30,220200,17.05
2006-12-05,103.00,103.42,100.94,101.32,388200,16.89
2006-12-04,100.10,102.98,100.06,102.50,505800,17.08
2006-12-01,101.00,101.98,98.87,100.70,231000,16.78
2006-11-30,101.81,101.87,100.21,101.50,560400,16.92
2006-11-29,100.59,102.73,100.59,101.75,328800,16.96
2006-11-28,99.55,100.47,99.45,99.82,396000,16.64
2006-11-27,101.92,101.94,99.79,100.01,310200,16.67
2006-11-24,101.83,102.50,101.72,102.28,59400,17.05
2006-11-22,103.49,103.49,101.50,102.26,253800,17.04
2006-11-21,104.21,104.23,102.00,102.70,411600,17.12
2006-11-20,104.35,104.97,103.62,104.63,192000,17.44
2006-11-17,104.90,105.00,104.00,104.59,235800,17.43
2006-11-16,105.21,105.28,104.00,105.00,259200,17.50
2006-11-15,104.64,105.31,103.23,105.00,253800,17.50
2006-11-14,104.91,105.00,103.11,104.75,565200,17.46
2006-11-13,104.40,105.05,102.94,104.38,714000,17.40
2006-11-10,104.10,105.97,103.99,104.50,992400,17.42
2006-11-09,101.40,107.70,100.96,103.96,1445400,17.33
2006-11-08,95.63,102.71,95.40,102.59,1253400,17.10
2006-11-07,93.10,98.91,93.10,97.24,1613400,16.21
2006-11-06,89.10,89.80,88.13,89.26,337800,14.88
2006-11-03,86.17,89.07,86.17,89.03,289800,14.84
2006-11-02,86.15,87.02,84.72,86.17,226200,14.36
2006-11-01,90.10,90.10,86.21,86.21,292800,14.37
2006-10-31,88.75,90.17,87.92,90.11,304800,15.02
2006-10-30,86.30,88.75,85.75,88.75,211800,14.79
2006-10-27,87.21,87.85,86.40,86.69,163800,14.45
2006-10-26,87.25,87.93,86.08,87.75,279600,14.62
2006-10-25,85.60,87.01,85.08,87.01,322200,14.50
2006-10-24,88.98,88.98,86.12,86.69,367200,14.45
2006-10-23,87.98,89.23,87.26,88.90,191400,14.82
2006-10-20,88.76,88.76,86.29,88.02,237600,14.67
2006-10-19,89.22,89.41,87.85,88.33,239400,14.72
2006-10-18,88.17,91.50,88.04,89.27,356400,14.88
2006-10-17,88.24,88.78,87.42,88.10,448800,14.68
2006-10-16,85.56,89.80,85.02,89.26,399600,14.88
2006-10-13,85.50,86.09,84.75,85.96,140400,14.33
2006-10-12,84.00,85.36,83.21,85.36,259800,14.23
2006-10-11,82.72,84.04,82.30,83.66,394800,13.94
2006-10-10,82.08,83.58,80.68,82.94,423600,13.82
2006-10-09,81.56,82.40,81.40,81.86,336000,13.64
2006-10-06,79.61,81.95,79.61,81.50,478200,13.58
2006-10-05,77.25,81.00,77.25,80.38,424800,13.40
2006-10-04,75.55,77.48,75.54,77.25,215400,12.88
2006-10-03,75.00,76.45,74.38,75.95,295200,12.66
2006-10-02,77.20,77.20,75.08,75.15,192600,12.52
2006-09-29,76.58,77.66,76.07,77.06,218400,12.84
2006-09-28,77.50,78.50,75.98,76.60,325200,12.77
2006-09-27,75.03,77.21,75.01,77.20,178800,12.87
2006-09-26,74.75,75.80,74.10,75.70,139200,12.62
2006-09-25,74.72,75.00,74.04,74.50,161400,12.42
2006-09-22,75.35,75.35,73.80,74.73,256800,12.45
2006-09-21,76.22,76.96,75.13,75.38,184800,12.56
2006-09-20,77.82,77.97,76.32,76.32,144000,12.72
2006-09-19,77.55,78.22,75.25,76.96,185400,12.83
2006-09-18,77.00,78.44,76.79,77.90,310200,12.98
2006-09-15,77.00,77.01,76.27,76.50,384600,12.75
2006-09-14,76.00,77.05,75.59,76.63,276000,12.77
2006-09-13,76.35,76.64,76.00,76.62,403800,12.77
2006-09-12,76.12,76.34,75.59,76.00,277200,12.67
2006-09-11,76.14,76.42,75.73,75.84,196800,12.64
2006-09-08,77.62,77.62,76.46,76.84,238200,12.81
2006-09-07,76.90,77.39,75.93,77.11,372600,12.85
2006-09-06,78.56,79.07,76.71,77.03,271200,12.84
2006-09-05,78.74,79.60,77.60,79.33,138600,13.22
2006-09-01,78.95,79.40,78.09,78.74,103200,13.12
2006-08-31,79.52,80.25,78.54,78.54,109800,13.09
2006-08-30,79.50,80.13,78.89,78.97,148200,13.16
2006-08-29,78.35,79.44,77.26,79.44,239400,13.24
2006-08-28,77.41,78.26,76.25,77.83,73200,12.97
2006-08-25,77.84,79.06,76.41,77.06,116400,12.84
2006-08-24,77.78,78.05,77.04,77.72,241800,12.95
2006-08-23,79.10,80.06,77.16,77.69,188400,12.95
2006-08-22,78.52,80.09,78.00,79.24,240600,13.21
2006-08-21,79.82,80.08,78.78,78.78,211200,13.13
2006-08-18,81.72,81.72,79.50,80.42,390600,13.40
2006-08-17,81.55,82.52,80.43,81.39,220200,13.56
2006-08-16,82.50,82.92,81.03,82.09,398400,13.68
2006-08-15,79.30,82.91,78.86,82.68,726000,13.78
2006-08-14,76.55,78.88,76.55,78.29,449400,13.05
2006-08-11,74.68,76.86,74.68,76.09,493800,12.68
2006-08-10,73.18,75.38,72.74,74.95,688200,12.49
2006-08-09,74.73,74.86,73.32,73.59,523800,12.27
2006-08-08,75.42,75.42,73.20,73.82,274800,12.30
2006-08-07,76.82,77.02,74.31,75.22,338400,12.54
2006-08-04,78.19,80.00,74.60,77.67,378000,12.94
2006-08-03,74.08,78.49,73.19,77.04,338400,12.84
2006-08-02,77.32,77.47,74.01,74.61,634200,12.44
2006-08-01,77.35,78.44,76.05,76.61,208800,12.77
2006-07-31,78.88,78.88,77.14,78.22,109800,13.04
2006-07-28,76.00,79.00,76.00,78.25,271200,13.04
2006-07-27,76.22,78.14,75.57,75.73,270600,12.62
2006-07-26,77.85,77.85,74.98,75.50,421200,12.58
2006-07-25,77.48,79.16,76.59,77.85,169200,12.98
2006-07-24,75.24,77.24,73.59,77.24,409800,12.87
2006-07-21,76.63,76.74,73.80,74.66,544800,12.44
2006-07-20,79.63,79.92,76.70,76.92,348000,12.82
2006-07-19,77.05,79.26,77.05,79.10,272400,13.18
2006-07-18,78.14,78.97,75.62,77.22,720600,12.87
2006-07-17,77.25,78.92,77.25,77.75,339000,12.96
2006-07-14,81.02,81.02,76.04,77.43,841800,12.90
2006-07-13,81.39,82.75,80.50,80.65,501000,13.44
2006-07-12,84.22,84.22,81.38,81.79,201000,13.63
2006-07-11,84.43,84.43,83.20,84.27,394200,14.05
2006-07-10,86.55,86.55,85.00,85.01,114000,14.17
2006-07-07,86.23,86.72,84.74,85.46,184800,14.24
2006-07-06,87.56,88.85,85.43,86.01,272400,14.34
2006-07-05,87.72,88.30,85.65,87.57,260400,14.60
2006-07-03,86.16,88.36,86.16,88.30,100800,14.72
2006-06-30,86.74,87.70,84.39,86.56,1120200,14.43
2006-06-29,82.44,86.70,82.36,86.40,457800,14.40
2006-06-28,82.05,82.45,81.02,81.45,190800,13.57
2006-06-27,83.83,84.70,81.33,81.59,447000,13.60
2006-06-26,82.00,83.96,81.58,83.41,309000,13.90
2006-06-23,82.40,82.86,81.15,81.38,226800,13.56
2006-06-22,81.70,82.22,81.06,81.94,473400,13.66
2006-06-21,80.20,81.82,79.65,81.65,562200,13.61
2006-06-20,81.32,81.36,79.05,79.83,768600,13.31
2006-06-19,84.14,84.99,80.29,81.62,395400,13.60
2006-06-16,86.19,86.29,83.61,84.25,446400,14.04
2006-06-15,83.12,86.70,83.12,86.54,244800,14.42
2006-06-14,81.57,83.22,81.50,82.52,259200,13.75
2006-06-13,83.42,83.89,81.03,82.24,433200,13.71
2006-06-12,85.00,85.63,83.00,83.72,339000,13.95
2006-06-09,85.89,87.67,85.46,85.49,234600,14.25
2006-06-08,87.11,87.11,82.45,86.54,711600,14.42
2006-06-07,88.40,89.75,87.08,87.27,232800,14.55
2006-06-06,89.16,89.16,86.93,88.78,483000,14.80
2006-06-05,92.00,92.00,88.36,88.57,317400,14.76
2006-06-02,93.00,93.38,91.75,92.34,386400,15.39
2006-06-01,89.66,92.70,89.14,92.69,547800,15.45
2006-05-31,88.16,89.75,88.16,89.33,404400,14.89
2006-05-30,88.54,90.41,87.55,87.70,269400,14.62
2006-05-26,90.69,90.75,88.94,90.38,164400,15.06
2006-05-25,89.59,91.20,87.94,90.64,171600,15.11
2006-05-24,89.69,91.01,86.95,89.18,396600,14.86
2006-05-23,87.68,92.82,87.68,89.35,370800,14.89
2006-05-22,87.82,88.57,86.80,88.05,326400,14.68
2006-05-19,87.12,89.71,86.98,88.41,245400,14.73
2006-05-18,88.46,90.49,87.03,87.99,294600,14.66
2006-05-17,90.84,90.84,88.12,88.66,420600,14.78
2006-05-16,89.73,92.87,89.73,91.51,501000,15.25
2006-05-15,88.50,93.17,88.05,90.17,1288800,15.03
2006-05-12,91.31,91.65,87.89,88.43,453000,14.74
2006-05-11,94.88,95.28,91.08,91.50,383400,15.25
2006-05-10,94.27,95.67,93.42,94.25,481200,15.71
2006-05-09,93.02,96.35,93.02,93.84,1764600,15.64
2006-05-08,89.20,89.88,89.18,89.63,137400,14.94
2006-05-05,89.50,89.86,88.95,89.17,221400,14.86
2006-05-04,87.26,89.23,87.01,89.00,203400,14.83
2006-05-03,87.22,88.41,86.36,87.50,220800,14.58
2006-05-02,86.55,89.89,85.90,87.59,406200,14.60
2006-05-01,88.67,88.82,85.84,86.75,643200,14.46
2006-04-28,88.10,89.17,87.48,88.31,579600,14.72
2006-04-27,87.60,88.12,86.02,88.11,645000,14.69
2006-04-26,86.25,87.53,85.02,87.13,605400,14.52
2006-04-25,84.27,84.97,82.64,83.63,303000,13.94
2006-04-24,84.75,84.75,83.42,83.57,148800,13.93
2006-04-21,86.00,86.00,83.16,84.55,267000,14.09
2006-04-20,85.66,86.11,84.83,85.26,301800,14.21
2006-04-19,85.89,85.90,83.95,85.29,280200,14.22
2006-04-18,83.82,85.92,83.25,85.92,591000,14.32
2006-04-17,82.94,83.82,82.18,83.82,266400,13.97
2006-04-13,82.70,83.50,81.03,83.20,247800,13.87
2006-04-12,82.77,83.06,81.96,82.97,195000,13.83
2006-04-11,83.64,83.64,81.95,82.57,484200,13.76
2006-04-10,84.00,84.88,82.97,83.64,453000,13.94
2006-04-07,84.94,85.71,83.75,84.08,347400,14.01
2006-04-06,83.67,84.46,83.38,84.35,323400,14.06
2006-04-05,83.89,84.26,83.01,83.67,453000,13.94
2006-04-04,83.30,83.99,82.58,83.45,730200,13.91
2006-04-03,83.75,85.75,82.71,83.25,619200,13.88
2006-03-31,83.65,84.39,82.40,83.72,427800,13.95
2006-03-30,81.95,85.04,81.95,84.52,1044600,14.09
2006-03-29,81.57,83.00,80.07,82.02,909600,13.67
2006-03-28,82.00,82.26,79.10,81.00,1576800,13.50
2006-03-27,84.55,84.89,81.61,82.00,1025400,13.67
2006-03-24,85.26,85.93,84.63,85.09,210600,14.18
2006-03-23,84.53,85.39,83.10,84.84,455400,14.14
2006-03-22,86.84,87.33,84.25,84.53,406200,14.09
2006-03-21,86.75,87.95,86.24,86.75,366000,14.46
2006-03-20,86.00,86.57,85.00,86.41,817800,14.40
2006-03-17,87.90,88.18,85.50,85.82,720600,14.30
2006-03-16,88.26,89.33,87.10,87.51,625800,14.59
2006-03-15,85.67,88.88,85.20,88.19,737400,14.70
2006-03-14,84.98,85.49,84.00,84.86,834600,14.14
2006-03-13,84.00,85.71,83.76,83.87,1091400,13.98
2006-03-10,86.18,86.18,82.80,83.02,1622400,13.84
2006-03-09,93.76,93.76,83.51,85.52,3207000,14.25
2006-03-08,96.59,96.59,93.16,93.85,420000,15.64
2006-03-07,95.08,97.00,94.50,95.20,217200,15.87
2006-03-06,95.63,96.11,94.04,94.75,269400,15.79
2006-03-03,95.71,97.70,95.54,95.73,235200,15.95
2006-03-02,98.19,98.19,96.65,97.80,242400,16.30
2006-03-01,95.49,98.36,94.59,97.70,251400,16.28
2006-02-28,96.00,96.00,94.58,94.70,255600,15.78
2006-02-27,95.00,96.29,94.60,95.53,390600,15.92
2006-02-24,94.35,95.05,93.75,95.00,258600,15.83
2006-02-23,94.50,95.00,94.00,94.33,142200,15.72
2006-02-22,95.44,95.44,94.00,94.52,171000,15.75
2006-02-21,95.49,95.49,94.00,94.98,246000,15.83
2006-02-17,94.86,95.15,93.38,94.91,195600,15.82
2006-02-16,94.12,95.23,93.62,94.13,277800,15.69
2006-02-15,94.80,95.10,93.55,94.12,258600,15.69
2006-02-14,91.04,95.58,89.36,94.71,471600,15.78
2006-02-13,91.66,92.05,90.84,91.04,234000,15.17
2006-02-10,91.50,92.76,91.34,92.23,214200,15.37
2006-02-09,91.44,93.19,91.19,92.18,273000,15.36
2006-02-08,93.04,93.04,87.52,91.62,680400,15.27
2006-02-07,93.22,94.66,92.81,92.81,275400,15.47
2006-02-06,94.03,94.53,93.29,93.63,249000,15.60
2006-02-03,93.88,94.43,92.17,93.71,190200,15.62
2006-02-02,94.76,95.67,94.06,94.44,361200,15.74
2006-02-01,94.40,95.96,94.39,94.76,298800,15.79
2006-01-31,94.50,95.24,94.40,94.50,324600,15.75
2006-01-30,94.50,94.88,94.06,94.49,172800,15.75
2006-01-27,93.50,94.75,92.20,94.25,415800,15.71
2006-01-26,93.50,93.50,92.30,92.96,336000,15.49
2006-01-25,92.41,93.05,91.63,92.91,445800,15.48
2006-01-24,91.40,94.50,91.40,92.41,516000,15.40
2006-01-23,91.58,92.77,90.63,92.39,613200,15.40
2006-01-20,88.61,91.50,88.00,90.01,1668600,15.00
2006-01-19,85.55,88.49,85.02,88.10,1104600,14.68
2006-01-18,82.08,84.63,82.01,84.24,753000,14.04
2006-01-17,88.28,88.99,81.83,82.11,3781200,13.69
2006-01-13,92.43,92.43,90.50,90.96,604800,15.16
2006-01-12,92.53,92.59,90.45,90.94,615000,15.16
2006-01-11,93.69,93.89,91.00,92.00,757800,15.33
2006-01-10,91.02,93.17,91.01,92.96,430200,15.49
2006-01-09,91.86,92.70,91.53,91.76,376200,15.29
2006-01-06,89.95,91.41,89.46,91.15,339600,15.19
2006-01-05,90.00,90.84,88.81,89.47,543600,14.91
2006-01-04,88.00,91.83,87.84,89.99,841200,15.00
2006-01-03,87.42,88.33,86.01,88.14,682800,14.69
2005-12-30,86.79,86.79,85.64,86.50,372000,14.42
2005-12-29,86.50,86.60,85.77,86.38,332400,14.40
2005-12-28,87.34,87.50,86.05,86.57,454200,14.43
2005-12-27,88.13,88.13,86.04,86.88,444000,14.48
2005-12-23,87.50,88.10,86.83,87.65,649200,14.61
2005-12-22,86.85,87.50,86.26,87.22,482400,14.54
2005-12-21,83.47,86.56,83.47,86.56,484200,14.43
2005-12-20,83.12,83.70,83.07,83.70,527400,13.95
2005-12-19,85.53,85.83,83.08,83.44,482400,13.91
2005-12-16,85.80,86.37,84.80,85.07,640800,14.18
2005-12-15,86.07,86.07,84.90,85.36,649200,14.23
2005-12-14,84.13,85.78,84.13,85.76,780600,14.29
2005-12-13,83.15,84.04,83.15,84.01,543600,14.00
2005-12-12,84.14,84.55,83.02,83.24,1480800,13.87
2005-12-09,81.84,84.30,81.36,83.84,758400,13.97
2005-12-08,80.63,81.70,80.61,81.33,381600,13.56
2005-12-07,81.00,81.59,80.54,80.84,362400,13.47
2005-12-06,80.85,81.40,80.59,80.78,350400,13.46
2005-12-05,80.00,80.86,79.91,80.53,472800,13.42
2005-12-02,80.00,80.06,79.30,80.05,310800,13.34
2005-12-01,78.45,80.15,78.29,79.89,1003200,13.31
2005-11-30,78.65,78.65,77.91,78.40,549000,13.07
2005-11-29,78.60,78.60,78.01,78.30,442800,13.05
2005-11-28,78.05,78.63,78.05,78.36,189600,13.06
2005-11-25,78.75,78.75,78.18,78.49,99000,13.08
2005-11-23,78.19,78.75,78.16,78.43,165600,13.07
2005-11-22,78.98,78.98,77.97,78.55,292800,13.09
2005-11-21,78.27,78.84,77.96,78.65,294600,13.11
2005-11-18,78.19,78.48,77.51,78.04,979200,13.01
2005-11-17,75.50,79.80,75.40,78.47,464400,13.08
2005-11-16,76.00,76.00,75.42,76.00,175200,12.67
2005-11-15,76.37,76.99,75.20,76.00,264600,12.67
2005-11-14,77.57,78.05,76.06,76.54,230400,12.76
2005-11-11,77.48,77.75,76.11,77.24,669600,12.87
2005-11-10,73.94,77.37,72.60,76.50,1202400,12.75
2005-11-09,71.91,73.98,70.97,73.22,1157400,12.20
2005-11-08,73.50,73.75,70.75,71.75,883200,11.96
2005-11-07,72.01,73.00,71.50,71.98,575400,12.00
2005-11-04,73.52,74.09,72.01,72.06,594600,12.01
2005-11-03,75.08,75.08,73.00,73.64,626400,12.27
2005-11-02,71.86,77.00,71.85,74.14,1167600,12.36
2005-11-01,72.17,72.75,71.01,71.96,261000,11.99
2005-10-31,71.95,72.89,71.63,72.50,310200,12.08
2005-10-28,70.81,71.99,70.34,71.80,234000,11.97
2005-10-27,71.30,72.63,70.56,70.69,568800,11.78
2005-10-26,71.60,73.32,70.22,71.76,429000,11.96
2005-10-25,72.12,72.77,70.32,71.73,196200,11.95
2005-10-24,71.23,72.96,71.14,72.35,761400,12.06
2005-10-21,70.76,71.00,69.75,70.81,439800,11.80
2005-10-20,71.83,71.83,69.15,69.89,307800,11.65
2005-10-19,71.40,72.01,70.16,72.01,428400,12.00
2005-10-18,71.95,72.35,71.51,71.94,130800,11.99
2005-10-17,72.50,72.89,71.70,71.92,249600,11.99
2005-10-14,70.57,74.00,70.57,72.93,841200,12.15
2005-10-13,69.10,70.14,69.00,70.14,442800,11.69
2005-10-12,71.81,71.81,68.52,69.81,475800,11.64
2005-10-11,71.34,72.39,71.01,71.05,167400,11.84
2005-10-10,73.08,73.33,71.03,71.16,249000,11.86
2005-10-07,71.65,73.26,71.13,72.46,432600,12.08
2005-10-06,70.85,72.19,70.26,70.83,355200,11.81
2005-10-05,71.39,71.78,70.00,70.84,271200,11.81
2005-10-04,73.75,74.55,71.66,71.70,258000,11.95
2005-10-03,72.74,73.70,71.64,73.65,420000,12.27
2005-09-30,70.61,72.59,70.10,72.50,184800,12.08
2005-09-29,70.08,70.85,70.00,70.05,231600,11.68
2005-09-28,69.68,70.97,69.50,70.78,314400,11.80
2005-09-27,69.21,70.00,68.90,69.72,682200,11.62
2005-09-26,68.63,69.50,67.52,69.39,441600,11.56
2005-09-23,68.10,68.25,67.23,68.23,279000,11.37
2005-09-22,66.00,68.19,65.90,67.15,571800,11.19
2005-09-21,65.93,66.82,65.90,66.00,102000,11.00
2005-09-20,65.76,67.33,65.67,66.37,256200,11.06
2005-09-19,67.67,67.67,65.43,65.99,169800,11.00
2005-09-16,66.56,68.00,65.63,67.88,376200,11.31
2005-09-15,67.79,69.08,66.01,66.29,363000,11.05
2005-09-14,68.31,68.31,66.18,67.81,408000,11.30
2005-09-13,69.18,69.23,67.87,68.14,283200,11.36
2005-09-12,67.60,69.23,67.50,69.12,166200,11.52
2005-09-09,67.60,68.46,66.50,68.14,99000,11.36
2005-09-08,66.30,67.55,65.67,67.55,167400,11.26
2005-09-07,66.80,67.05,66.10,66.58,560400,11.10
2005-09-06,66.00,66.98,65.33,66.76,567000,11.13
2005-09-02,66.15,66.65,66.00,66.54,220800,11.09
2005-09-01,65.69,66.07,65.24,65.76,208200,10.96
2005-08-31,65.46,65.72,64.60,65.72,518400,10.95
2005-08-30,64.74,65.38,64.53,65.38,238800,10.90
2005-08-29,64.91,65.80,64.74,64.85,304200,10.81
2005-08-26,65.07,65.76,64.58,65.40,192600,10.90
2005-08-25,64.58,65.57,64.57,64.91,168600,10.82
2005-08-24,64.71,65.64,64.50,65.16,142200,10.86
2005-08-23,65.14,65.63,64.50,65.08,147000,10.85
2005-08-22,64.00,65.11,63.71,64.70,267000,10.78
2005-08-19,63.62,64.57,63.62,64.10,268800,10.68
2005-08-18,64.05,64.44,63.19,64.00,257400,10.67
2005-08-17,63.57,64.74,63.25,64.06,475200,10.68
2005-08-16,64.83,64.97,63.60,63.74,108000,10.62
2005-08-15,64.30,65.94,63.36,65.08,390600,10.85
2005-08-12,65.68,66.15,63.63,64.42,402600,10.74
2005-08-11,65.61,66.50,65.61,66.00,288000,11.00
2005-08-10,66.60,66.60,65.69,65.75,386400,10.96
2005-08-09,65.76,67.03,65.56,66.07,244200,11.01
2005-08-08,65.96,67.01,65.52,66.10,247200,11.02
2005-08-05,65.85,66.48,65.45,65.80,195600,10.97
2005-08-04,67.53,67.59,65.72,65.81,316200,10.97
2005-08-03,68.40,69.03,66.60,67.06,750600,11.18
2005-08-02,68.82,69.91,68.63,69.19,779400,11.53
2005-08-01,68.03,69.80,66.75,68.73,928800,11.45
2005-07-29,62.85,71.40,62.47,69.86,1847400,11.64
2005-07-28,61.03,62.00,60.25,62.00,291000,10.33
2005-07-27,62.07,62.12,61.00,61.03,258600,10.17
2005-07-26,62.22,62.31,61.23,61.98,630600,10.33
2005-07-25,61.57,63.32,61.47,62.20,615000,10.37
2005-07-22,60.00,61.75,60.00,61.57,591600,10.26
2005-07-21,61.94,62.18,60.00,61.06,683400,10.18
2005-07-20,58.98,61.91,58.98,61.91,567000,10.32
2005-07-19,59.18,60.25,58.50,59.99,1410600,10.00
2005-07-18,59.00,59.18,58.14,59.00,1407600,9.83
2005-07-15,57.09,59.80,56.87,59.36,4794000,9.89
2005-07-14,58.00,58.00,55.29,56.08,1569000,9.35
2005-07-13,58.56,58.70,56.90,57.60,942000,9.60
2005-07-12,58.61,59.23,57.89,59.15,531000,9.86
2005-07-11,54.64,59.40,54.42,58.70,955200,9.78
2005-07-08,53.08,54.95,53.08,54.92,304200,9.15
2005-07-07,53.18,54.48,53.02,53.92,320400,8.99
2005-07-06,52.20,54.50,52.20,53.86,724200,8.98
2005-07-05,51.85,53.72,51.26,52.10,774000,8.68
2005-07-01,52.99,53.55,51.51,51.93,455400,8.65
2005-06-30,53.74,54.50,52.07,52.86,566400,8.81
2005-06-29,54.10,54.30,53.00,53.62,277800,8.94
2005-06-28,53.93,55.00,53.09,55.00,407400,9.17
2005-06-27,53.26,54.73,52.94,53.76,323400,8.96
2005-06-24,54.74,55.01,52.77,53.45,517200,8.91
2005-06-23,53.81,55.29,53.81,54.74,443400,9.12
2005-06-22,51.74,54.70,51.74,54.08,397200,9.01
2005-06-21,51.80,52.06,51.60,51.74,465000,8.62
2005-06-20,52.88,53.06,51.89,52.19,133800,8.70
2005-06-17,55.00,55.00,52.86,52.88,712800,8.81
2005-06-16,54.12,54.49,53.92,54.31,106200,9.05
2005-06-15,53.01,54.96,53.00,54.96,133800,9.16
2005-06-14,53.44,53.77,53.26,53.41,136800,8.90
2005-06-13,53.02,55.69,53.02,54.33,148200,9.06
2005-06-10,52.81,54.22,52.81,53.76,139800,8.96
2005-06-09,53.00,53.72,52.90,53.64,90000,8.94
2005-06-08,54.92,55.45,53.57,53.68,160800,8.95
2005-06-07,54.71,57.11,54.71,55.52,262800,9.25
2005-06-06,54.49,55.21,54.15,55.12,177000,9.19
2005-06-03,55.54,55.54,53.91,55.21,223200,9.20
2005-06-02,54.26,55.45,54.26,55.18,96000,9.20
2005-06-01,54.81,56.26,54.61,55.13,325200,9.19
2005-05-31,55.60,55.60,54.52,55.20,148800,9.20
2005-05-27,56.00,56.00,55.10,55.27,82800,9.21
2005-05-26,55.00,56.00,55.00,56.00,143400,9.33
2005-05-25,55.27,55.96,54.25,55.71,361800,9.28
2005-05-24,55.33,56.48,55.33,56.01,161400,9.34
2005-05-23,55.00,56.48,54.64,56.00,298200,9.33
2005-05-20,55.44,55.44,54.40,55.07,165000,9.18
2005-05-19,54.34,55.45,54.34,55.38,296400,9.23
2005-05-18,54.00,54.95,53.77,54.75,300000,9.12
2005-05-17,53.40,54.29,53.40,54.22,185400,9.04
2005-05-16,53.50,54.36,53.33,54.36,247200,9.06
2005-05-13,53.42,53.60,51.70,52.86,524400,8.81
2005-05-12,52.65,53.97,51.51,52.70,309600,8.78
2005-05-11,54.14,54.14,52.57,52.99,547800,8.83
2005-05-10,54.82,54.89,53.70,54.17,358800,9.03
2005-05-09,54.80,54.84,54.00,54.55,538200,9.09
2005-05-06,52.45,54.85,51.75,54.12,1076400,9.02
2005-05-05,49.90,54.24,49.76,52.71,1043400,8.78
2005-05-04,51.09,51.91,50.57,50.72,717000,8.45
2005-05-03,47.18,53.10,47.18,51.62,2284800,8.60
2005-05-02,44.00,45.34,44.00,45.33,210000,7.55
2005-04-29,45.34,45.80,43.58,44.04,452400,7.34
2005-04-28,46.02,46.38,44.93,45.00,252600,7.50
2005-04-27,45.62,46.84,45.62,46.06,376800,7.68
2005-04-26,46.01,46.89,45.56,45.85,418800,7.64
2005-04-25,46.25,46.88,46.14,46.25,524400,7.71
2005-04-22,46.25,46.95,46.01,46.12,241200,7.69
2005-04-21,47.10,47.10,45.69,46.22,489000,7.70
2005-04-20,48.08,48.25,46.60,47.10,391800,7.85
2005-04-19,48.18,48.18,47.75,47.84,254400,7.97
2005-04-18,47.72,48.09,47.62,47.94,186600,7.99
2005-04-15,48.45,48.65,47.78,47.78,260400,7.96
2005-04-14,49.33,49.33,48.00,48.12,286800,8.02
2005-04-13,48.90,49.57,48.58,48.62,159000,8.10
2005-04-12,48.80,49.32,48.54,48.78,171600,8.13
2005-04-11,49.92,50.00,48.85,49.19,105600,8.20
2005-04-08,49.60,49.95,49.43,49.43,64800,8.24
2005-04-07,50.47,50.47,49.32,49.85,198000,8.31
2005-04-06,50.44,51.35,49.70,49.92,276600,8.32
2005-04-05,49.54,50.19,49.27,49.81,212400,8.30
2005-04-04,49.50,50.90,48.88,48.95,492000,8.16
2005-04-01,49.84,49.96,49.00,49.00,214200,8.17
2005-03-31,50.49,50.50,49.12,49.40,498000,8.23
2005-03-30,51.11,51.11,49.55,49.79,384000,8.30
2005-03-29,51.25,51.73,50.32,50.35,377400,8.39
2005-03-28,52.70,52.70,51.29,51.61,192600,8.60
2005-03-24,51.45,52.62,51.25,52.13,142200,8.69
2005-03-23,51.50,51.80,50.26,51.45,416400,8.57
2005-03-22,52.00,52.32,50.58,51.00,399600,8.50
2005-03-21,52.00,52.72,51.47,51.75,107400,8.62
2005-03-18,51.61,52.42,50.88,52.14,385200,8.69
2005-03-17,52.54,52.54,50.78,50.83,374400,8.47
2005-03-16,52.46,52.46,51.54,51.89,216000,8.65
2005-03-15,52.70,52.70,52.12,52.19,114000,8.70
2005-03-14,53.47,53.49,52.27,52.29,166800,8.72
2005-03-11,53.24,53.24,52.34,52.70,289200,8.78
2005-03-10,54.01,54.01,52.73,53.01,286200,8.84
2005-03-09,54.40,54.40,53.60,53.95,184800,8.99
2005-03-08,54.17,54.17,53.64,53.78,235200,8.96
2005-03-07,54.21,54.41,53.61,53.72,304800,8.95
2005-03-04,56.45,56.45,53.00,53.60,1263600,8.93
2005-03-03,55.49,55.90,55.30,55.69,259200,9.28
2005-03-02,55.15,55.65,54.26,55.40,213600,9.23
2005-03-01,53.35,55.48,53.11,55.15,573600,9.19
2005-02-28,54.73,54.73,53.57,53.93,219000,8.99
2005-02-25,53.86,54.62,53.30,54.57,201000,9.10
2005-02-24,51.76,53.67,51.74,53.53,153000,8.92
2005-02-23,53.30,53.43,52.73,52.73,168000,8.79
2005-02-22,53.75,54.46,51.80,52.95,525600,8.82
2005-02-18,54.60,54.61,53.03,53.94,379200,8.99
2005-02-17,54.30,54.58,53.19,54.01,451200,9.00
2005-02-16,53.25,54.13,52.89,53.95,271200,8.99
2005-02-15,53.19,53.34,52.23,53.34,334800,8.89
2005-02-14,52.95,53.12,52.01,52.72,171600,8.79
2005-02-11,52.41,52.68,50.66,52.65,390000,8.77
2005-02-10,52.55,52.55,51.38,51.41,323400,8.57
2005-02-09,52.10,53.08,51.65,51.80,311400,8.63
2005-02-08,50.45,52.00,50.06,51.97,563400,8.66
2005-02-07,50.40,50.49,50.00,50.18,246000,8.36
2005-02-04,50.00,50.35,49.83,50.09,390600,8.35
2005-02-03,50.35,50.35,48.57,50.25,412200,8.38
2005-02-02,50.50,50.50,49.75,50.00,202200,8.33
2005-02-01,50.65,50.65,49.78,49.87,343200,8.31
2005-01-31,49.95,50.97,49.75,50.26,350400,8.38
2005-01-28,50.15,50.35,48.60,49.70,741000,8.28
2005-01-27,47.16,50.95,46.28,49.65,1582200,8.27
2005-01-26,46.25,47.82,46.20,47.67,242400,7.95
2005-01-25,45.59,46.62,45.40,46.53,204600,7.76
2005-01-24,48.20,48.20,45.55,45.82,645600,7.64
2005-01-21,47.25,47.94,47.18,47.46,197400,7.91
2005-01-20,48.75,48.75,47.15,47.27,361800,7.88
2005-01-19,48.06,48.58,48.06,48.23,168000,8.04
2005-01-18,48.75,48.75,48.11,48.56,192600,8.09
2005-01-14,47.77,48.83,47.60,48.83,172800,8.14
2005-01-13,48.28,48.28,47.51,47.77,265800,7.96
2005-01-12,47.50,48.38,47.50,48.28,178800,8.05
2005-01-11,49.00,49.00,47.47,47.70,550800,7.95
2005-01-10,49.25,49.90,48.66,49.00,531000,8.17
2005-01-07,49.94,50.27,49.27,50.14,480000,8.36
2005-01-06,49.11,50.78,48.71,49.92,630600,8.32
2005-01-05,48.15,49.56,48.15,48.29,607800,8.05
2005-01-04,50.50,51.65,48.07,48.21,932400,8.03
2005-01-03,51.80,52.10,50.63,50.69,535800,8.45
2004-12-31,50.75,51.75,50.03,50.72,676200,8.45
2004-12-30,48.48,51.29,48.37,49.96,1060800,8.33
2004-12-29,48.25,48.25,46.60,47.40,542400,7.90
2004-12-28,47.70,48.49,47.58,47.83,345600,7.97
2004-12-27,48.75,48.75,47.75,47.78,259800,7.96
2004-12-23,48.50,49.07,47.49,48.19,368400,8.03
2004-12-22,49.56,50.00,47.95,48.00,443400,8.00
2004-12-21,50.70,50.97,49.41,50.00,273600,8.33
2004-12-20,49.57,51.20,49.57,50.65,500400,8.44
2004-12-17,47.70,50.25,47.68,50.13,732000,8.35
2004-12-16,50.80,51.21,47.55,47.70,1333200,7.95
2004-12-15,49.94,50.52,49.65,50.34,486600,8.39
2004-12-14,50.43,50.83,49.86,50.21,422400,8.37
2004-12-13,51.77,52.27,50.50,51.37,385800,8.56
2004-12-10,52.50,52.50,51.45,52.25,359400,8.71
2004-12-09,53.77,53.77,52.60,52.60,298200,8.77
2004-12-08,53.25,54.50,53.09,53.73,145200,8.95
2004-12-07,54.50,54.77,53.03,53.43,352800,8.90
2004-12-06,57.33,57.33,54.15,54.54,480600,9.09
2004-12-03,56.37,56.75,56.36,56.36,189000,9.39
2004-12-02,57.40,58.37,56.80,56.95,232800,9.49
2004-12-01,57.38,59.07,56.75,58.30,222600,9.72
2004-11-30,56.52,57.90,56.52,57.42,244800,9.57
2004-11-29,56.75,57.89,56.00,57.48,371400,9.58
2004-11-26,56.78,56.82,56.16,56.70,52800,9.45
2004-11-24,54.70,56.96,54.70,56.96,208800,9.49
2004-11-23,55.80,55.80,54.66,55.49,454200,9.25
2004-11-22,54.67,56.40,53.74,56.02,212400,9.34
2004-11-19,54.80,56.38,54.59,54.72,126600,9.12
2004-11-18,55.93,56.02,54.67,55.96,127200,9.33
2004-11-17,55.00,56.28,54.25,55.16,354000,9.19
2004-11-16,56.09,56.59,54.33,54.96,526800,9.16
2004-11-15,54.60,56.09,54.07,55.60,594600,9.27
2004-11-12,53.42,54.70,52.90,54.40,625800,9.07
2004-11-11,52.75,53.50,51.91,53.43,582600,8.90
2004-11-10,49.87,52.72,49.87,52.60,878400,8.77
2004-11-09,50.50,51.09,49.52,50.87,324000,8.48
2004-11-08,49.75,50.45,49.27,49.88,933000,8.31
2004-11-05,48.50,50.19,48.50,49.75,282000,8.29
2004-11-04,49.03,49.60,48.85,49.42,703200,8.24
2004-11-03,48.86,49.54,48.40,49.39,601200,8.23
2004-11-02,47.85,48.91,47.26,48.80,459600,8.13
2004-11-01,49.00,49.25,46.76,47.18,499800,7.86
2004-10-29,48.63,50.00,48.20,49.03,804000,8.17
2004-10-28,47.68,47.98,46.72,47.74,325200,7.96
2004-10-27,46.50,48.15,46.10,47.25,459000,7.88
2004-10-26,48.11,49.18,46.70,46.80,636000,7.80
2004-10-25,49.50,49.70,46.11,48.17,889200,8.03
2004-10-22,50.49,50.78,49.50,49.52,209400,8.25
2004-10-21,52.50,52.50,49.55,49.92,720600,8.32
2004-10-20,50.70,52.49,50.70,52.43,612000,8.74
2004-10-19,52.72,52.72,51.03,51.30,336600,8.55
2004-10-18,51.40,52.60,51.33,52.50,347400,8.75
2004-10-15,49.14,51.28,49.14,51.20,403800,8.53
2004-10-14,49.52,50.20,48.84,49.29,412200,8.22
2004-10-13,49.83,51.20,49.64,49.77,348600,8.30
2004-10-12,50.12,50.66,49.23,50.05,353400,8.34
2004-10-11,53.01,53.01,50.60,50.67,423000,8.44
2004-10-08,52.58,53.89,52.36,53.22,211800,8.87
2004-10-07,54.54,54.54,52.82,52.99,249000,8.83
2004-10-06,53.40,53.77,53.27,53.77,144600,8.96
2004-10-05,52.66,53.68,52.56,53.52,256200,8.92
2004-10-04,53.01,54.46,52.83,53.21,316200,8.87
2004-10-01,53.15,53.15,52.44,52.81,188400,8.80
2004-09-30,52.95,52.95,51.65,52.65,120600,8.77
2004-09-29,52.30,52.74,51.75,52.19,132600,8.70
2004-09-28,52.23,52.23,51.18,52.14,273600,8.69
2004-09-27,52.43,52.43,50.91,50.91,137400,8.48
2004-09-24,49.49,51.90,49.49,51.77,158400,8.63
2004-09-23,50.01,50.95,49.55,50.27,242400,8.38
2004-09-22,51.89,52.49,49.92,50.29,254400,8.38
2004-09-21,53.32,53.54,52.44,52.53,120000,8.76
2004-09-20,52.58,52.99,50.69,52.26,382800,8.71
2004-09-17,54.05,54.66,53.23,53.50,387000,8.92
2004-09-16,52.57,53.99,51.52,53.30,228600,8.88
2004-09-15,52.21,52.21,51.04,51.52,124200,8.59
2004-09-14,50.60,52.30,50.34,51.07,283800,8.51
2004-09-13,52.00,52.55,51.10,51.74,410400,8.62
2004-09-10,51.00,51.85,51.00,51.10,223200,8.52
2004-09-09,49.00,51.76,49.00,51.44,262800,8.57
2004-09-08,47.84,50.55,47.83,49.85,342000,8.31
2004-09-07,50.40,50.40,48.45,49.20,442200,8.20
2004-09-03,49.74,50.25,48.74,49.75,301800,8.29
2004-09-02,48.86,49.98,48.34,49.81,325200,8.30
2004-09-01,49.11,51.50,49.11,49.60,214200,8.27
2004-08-31,48.45,50.61,48.45,50.12,451200,8.35
2004-08-30,49.45,49.49,48.20,49.32,431400,8.22
2004-08-27,50.20,50.92,49.05,49.79,525600,8.30
2004-08-26,52.70,52.70,50.66,50.66,240000,8.44
2004-08-25,52.99,53.00,51.93,52.87,78600,8.81
2004-08-24,53.87,53.87,51.78,52.50,221400,8.75
2004-08-23,53.49,53.50,52.00,52.79,200400,8.80
2004-08-20,52.93,53.50,51.69,53.34,360600,8.89
2004-08-19,52.94,52.94,51.50,52.28,122400,8.71
2004-08-18,52.11,52.82,51.28,52.44,210000,8.74
2004-08-17,51.76,52.68,50.72,51.98,528600,8.66
2004-08-16,49.88,51.56,49.88,51.28,187200,8.55
2004-08-13,50.95,51.76,49.76,50.78,230400,8.46
2004-08-12,51.03,51.74,49.50,50.28,376200,8.38
2004-08-11,50.64,51.97,50.40,51.71,356400,8.62
2004-08-10,51.74,52.00,50.64,51.56,514200,8.59
2004-08-09,50.81,53.60,50.78,52.07,769800,8.68
2004-08-06,50.92,52.95,47.45,52.60,1423200,8.77
2004-08-05,52.75,53.20,52.09,52.11,201600,8.69
2004-08-04,54.22,54.78,52.80,53.67,303000,8.94
2004-08-03,53.27,54.05,52.98,53.98,378000,9.00
2004-08-02,53.10,54.05,52.89,53.75,385200,8.96
2004-07-30,56.95,56.99,53.89,54.20,507600,9.03
2004-07-29,54.95,56.53,53.82,56.40,549600,9.40
2004-07-28,55.31,55.32,53.00,54.11,501000,9.02
2004-07-27,52.07,55.45,52.07,54.97,612600,9.16
2004-07-26,53.93,54.88,51.70,52.77,756600,8.80
2004-07-23,54.73,55.23,52.78,53.11,665400,8.85
2004-07-22,55.36,55.37,51.40,52.19,775200,8.70
2004-07-21,56.99,57.85,54.00,54.02,801600,9.00
2004-07-20,54.40,55.75,52.75,55.29,726000,9.22
2004-07-19,53.01,53.93,52.66,53.51,391800,8.92
2004-07-16,53.19,54.00,53.11,53.16,244200,8.86
2004-07-15,52.55,53.80,52.55,53.38,472200,8.90
2004-07-14,53.20,54.30,52.61,53.62,346800,8.94
2004-07-13,53.66,53.74,53.00,53.40,283800,8.90
2004-07-12,54.42,54.58,52.89,53.45,406200,8.91
2004-07-09,53.22,54.65,53.11,54.32,448800,9.05
2004-07-08,55.60,56.00,53.52,53.80,1470600,8.97
2004-07-07,54.00,56.15,53.50,55.60,1297200,9.27
2004-07-06,52.90,54.39,51.21,53.47,1117200,8.91
2004-07-02,53.49,53.49,51.88,52.90,388800,8.82
2004-07-01,54.95,54.95,52.28,53.51,468000,8.92
2004-06-30,54.44,54.89,51.51,54.62,1426800,9.10
2004-06-29,49.70,54.18,49.04,53.49,2310600,8.91
2004-06-28,54.30,54.90,50.44,50.58,3023400,8.43
2004-06-25,56.50,57.81,54.39,55.54,3244200,9.26
2004-06-24,60.23,60.68,56.61,56.80,1456200,9.47
2004-06-23,61.99,62.15,60.01,60.02,657600,10.00
2004-06-22,61.30,61.90,60.05,61.65,929400,10.27
2004-06-21,60.24,61.90,59.11,61.19,839400,10.20
2004-06-18,60.01,60.01,58.63,59.66,602400,9.94
2004-06-17,59.69,59.94,57.15,59.37,589800,9.90
2004-06-16,58.25,59.50,58.25,59.49,754800,9.91
2004-06-15,56.25,58.13,56.25,57.96,934200,9.66
2004-06-14,55.71,56.75,55.05,56.06,829800,9.34
2004-06-10,57.37,57.80,54.45,56.22,1201800,9.37
2004-06-09,59.25,59.25,56.76,57.60,716400,9.60
2004-06-08,59.19,59.94,58.85,59.21,877200,9.87
2004-06-07,58.55,59.30,58.23,59.00,980400,9.83
2004-06-04,60.00,60.95,58.12,58.46,859800,9.74
2004-06-03,61.76,63.00,60.00,60.08,709800,10.01
2004-06-02,63.49,63.50,62.03,62.03,708600,10.34
2004-06-01,62.01,63.73,61.17,63.00,1218000,10.43
2004-05-28,62.02,62.02,60.09,61.17,550800,10.13
2004-05-27,60.70,61.63,60.28,60.93,500400,10.09
2004-05-26,61.24,61.80,60.70,61.76,766800,10.23
2004-05-25,58.94,62.60,58.02,60.95,1140600,10.09
2004-05-24,57.85,58.73,57.16,58.16,631200,9.63
2004-05-21,57.00,57.99,56.26,57.00,454200,9.44
2004-05-20,57.70,58.75,56.11,56.33,568800,9.33
2004-05-19,55.38,58.67,55.35,57.41,1360800,9.51
2004-05-18,53.48,55.31,53.48,54.65,522000,9.05
2004-05-17,54.93,54.93,51.60,53.60,735000,8.88
2004-05-14,55.32,55.67,54.32,54.79,429600,9.07
2004-05-13,55.68,55.69,53.56,55.25,702600,9.15
2004-05-12,54.00,55.20,52.10,55.12,422400,9.13
2004-05-11,52.35,55.02,52.35,54.10,719400,8.96
2004-05-10,52.81,53.96,51.00,52.10,742200,8.63
2004-05-07,54.81,55.93,53.50,54.07,630600,8.95
2004-05-06,56.02,56.26,54.17,55.51,415200,9.19
2004-05-05,55.10,56.84,54.61,56.00,779400,9.27
2004-05-04,53.21,54.90,52.41,54.55,630000,9.03
2004-05-03,50.76,53.96,49.76,53.13,969000,8.80
2004-04-30,54.65,56.35,48.45,50.65,1800600,8.39
2004-04-29,52.60,54.84,51.01,54.55,1128600,9.03
2004-04-28,49.27,53.00,48.30,51.65,1552200,8.55
2004-04-27,48.00,48.15,46.50,47.27,658200,7.83
2004-04-26,47.72,48.04,46.82,47.61,330000,7.88
2004-04-23,47.41,48.08,47.20,48.08,204000,7.96
2004-04-22,47.50,47.94,46.10,47.85,341400,7.92
2004-04-21,47.28,48.28,44.60,47.50,784200,7.87
2004-04-20,47.36,49.51,47.17,47.60,404400,7.88
2004-04-19,47.16,47.77,46.46,47.77,332400,7.91
2004-04-16,48.58,48.58,45.91,47.23,420600,7.82
2004-04-15,44.00,48.41,43.95,47.79,1366800,7.91
2004-04-14,51.85,52.41,44.04,45.79,2129400,7.58
2004-04-13,52.95,53.00,51.31,51.40,691800,8.51
2004-04-12,50.55,53.00,49.28,51.60,1169400,8.55
2004-04-08,49.30,50.74,48.95,49.66,813600,8.22
2004-04-07,49.98,49.99,48.10,48.88,718800,8.09
2004-04-06,49.49,50.69,49.32,49.66,1481400,8.22
2004-04-05,47.56,52.14,47.24,52.13,2054400,8.63
2004-04-02,46.38,47.70,45.61,46.61,801000,7.72
2004-04-01,45.35,46.14,45.25,45.51,799200,7.54
2004-03-31,45.99,46.48,45.25,45.59,755400,7.55
2004-03-30,44.05,46.00,44.03,45.31,769800,7.50
2004-03-29,42.50,45.36,42.36,43.95,1197000,7.28
2004-03-26,41.04,42.79,40.06,42.32,640800,7.01
2004-03-25,40.00,41.47,39.78,40.92,524400,6.78
2004-03-24,40.99,41.00,39.48,40.00,468000,6.62
2004-03-23,42.02,42.17,40.99,41.44,285600,6.86
2004-03-22,42.95,42.97,41.60,42.00,528600,6.96
2004-03-19,42.40,43.05,41.98,42.45,360600,7.03
2004-03-18,42.15,42.54,41.72,42.05,221400,6.96
2004-03-17,41.99,42.60,41.17,41.69,346200,6.90
2004-03-16,41.94,42.00,40.59,41.55,306600,6.88
2004-03-15,39.25,41.74,39.01,40.99,588000,6.79
2004-03-12,41.03,41.50,39.94,40.15,272400,6.65
2004-03-11,40.83,42.14,40.63,40.86,290400,6.77
2004-03-10,41.75,43.90,40.51,41.60,339000,6.89
2004-03-09,43.29,43.90,42.09,42.67,246600,7.07
2004-03-08,42.01,43.83,42.01,43.51,258600,7.21
2004-03-05,43.02,43.76,41.78,42.39,196800,7.02
2004-03-04,41.85,43.98,41.34,43.33,522000,7.18
2004-03-03,42.17,43.37,41.77,43.10,525000,7.14
2004-03-02,39.31,42.00,39.05,41.28,1359000,6.84
2004-03-01,40.00,42.40,39.14,39.45,1086000,6.53
2004-02-27,42.01,44.00,40.03,40.95,1028400,6.78
2004-02-26,40.36,43.15,40.36,42.28,529200,7.00
2004-02-25,40.51,41.85,39.47,41.58,339000,6.89
2004-02-24,40.35,41.48,39.50,40.70,548400,6.74
2004-02-23,42.49,42.49,39.75,39.96,1132800,6.62
2004-02-20,41.30,42.30,39.95,41.79,692400,6.92
2004-02-19,39.50,41.25,38.46,40.42,1321800,6.69
2004-02-18,41.09,41.77,39.06,39.33,640200,6.51
2004-02-17,43.39,45.19,40.64,41.36,1137000,6.85
2004-02-13,41.39,42.72,40.71,42.00,253200,6.96
2004-02-12,42.25,42.73,41.37,41.55,403800,6.88
2004-02-11,41.49,41.99,41.10,41.90,379800,6.94
2004-02-10,41.36,41.89,40.50,41.13,306600,6.81
2004-02-09,40.90,41.87,39.12,41.78,600600,6.92
2004-02-06,39.15,40.77,38.25,40.05,273600,6.63
2004-02-05,38.20,39.24,38.10,38.96,305400,6.45
2004-02-04,38.39,39.72,38.20,38.62,574200,6.40
2004-02-03,38.36,40.15,38.36,39.07,777600,6.47
2004-02-02,41.91,42.99,39.25,39.75,961200,6.58
2004-01-30,40.56,41.75,38.50,41.17,922200,6.82
2004-01-29,40.89,42.75,35.50,41.20,3045600,6.82
2004-01-28,46.70,46.70,41.43,42.74,1587000,7.08
2004-01-27,47.83,48.89,45.64,46.17,1577400,7.65
2004-01-26,43.79,47.58,43.00,47.05,2773200,7.79
2004-01-23,42.15,43.80,42.10,42.93,1356000,7.11
2004-01-22,42.29,42.30,41.51,42.20,507000,6.99
2004-01-21,41.60,42.35,40.10,42.03,444000,6.96
2004-01-20,42.43,42.50,41.75,42.01,697200,6.96
2004-01-16,42.30,42.49,41.72,42.00,706200,6.96
2004-01-15,41.25,42.50,41.25,41.71,823800,6.91
2004-01-14,42.39,42.41,40.73,42.10,461400,6.97
2004-01-13,40.65,42.32,40.58,41.75,874800,6.91
2004-01-12,40.05,41.65,40.00,40.65,1360200,6.73
2004-01-09,39.18,39.80,38.61,39.79,775200,6.59
2004-01-08,39.01,39.49,38.00,39.11,598200,6.48
2004-01-07,38.52,40.19,37.20,37.80,1229400,6.26
2004-01-06,38.00,39.76,37.85,39.15,511200,6.48
2004-01-05,40.63,41.00,37.31,38.99,1693200,6.46
2004-01-02,40.99,41.20,40.13,40.96,782400,6.78
2003-12-31,41.50,42.00,40.16,40.47,747600,6.70
2003-12-30,42.06,42.50,41.24,41.99,733200,6.95
2003-12-29,41.51,43.68,41.04,42.19,1220400,6.99
2003-12-26,41.51,42.74,41.50,42.73,222600,7.08
2003-12-24,42.83,42.95,40.52,41.89,373200,6.94
2003-12-23,41.51,42.50,39.50,42.50,1727400,7.04
2003-12-22,44.26,44.30,42.80,43.16,960600,7.15
2003-12-19,44.00,44.00,42.75,43.50,609600,7.20
2003-12-18,42.60,44.00,40.15,43.69,1732200,7.24
2003-12-17,42.61,43.96,41.70,42.13,1746600,6.98
2003-12-16,38.50,42.87,37.66,41.65,2017200,6.90
2003-12-15,40.00,40.25,37.05,38.10,1147800,6.31
2003-12-12,37.35,38.25,36.46,37.55,1022400,6.22
2003-12-11,36.20,36.82,33.14,35.95,2146800,5.95
2003-12-10,40.30,41.35,35.33,36.23,1629600,6.00
2003-12-09,39.18,41.20,38.82,39.55,1158000,6.55
2003-12-08,36.50,39.48,36.00,39.25,1038000,6.50
2003-12-05,35.91,37.50,35.21,36.92,786000,6.11
2003-12-04,38.50,38.50,36.19,37.78,824400,6.26
2003-12-03,38.99,39.45,37.77,38.50,873600,6.38
2003-12-02,36.42,38.75,36.38,38.42,958800,6.36
2003-12-01,35.00,36.97,34.71,36.80,1196400,6.09
2003-11-28,33.83,34.75,33.83,34.27,303600,5.68
2003-11-26,34.74,34.74,33.16,34.00,351000,5.63
2003-11-25,33.30,34.66,33.01,34.28,807000,5.68
2003-11-24,33.04,33.25,32.08,33.00,648000,5.47
2003-11-21,33.10,33.20,30.68,32.29,816000,5.35
2003-11-20,31.60,33.43,30.81,33.12,1299000,5.48
2003-11-19,28.95,31.75,28.19,31.50,1008600,5.22
2003-11-18,28.96,28.96,28.31,28.95,327600,4.79
2003-11-17,29.19,29.20,28.43,28.96,298200,4.80
2003-11-14,28.10,29.50,27.89,28.92,501600,4.79
2003-11-13,28.75,29.50,28.70,29.02,322200,4.81
2003-11-12,28.79,29.20,27.10,28.77,575400,4.76
2003-11-11,27.60,29.48,27.19,28.40,418200,4.70
2003-11-10,29.56,29.56,27.07,27.75,813600,4.60
2003-11-07,29.05,29.05,27.85,28.91,525600,4.79
2003-11-06,28.35,29.05,28.00,28.98,420000,4.76
2003-11-05,28.60,29.25,25.77,27.75,1015200,4.56
2003-11-04,28.03,29.50,27.70,28.51,870000,4.68
2003-11-03,26.02,28.20,25.96,27.69,1008600,4.55
2003-10-31,27.60,27.70,25.70,26.01,759600,4.27
2003-10-30,26.25,27.25,24.80,24.90,798600,4.09
2003-10-29,24.98,26.15,23.05,26.15,934200,4.29
2003-10-28,24.00,24.40,23.70,24.30,944400,3.99
2003-10-27,23.00,24.38,22.50,23.41,1439400,3.84
2003-10-24,21.60,21.93,20.02,21.75,1522800,3.57
2003-10-23,19.25,19.25,18.29,18.47,366000,3.03
2003-10-22,19.66,19.66,17.81,19.15,300600,3.14
2003-10-21,19.23,19.74,19.23,19.60,102000,3.22
2003-10-20,19.75,19.75,18.95,19.22,144600,3.16
2003-10-17,19.54,19.69,19.10,19.35,170400,3.18
2003-10-16,20.49,21.00,19.41,19.70,233400,3.23
2003-10-15,20.37,20.55,19.75,20.30,179400,3.33
2003-10-14,19.47,20.50,18.92,20.16,413400,3.31
2003-10-13,19.45,19.55,19.00,19.44,164400,3.19
2003-10-10,19.05,19.45,19.00,19.34,41400,3.18
2003-10-09,18.97,19.50,18.97,19.44,177000,3.19
2003-10-08,19.95,19.95,18.76,19.12,168000,3.14
2003-10-07,18.63,19.60,18.12,19.60,277800,3.22
2003-10-06,18.65,18.84,18.11,18.74,304200,3.08
2003-10-03,17.85,18.54,17.30,18.54,498000,3.04
2003-10-02,17.81,18.54,17.81,17.82,297600,2.93
2003-10-01,18.37,18.65,17.98,18.30,294000,3.00
2003-09-30,18.19,19.00,17.57,18.46,472800,3.03
2003-09-29,17.00,18.15,16.70,17.68,1339800,2.90
2003-09-26,18.05,18.30,16.64,17.22,1030800,2.83
2003-09-25,19.20,19.20,17.43,18.45,1794000,3.03
2003-09-24,20.45,20.55,19.00,19.21,756000,3.15
2003-09-23,20.50,20.60,20.25,20.50,600000,3.37
2003-09-22,20.72,20.74,19.72,20.50,678000,3.37
2003-09-19,20.36,20.97,19.00,20.12,2252400,3.30
2003-09-18,21.07,21.45,20.16,20.44,769200,3.36
2003-09-17,21.70,21.70,21.06,21.11,505200,3.47
2003-09-16,21.90,21.90,21.10,21.24,1241400,3.49
2003-09-15,20.60,22.05,20.34,21.50,2066400,3.53
2003-09-12,20.50,20.55,20.29,20.44,156000,3.36
2003-09-11,20.60,20.64,20.31,20.45,167400,3.36
2003-09-10,20.90,20.90,20.29,20.29,262200,3.33
2003-09-09,20.95,21.00,20.75,20.85,442200,3.42
2003-09-08,20.45,20.90,20.13,20.85,602400,3.42
2003-09-05,21.00,21.00,20.52,20.56,280800,3.38
2003-09-04,20.28,21.00,20.28,20.75,711600,3.41
2003-09-03,20.89,21.00,20.26,20.50,373200,3.37
2003-09-02,20.01,20.85,20.00,20.80,609000,3.41
2003-08-29,20.70,20.70,20.00,20.20,203400,3.32
2003-08-28,20.80,20.85,20.31,20.65,187800,3.39
2003-08-27,21.08,21.08,20.56,20.77,158400,3.41
2003-08-26,20.95,21.00,20.15,20.68,764400,3.40
2003-08-25,21.30,21.30,20.25,20.49,393600,3.36
2003-08-22,21.70,21.77,19.23,20.68,541200,3.40
2003-08-21,20.69,21.00,20.40,21.00,411600,3.45
2003-08-20,20.87,21.17,20.44,20.50,591600,3.37
2003-08-19,20.44,20.44,19.56,19.84,527400,3.26
2003-08-18,19.15,20.22,19.15,19.56,726600,3.21
2003-08-15,18.48,18.75,18.09,18.09,52200,2.97
2003-08-14,17.78,18.91,17.78,18.40,242400,3.02
2003-08-13,18.40,18.50,17.75,17.98,206400,2.95
2003-08-12,17.45,18.04,17.18,17.77,355800,2.92
2003-08-11,16.01,17.42,16.00,17.40,202200,2.86
2003-08-08,16.16,17.00,16.16,16.90,156000,2.77
2003-08-07,17.87,17.87,15.70,16.97,276000,2.79
2003-08-06,17.98,18.10,17.47,17.69,322800,2.90
2003-08-05,18.45,18.45,18.00,18.00,147000,2.96
2003-08-04,18.10,18.55,17.85,18.20,451800,2.99
2003-08-01,17.95,17.99,17.80,17.80,174000,2.92
2003-07-31,18.24,18.25,17.86,17.95,309600,2.95
2003-07-30,17.05,18.25,16.90,17.97,597000,2.95
2003-07-29,16.79,16.95,16.50,16.90,147600,2.77
2003-07-28,16.39,16.80,15.71,16.31,106200,2.68
2003-07-25,15.91,16.10,15.71,15.90,120000,2.61
2003-07-24,15.90,16.26,15.90,15.99,156600,2.63
2003-07-23,15.27,15.92,15.20,15.92,85800,2.61
2003-07-22,15.00,15.25,14.63,15.01,90000,2.46
2003-07-21,14.75,15.00,14.29,15.00,37200,2.46
2003-07-18,14.79,14.79,14.53,14.61,48000,2.40
2003-07-17,14.56,14.89,14.50,14.78,49200,2.43
2003-07-16,13.94,14.69,13.76,14.42,20400,2.37
2003-07-15,13.72,13.85,13.72,13.85,10800,2.27
2003-07-14,13.80,14.61,13.70,13.85,200400,2.27
2003-07-11,14.20,14.30,12.31,13.85,196200,2.27
2003-07-10,13.92,14.20,12.31,13.86,159600,2.28
2003-07-09,14.23,14.23,14.02,14.06,49200,2.31
2003-07-08,13.66,14.20,13.66,14.20,46200,2.33
2003-07-07,14.30,14.33,12.31,14.29,824400,2.35
2003-07-03,14.00,14.30,14.00,14.30,31200,2.35
2003-07-02,14.04,14.30,14.04,14.28,139200,2.34
2003-07-01,13.93,14.05,13.80,14.05,36000,2.31
2003-06-30,14.20,14.20,13.94,14.00,88800,2.30
2003-06-27,14.03,14.25,14.03,14.25,55800,2.34
2003-06-26,14.00,14.03,13.97,14.00,49800,2.30
2003-06-25,14.00,14.01,13.90,14.00,31200,2.30
2003-06-24,13.93,13.94,13.80,13.81,252600,2.27
2003-06-23,14.20,14.20,13.90,13.90,132000,2.28
2003-06-20,13.97,13.97,13.84,13.90,199200,2.28
2003-06-19,14.58,14.58,14.05,14.09,48000,2.31
2003-06-18,13.69,15.00,13.69,14.52,159600,2.38
2003-06-17,13.10,13.90,13.05,13.86,144000,2.28
2003-06-16,12.95,13.20,12.95,13.09,150600,2.15
2003-06-13,13.09,13.14,12.99,13.02,71400,2.14
2003-06-12,12.96,13.22,12.85,13.00,208200,2.13
2003-06-11,12.45,12.92,12.41,12.84,107400,2.11
2003-06-10,12.24,12.70,12.04,12.47,321000,2.05
2003-06-09,11.90,12.00,11.84,11.99,214800,1.97
2003-06-06,11.72,11.95,11.60,11.90,193800,1.95
2003-06-05,11.53,11.62,11.53,11.60,174600,1.90
2003-06-04,11.61,11.85,11.60,11.60,147600,1.90
2003-06-03,11.26,11.61,11.25,11.60,235200,1.90
2003-06-02,11.65,11.90,10.44,11.55,149400,1.90
2003-05-30,11.62,11.65,11.33,11.65,196800,1.91
2003-05-29,11.67,11.67,11.59,11.61,40800,1.91
2003-05-28,11.27,11.63,11.27,11.60,44400,1.90
2003-05-27,11.60,11.60,11.38,11.60,67800,1.90
2003-05-23,11.62,11.62,11.55,11.60,18000,1.90
2003-05-22,11.55,11.60,11.41,11.60,27000,1.90
2003-05-21,11.57,11.62,11.10,11.62,54000,1.91
2003-05-20,11.60,11.81,11.23,11.60,66000,1.90
2003-05-19,11.74,11.74,11.61,11.61,5400,1.91
2003-05-16,11.80,11.83,11.55,11.74,43800,1.93
2003-05-15,11.60,11.78,11.60,11.72,111000,1.92
2003-05-14,11.61,11.75,11.56,11.61,57600,1.91
2003-05-13,11.60,11.90,11.50,11.66,67800,1.91
2003-05-12,11.32,11.74,11.20,11.68,85800,1.92
2003-05-09,11.63,11.82,11.47,11.52,402600,1.89
2003-05-08,11.89,11.89,11.69,11.69,132600,1.92
2003-05-07,11.95,11.95,11.61,11.75,237000,1.93
2003-05-06,11.50,11.80,11.31,11.75,324600,1.93
2003-05-05,11.80,11.90,11.53,11.53,180600,1.89
2003-05-02,11.89,11.95,11.83,11.91,84600,1.96
2003-05-01,11.97,12.18,11.60,11.70,89400,1.92
2003-04-30,12.06,12.09,11.56,11.85,70800,1.95
2003-04-29,12.09,12.09,12.07,12.07,6000,1.98
2003-04-28,12.59,12.59,11.90,12.06,189600,1.98
2003-04-25,12.17,12.22,12.00,12.01,35400,1.97
2003-04-24,12.06,12.54,11.83,11.96,106200,1.96
2003-04-23,11.35,12.58,11.34,12.05,221400,1.98
2003-04-22,11.35,11.35,11.25,11.35,79800,1.86
2003-04-21,11.05,11.34,11.05,11.33,109200,1.86
2003-04-17,10.99,11.30,10.97,11.05,105000,1.81
2003-04-16,10.96,11.04,10.96,11.00,27000,1.81
2003-04-15,11.11,11.11,11.00,11.04,36000,1.81
2003-04-14,11.08,11.09,11.00,11.00,59400,1.81
2003-04-11,11.09,11.11,11.00,11.05,121200,1.81
2003-04-10,10.95,11.12,10.95,11.09,101400,1.82
2003-04-09,11.04,11.05,10.95,11.05,28200,1.81
2003-04-08,11.08,11.10,11.01,11.10,310800,1.82
2003-04-07,11.03,11.41,10.99,11.00,126000,1.81
2003-04-04,11.09,11.14,11.00,11.03,174000,1.81
2003-04-03,11.05,11.22,11.00,11.00,138600,1.81
2003-04-02,10.95,11.08,10.79,11.00,339600,1.81
2003-04-01,10.90,10.95,10.78,10.95,97800,1.80
2003-03-31,10.45,11.00,10.45,10.98,38400,1.80
2003-03-28,10.77,10.98,10.77,10.80,127200,1.77
2003-03-27,10.61,10.94,10.61,10.75,19800,1.76
2003-03-26,10.60,10.90,10.55,10.67,360600,1.75
2003-03-25,10.60,10.85,10.60,10.68,133800,1.75
2003-03-24,10.53,10.65,10.52,10.54,148200,1.73
2003-03-21,10.80,10.80,10.55,10.55,122400,1.73
2003-03-20,10.50,10.75,10.50,10.75,216000,1.76
2003-03-19,10.55,10.60,10.50,10.50,139200,1.72
2003-03-18,10.40,10.60,10.39,10.55,235200,1.73
2003-03-17,10.41,10.80,10.41,10.70,133200,1.76
2003-03-14,10.55,10.80,10.37,10.78,217200,1.77
2003-03-13,10.25,10.72,10.06,10.61,157200,1.74
2003-03-12,10.44,10.50,10.25,10.29,163200,1.69
2003-03-11,10.20,10.41,10.20,10.38,23400,1.70
2003-03-10,10.17,10.40,10.15,10.40,59400,1.71
2003-03-07,10.46,10.50,9.60,10.40,685200,1.71
2003-03-06,10.50,10.53,10.36,10.40,158400,1.71
2003-03-05,10.54,10.54,10.49,10.51,58800,1.73
2003-03-04,10.54,10.60,10.54,10.60,38400,1.74
2003-03-03,10.70,10.70,10.67,10.70,113400,1.76
2003-02-28,10.70,10.70,10.52,10.69,67200,1.76
2003-02-27,10.70,10.70,10.66,10.70,566400,1.76
2003-02-26,10.67,10.69,10.67,10.69,9000,1.76
2003-02-25,10.69,10.69,10.52,10.52,5400,1.73
2003-02-24,10.61,10.68,10.59,10.68,12600,1.75
2003-02-21,10.54,10.74,10.54,10.70,21000,1.76
2003-02-20,10.45,10.70,10.31,10.58,33600,1.74
2003-02-19,10.33,10.55,10.33,10.49,15600,1.72
2003-02-18,10.41,10.50,10.31,10.42,142200,1.71
2003-02-14,10.68,10.75,10.54,10.69,85800,1.76
2003-02-13,10.69,10.75,10.62,10.65,67800,1.75
2003-02-12,10.65,10.74,10.65,10.70,37200,1.76
2003-02-11,10.61,10.69,10.44,10.69,63000,1.76
2003-02-10,11.00,11.00,10.43,10.55,160200,1.73
2003-02-07,11.00,11.00,11.00,11.00,1200,1.81
2003-02-06,11.04,11.05,11.00,11.00,4800,1.81
2003-02-05,11.29,11.29,11.13,11.13,18600,1.83
2003-02-04,11.18,11.28,11.18,11.28,7800,1.85
2003-02-03,10.92,11.30,10.81,11.30,73800,1.86
2003-01-31,10.85,10.97,10.78,10.80,45000,1.77
2003-01-30,10.96,11.00,10.95,10.95,40200,1.80
2003-01-29,10.98,11.01,10.95,10.95,81600,1.80
2003-01-28,10.90,11.03,10.86,11.00,129600,1.81
2003-01-27,10.83,10.90,10.83,10.85,5400,1.78
2003-01-24,11.09,11.09,10.85,10.94,88200,1.80
2003-01-23,11.10,11.10,11.06,11.09,33600,1.82
2003-01-22,10.96,11.20,10.90,11.20,194400,1.84
2003-01-21,10.97,11.12,10.90,10.94,61800,1.80
2003-01-17,11.17,11.36,10.90,10.90,86400,1.79
2003-01-16,11.37,11.37,11.08,11.08,20400,1.82
2003-01-15,11.33,11.52,11.21,11.47,19800,1.88
2003-01-14,11.50,11.52,11.29,11.30,78600,1.86
2003-01-13,11.35,11.40,11.12,11.40,79200,1.87
2003-01-10,11.01,11.05,11.00,11.02,73800,1.81
2003-01-09,11.00,11.05,10.99,10.99,91800,1.80
2003-01-08,10.99,11.00,10.77,10.99,72000,1.80
2003-01-07,10.55,11.49,10.55,11.05,210000,1.81
2003-01-06,10.60,10.89,10.50,10.60,136800,1.74
2003-01-03,10.55,10.85,10.55,10.76,93600,1.77
2003-01-02,10.50,10.63,10.50,10.55,158400,1.73
2002-12-31,10.50,10.60,10.47,10.60,188400,1.74
2002-12-30,10.53,10.60,10.50,10.55,54000,1.73
2002-12-27,10.50,10.55,10.42,10.55,87600,1.73
2002-12-26,10.50,10.55,10.49,10.55,52200,1.73
2002-12-24,10.50,10.63,10.50,10.54,102000,1.73
2002-12-23,10.49,10.59,10.32,10.50,98400,1.72
2002-12-20,10.64,10.64,10.37,10.52,57000,1.73
2002-12-19,10.50,10.60,10.34,10.60,13800,1.74
2002-12-18,10.37,10.43,10.34,10.43,24000,1.71
2002-12-17,10.36,10.43,10.36,10.43,7200,1.71
2002-12-16,10.10,10.62,10.05,10.27,41400,1.69
2002-12-13,10.59,10.59,10.06,10.06,56400,1.65
2002-12-12,10.58,10.58,10.53,10.53,12600,1.73
2002-12-11,10.64,10.64,10.51,10.51,11400,1.73
2002-12-10,10.73,10.74,10.12,10.60,31200,1.74
2002-12-09,10.25,10.83,10.25,10.80,21000,1.77
2002-12-06,10.51,10.51,10.31,10.38,11400,1.70
2002-12-05,10.50,10.56,10.50,10.56,8400,1.73
2002-12-04,9.96,10.54,9.96,10.24,20400,1.68
2002-12-03,10.53,10.55,10.50,10.55,19800,1.73
2002-12-02,10.47,10.60,10.47,10.60,79800,1.74
2002-11-29,10.10,10.40,10.09,10.40,31800,1.71
2002-11-27,9.84,11.38,9.80,10.01,282600,1.64
2002-11-26,9.68,9.87,9.50,9.87,102000,1.62
2002-11-25,9.77,9.90,9.61,9.90,7800,1.63
2002-11-22,9.74,10.15,9.74,9.96,35400,1.64
2002-11-21,9.98,10.09,9.47,9.47,76800,1.55
2002-11-20,9.79,9.99,9.79,9.98,8400,1.64
2002-11-19,9.91,10.05,9.77,10.00,42000,1.64
2002-11-18,9.80,10.21,9.80,10.07,60600,1.65
2002-11-15,9.82,9.95,9.81,9.81,25200,1.61
2002-11-14,9.90,9.96,9.85,9.85,24600,1.62
2002-11-13,9.99,10.00,9.86,10.00,11400,1.64
2002-11-12,9.30,10.05,9.30,10.04,208200,1.65
2002-11-11,9.40,9.40,9.30,9.30,61800,1.53
2002-11-08,9.45,9.45,9.45,9.45,10800,1.55
2002-11-07,9.49,9.49,9.37,9.49,21000,1.56
2002-11-06,9.40,9.54,9.40,9.42,109200,1.55
2002-11-05,9.40,9.40,9.37,9.37,43800,1.54
2002-11-04,9.10,9.41,9.10,9.41,39600,1.54
2002-11-01,9.12,9.16,9.12,9.16,1800,1.50
2002-10-31,9.15,9.15,9.11,9.11,6000,1.50
2002-10-30,8.55,9.25,8.55,9.16,147000,1.50
2002-10-29,8.68,8.70,8.60,8.70,66600,1.43
2002-10-28,8.55,8.69,8.55,8.69,32400,1.43
2002-10-25,8.43,8.73,8.43,8.45,15600,1.39
2002-10-24,9.00,9.20,9.00,9.15,94800,1.50
2002-10-23,8.75,9.00,8.75,9.00,25800,1.48
2002-10-22,8.15,8.64,8.15,8.64,16200,1.42
2002-10-21,8.28,8.28,7.55,7.55,32400,1.24
2002-10-18,7.70,8.00,7.55,8.00,1800,1.31
2002-10-17,7.99,8.25,7.67,8.25,25200,1.35
2002-10-16,7.86,7.99,7.86,7.99,9000,1.31
2002-10-15,7.76,8.09,7.60,7.85,29400,1.29
2002-10-14,8.35,8.35,7.50,7.75,29400,1.27
2002-10-11,8.37,8.37,8.37,8.37,000,1.37
2002-10-10,8.54,8.54,8.37,8.37,9000,1.37
2002-10-09,8.66,8.75,8.66,8.75,27000,1.44
2002-10-08,8.72,8.99,8.72,8.99,1800,1.48
2002-10-07,8.45,9.00,8.45,8.75,11400,1.44
2002-10-04,8.45,8.91,8.45,8.91,2400,1.46
2002-10-03,9.00,9.19,9.00,9.15,13800,1.50
2002-10-02,9.09,9.09,9.09,9.09,000,1.49
2002-10-01,8.85,9.09,8.75,9.09,20400,1.49
2002-09-30,8.63,8.80,8.52,8.79,123000,1.44
2002-09-27,8.90,8.90,8.90,8.90,000,1.46
2002-09-26,9.07,9.07,8.75,8.90,66600,1.46
2002-09-25,9.00,9.00,8.85,8.85,38400,1.45
2002-09-24,8.60,8.85,8.60,8.80,45000,1.44
2002-09-23,9.05,9.05,8.65,8.72,29400,1.43
2002-09-20,8.98,9.10,8.98,9.10,12600,1.49
2002-09-19,9.05,9.05,8.98,9.00,57600,1.48
2002-09-18,9.20,9.20,8.87,8.99,147600,1.48
2002-09-17,9.25,9.25,9.25,9.25,4800,1.52
2002-09-16,9.15,9.15,9.15,9.15,000,1.50
2002-09-13,9.25,9.38,9.15,9.15,145800,1.50
2002-09-12,9.30,9.30,9.00,9.25,136200,1.52
2002-09-11,9.30,9.30,9.20,9.25,63600,1.52
2002-09-10,9.42,9.42,8.93,9.00,47400,1.48
2002-09-09,8.83,9.00,8.66,9.00,9600,1.48
2002-09-06,9.34,9.41,9.05,9.30,55800,1.53
2002-09-05,9.10,9.36,9.10,9.25,60000,1.52
2002-09-04,8.90,9.35,8.90,9.23,71400,1.52
2002-09-03,8.65,8.90,8.21,8.90,114000,1.46
2002-08-30,8.52,9.00,8.52,9.00,126600,1.48
2002-08-29,8.42,8.75,8.26,8.75,25200,1.44
2002-08-28,9.70,9.70,8.27,8.55,147600,1.40
2002-08-27,9.70,9.79,9.50,9.70,94200,1.59
2002-08-26,9.75,9.80,9.70,9.80,131400,1.61
2002-08-23,9.90,9.98,9.61,9.93,118800,1.63
2002-08-22,9.79,10.25,9.75,9.95,247800,1.63
2002-08-21,9.50,9.85,9.40,9.69,219600,1.59
2002-08-20,9.10,9.50,9.08,9.35,164400,1.54
2002-08-19,8.26,9.10,8.26,9.10,424800,1.49
2002-08-16,8.79,8.80,8.79,8.80,2400,1.44
2002-08-15,8.50,8.57,8.50,8.57,36000,1.41
2002-08-14,8.40,8.40,8.40,8.40,24000,1.38
2002-08-13,8.45,8.45,8.17,8.17,81600,1.34
2002-08-12,8.60,8.60,8.36,8.36,6600,1.37
2002-08-09,8.69,8.69,8.40,8.50,6000,1.40
2002-08-08,8.23,8.91,8.23,8.60,79200,1.41
2002-08-07,8.80,8.80,8.00,8.22,31200,1.35
2002-08-06,8.01,8.12,8.00,8.12,3600,1.33
2002-08-05,8.15,8.16,8.15,8.15,3000,1.34
2002-08-02,8.25,8.25,8.25,8.25,2400,1.35
2002-08-01,8.35,8.35,8.35,8.35,000,1.37
2002-07-31,8.40,8.40,8.00,8.35,10800,1.37
2002-07-30,8.35,8.35,8.34,8.34,3600,1.37
2002-07-29,8.05,8.35,8.05,8.35,17400,1.37
2002-07-26,8.04,8.04,8.03,8.03,1200,1.32
2002-07-25,8.00,8.30,8.00,8.05,22200,1.32
2002-07-24,8.00,8.01,7.65,8.00,48600,1.31
2002-07-23,8.40,8.85,8.00,8.00,59400,1.31
2002-07-22,8.51,8.51,8.40,8.40,49200,1.38
2002-07-19,8.50,8.50,8.50,8.50,25800,1.40
2002-07-18,8.01,8.74,8.00,8.57,55200,1.41
2002-07-17,8.09,8.90,8.09,8.68,66000,1.43
2002-07-16,8.01,8.01,8.00,8.00,92400,1.31
2002-07-15,7.70,8.89,7.70,8.10,72000,1.33
2002-07-12,8.00,8.60,8.00,8.60,13800,1.41
2002-07-11,8.10,8.10,8.00,8.00,21000,1.31
2002-07-10,7.84,8.61,7.84,8.37,63000,1.37
2002-07-09,7.90,8.70,7.85,7.85,51000,1.29
2002-07-08,7.95,7.95,7.25,7.88,138000,1.29
2002-07-05,8.00,8.00,7.95,7.95,11400,1.31
2002-07-03,8.21,8.27,8.13,8.17,25200,1.34
2002-07-02,8.77,8.77,8.00,8.19,182400,1.34
2002-07-01,9.50,9.79,8.65,8.98,26400,1.47
2002-06-28,9.70,9.70,8.55,9.50,126000,1.56
2002-06-27,9.55,9.70,9.40,9.70,5400,1.59
2002-06-26,9.60,9.70,9.40,9.40,117000,1.54
2002-06-25,9.04,9.90,9.04,9.71,257400,1.59
2002-06-24,9.23,9.35,8.98,9.35,169800,1.54
2002-06-21,8.84,8.87,8.54,8.83,49200,1.45
2002-06-20,8.36,8.85,8.36,8.85,71400,1.45
2002-06-19,8.30,8.45,8.25,8.30,164400,1.36
2002-06-18,8.14,8.30,8.13,8.25,117600,1.35
2002-06-17,8.25,8.25,8.12,8.12,28200,1.33
2002-06-14,8.22,8.22,8.06,8.06,9000,1.32
2002-06-13,8.01,8.01,8.01,8.01,600,1.32
2002-06-12,8.16,8.22,8.15,8.21,42600,1.35
2002-06-11,8.10,8.24,8.00,8.10,29400,1.33
2002-06-10,8.01,8.07,8.01,8.07,3000,1.32
2002-06-07,8.01,8.02,7.90,8.00,10800,1.31
2002-06-06,8.00,8.10,8.00,8.00,27000,1.31
2002-06-05,7.36,8.00,7.36,8.00,74400,1.31
2002-06-04,7.73,8.00,7.73,8.00,37200,1.31
2002-06-03,7.80,7.85,7.80,7.85,300600,1.29
2002-05-31,7.45,7.80,7.45,7.80,53400,1.28
2002-05-30,7.41,7.51,7.41,7.51,31200,1.23
2002-05-29,7.35,7.35,7.35,7.35,000,1.21
2002-05-28,7.35,7.35,7.35,7.35,1800,1.21
2002-05-24,7.60,7.66,7.50,7.60,27600,1.25
2002-05-23,7.60,7.60,7.59,7.60,55800,1.25
2002-05-22,7.42,7.62,7.42,7.62,340200,1.25
2002-05-21,7.55,7.55,7.55,7.55,000,1.24
2002-05-20,7.67,7.67,7.36,7.55,42000,1.24
2002-05-17,7.60,7.69,7.57,7.69,204600,1.26
2002-05-16,7.53,7.60,7.51,7.60,30000,1.25
2002-05-15,7.38,7.51,7.38,7.50,48000,1.23
2002-05-14,7.60,7.65,7.50,7.50,172800,1.23
2002-05-13,7.45,7.69,7.45,7.61,142800,1.25
2002-05-10,7.40,7.50,7.30,7.50,163800,1.23
2002-05-09,7.10,7.25,7.10,7.22,612000,1.19
2002-05-08,7.10,7.25,7.10,7.22,349200,1.19
2002-05-07,6.75,7.50,6.75,7.10,705000,1.17
2002-05-06,6.84,6.90,6.75,6.90,40200,1.13
2002-05-03,6.75,6.80,6.60,6.80,51600,1.12
2002-05-02,6.80,6.85,6.69,6.75,21000,1.11
2002-05-01,6.80,6.80,6.65,6.65,224400,1.09
2002-04-30,6.60,6.60,6.51,6.51,18600,1.07
2002-04-29,6.80,6.80,6.60,6.60,10800,1.08
2002-04-26,6.50,6.80,6.50,6.80,9000,1.12
2002-04-25,6.50,6.80,6.50,6.80,6600,1.12
2002-04-24,6.60,6.61,6.40,6.50,86400,1.07
2002-04-23,6.55,6.63,6.40,6.55,29400,1.08
2002-04-22,6.50,6.50,6.50,6.50,000,1.07
2002-04-19,6.81,6.82,6.50,6.50,11400,1.07
2002-04-18,6.40,6.50,6.40,6.45,17400,1.06
2002-04-17,6.40,6.40,6.40,6.40,18600,1.05
2002-04-16,6.62,6.81,6.62,6.62,49200,1.09
2002-04-15,6.62,6.62,6.62,6.62,16200,1.09
2002-04-12,6.41,6.75,6.41,6.62,61800,1.09
2002-04-11,6.35,6.50,6.35,6.50,40200,1.07
2002-04-10,6.35,6.35,6.35,6.35,6600,1.04
2002-04-09,6.20,6.25,6.00,6.00,18000,0.99
2002-04-08,6.25,6.25,6.20,6.20,15000,1.02
2002-04-05,6.25,6.29,6.25,6.29,12000,1.03
2002-04-04,6.25,6.35,6.25,6.35,18000,1.04
2002-04-03,6.38,6.43,6.25,6.25,208200,1.03
2002-04-02,6.38,6.40,6.31,6.38,28200,1.05
2002-04-01,6.31,6.40,6.31,6.38,16200,1.05
2002-03-28,6.30,6.40,6.30,6.40,7200,1.05
2002-03-27,6.40,6.40,6.40,6.40,000,1.05
2002-03-26,6.48,6.48,6.40,6.40,6600,1.05
2002-03-25,6.25,6.29,6.25,6.29,4800,1.03
2002-03-22,6.11,6.32,6.11,6.25,9000,1.03
2002-03-21,6.20,6.25,6.20,6.20,12600,1.02
2002-03-20,6.07,6.25,6.07,6.25,27000,1.03
2002-03-19,6.14,6.14,6.06,6.06,59400,0.99
2002-03-18,6.05,6.05,6.05,6.05,8400,0.99
2002-03-15,6.00,6.01,6.00,6.01,3000,0.99
2002-03-14,6.00,6.00,6.00,6.00,19800,0.99
2002-03-13,6.15,6.15,6.00,6.00,10200,0.99
2002-03-12,6.00,6.00,6.00,6.00,1800,0.99
2002-03-11,5.91,6.00,5.73,6.00,64800,0.99
2002-03-08,6.00,6.00,6.00,6.00,4200,0.99
2002-03-07,5.90,6.46,5.90,6.46,2400,1.06
2002-03-06,6.10,6.10,5.95,5.99,22200,0.98
2002-03-05,6.07,6.10,5.89,6.00,9600,0.99
2002-03-04,5.90,6.10,5.90,6.08,9600,1.00
2002-03-01,6.40,6.40,5.90,5.90,25800,0.97
2002-02-28,5.90,6.30,5.80,6.30,19200,1.03
2002-02-27,5.90,5.90,5.90,5.90,000,0.97
2002-02-26,5.90,5.90,5.90,5.90,000,0.97
2002-02-25,5.91,6.30,5.90,5.90,3600,0.97
2002-02-22,6.10,6.10,6.10,6.10,000,1.00
2002-02-21,5.81,6.14,5.80,6.10,30000,1.00
2002-02-20,6.20,6.20,5.81,6.19,15600,1.02
2002-02-19,6.20,6.45,5.70,5.81,39000,0.95
2002-02-15,6.15,6.20,6.15,6.20,3600,1.02
2002-02-14,6.38,6.41,6.23,6.38,36000,1.05
2002-02-13,6.37,6.37,6.35,6.37,10200,1.05
2002-02-12,6.12,6.39,6.12,6.39,30600,1.05
2002-02-11,6.40,6.40,5.79,5.79,6000,0.95
2002-02-08,6.40,6.40,6.25,6.25,10800,1.03
2002-02-07,6.40,6.40,6.17,6.20,46200,1.02
2002-02-06,6.40,6.40,6.00,6.24,46200,1.02
2002-02-05,6.25,6.25,5.98,5.99,15000,0.98
2002-02-04,6.12,6.39,6.12,6.25,8400,1.03
2002-02-01,6.07,6.30,6.00,6.12,25200,1.00
2002-01-31,6.35,6.40,6.00,6.35,78000,1.04
2002-01-30,6.34,6.34,6.00,6.21,100200,1.02
2002-01-29,6.35,6.35,6.20,6.30,10800,1.03
2002-01-28,6.44,6.45,6.15,6.15,89400,1.01
2002-01-25,6.45,6.45,6.34,6.45,37800,1.06
2002-01-24,6.45,6.45,6.33,6.45,58800,1.06
2002-01-23,6.45,6.45,6.33,6.33,103800,1.04
2002-01-22,6.32,6.50,6.32,6.49,15000,1.07
2002-01-18,6.16,6.45,6.15,6.34,26400,1.04
2002-01-17,6.37,6.45,6.37,6.39,38400,1.05
2002-01-16,6.74,6.74,6.38,6.50,102600,1.07
2002-01-15,6.49,6.81,6.40,6.52,387600,1.07
2002-01-14,6.48,6.48,6.35,6.36,138000,1.04
2002-01-11,6.50,6.50,6.25,6.49,103200,1.07
2002-01-10,6.20,6.50,6.13,6.18,399600,1.01
2002-01-09,6.12,6.50,5.96,6.20,166200,1.02
2002-01-08,5.98,6.00,5.80,5.96,792000,0.98
2002-01-07,5.95,6.00,5.84,5.95,165000,0.98
2002-01-04,5.90,5.95,5.88,5.95,77400,0.98
2002-01-03,6.00,6.00,5.70,5.75,54000,0.94
2002-01-02,5.45,6.00,5.05,5.25,37200,0.86
2001-12-31,5.55,5.81,5.18,5.20,43800,0.85
2001-12-28,5.10,5.25,5.10,5.25,15600,0.86
2001-12-27,5.05,5.60,4.90,5.43,54000,0.89
2001-12-26,5.04,5.04,4.65,4.90,43800,0.80
2001-12-24,5.05,5.05,4.85,5.05,15000,0.83
2001-12-21,4.90,5.00,4.70,5.00,62400,0.82
2001-12-20,4.35,4.90,4.35,4.75,97800,0.78
2001-12-19,4.45,4.93,4.10,4.50,2754600,0.74
2001-12-18,4.45,4.50,4.30,4.50,36600,0.74
2001-12-17,4.41,4.75,4.41,4.50,220800,0.74
2001-12-14,4.40,4.40,4.40,4.40,000,0.72
2001-12-13,4.40,4.40,4.40,4.40,6000,0.72
2001-12-12,4.40,4.45,4.25,4.45,18000,0.73
2001-12-11,4.70,4.70,4.45,4.50,150000,0.74
2001-12-10,5.00,5.00,4.85,4.85,4800,0.80
2001-12-07,4.80,5.00,4.62,5.00,44400,0.82
2001-12-06,4.71,5.00,4.48,5.00,3732600,0.82
2001-12-05,4.71,5.14,4.71,5.05,648000,0.83
2001-12-04,5.20,5.20,4.75,4.75,31200,0.78
2001-12-03,5.58,5.58,5.58,5.58,000,0.92
2001-11-30,5.58,5.58,5.58,5.58,3000,0.92
2001-11-29,5.05,5.58,5.05,5.58,27000,0.92
2001-11-28,5.00,5.08,5.00,5.08,10800,0.83
2001-11-27,4.49,5.00,4.35,5.00,25800,0.82
2001-11-26,4.50,4.50,4.50,4.50,2400,0.74
2001-11-23,4.30,4.30,4.30,4.30,000,0.71
2001-11-21,4.30,4.30,4.30,4.30,5400,0.71
2001-11-20,4.40,4.40,4.30,4.30,21000,0.71
2001-11-19,4.43,4.43,4.43,4.43,21600,0.73
2001-11-16,4.20,4.45,4.20,4.45,43800,0.73
2001-11-15,4.45,4.75,4.40,4.45,10800,0.73
2001-11-14,4.44,4.45,4.44,4.45,47400,0.73
2001-11-13,4.15,4.57,4.15,4.15,42600,0.68
2001-11-12,4.50,4.50,4.00,4.10,56400,0.67
2001-11-09,4.65,4.65,4.50,4.50,257400,0.74
2001-11-08,4.66,4.72,4.30,4.55,2495400,0.75
2001-11-07,4.70,4.70,4.65,4.65,67800,0.76
2001-11-06,4.70,4.75,4.70,4.75,33600,0.78
2001-11-05,4.75,4.75,4.75,4.75,7800,0.78
2001-11-02,4.89,4.89,4.75,4.75,33000,0.78
2001-11-01,4.71,4.71,4.71,4.71,26400,0.77
2001-10-31,4.89,4.89,4.70,4.70,11400,0.77
2001-10-30,4.80,4.80,4.80,4.80,000,0.79
2001-10-29,4.80,4.80,4.80,4.80,31200,0.79
2001-10-26,4.80,4.80,4.80,4.80,000,0.79
2001-10-25,4.80,4.80,4.80,4.80,000,0.79
2001-10-24,4.80,4.80,4.80,4.80,000,0.79
2001-10-23,5.00,5.00,4.75,4.80,19200,0.79
2001-10-22,4.81,5.00,4.80,5.00,40800,0.82
2001-10-19,4.82,4.90,4.81,4.90,35400,0.80
2001-10-18,4.83,4.85,4.83,4.83,38400,0.79
2001-10-17,4.90,4.90,4.75,4.75,22800,0.78
2001-10-16,4.90,5.00,4.90,5.00,21000,0.82
2001-10-15,4.90,4.90,4.90,4.90,7200,0.80
2001-10-12,4.80,4.80,4.80,4.80,19200,0.79
2001-10-11,5.00,5.00,4.61,4.75,11400,0.78
2001-10-10,5.15,5.15,5.05,5.05,6000,0.83
2001-10-09,5.15,5.15,5.15,5.15,000,0.85
2001-10-08,5.15,5.15,5.15,5.15,600,0.85
2001-10-05,5.15,5.15,5.15,5.15,36000,0.85
2001-10-04,5.25,5.25,5.25,5.25,1200,0.86
2001-10-03,5.15,5.31,5.15,5.31,4800,0.87
2001-10-02,5.06,5.15,5.06,5.15,21000,0.85
2001-10-01,5.15,5.15,5.15,5.15,000,0.85
2001-09-28,5.15,5.15,5.15,5.15,34200,0.85
2001-09-27,5.15,5.20,5.15,5.15,34200,0.85
2001-09-26,5.06,5.11,5.06,5.10,38400,0.84
2001-09-25,5.25,5.46,5.05,5.10,21000,0.84
2001-09-24,5.00,5.00,5.00,5.00,3000,0.82
2001-09-21,4.99,5.31,4.95,5.10,239400,0.84
2001-09-20,5.17,5.17,4.99,4.99,4200,0.82
2001-09-19,5.50,5.50,5.20,5.40,64200,0.89
2001-09-18,5.50,5.70,5.40,5.40,77400,0.89
2001-09-17,5.82,5.82,5.28,5.40,115200,0.89
2001-09-10,5.95,5.95,5.85,5.92,76800,0.97
2001-09-07,6.00,6.00,5.75,5.86,48000,0.96
2001-09-06,6.10,6.25,6.00,6.05,987000,0.99
2001-09-05,6.10,6.50,5.90,5.95,2108400,0.98
2001-09-04,6.20,6.30,6.15,6.15,57600,1.01
2001-08-31,6.10,6.40,6.10,6.10,104400,1.00
2001-08-30,5.90,5.95,5.90,5.95,7800,0.98
2001-08-29,5.90,5.90,5.90,5.90,16200,0.97
2001-08-28,5.90,5.90,5.90,5.90,1200,0.97
2001-08-27,5.90,6.00,5.90,6.00,30000,0.99
2001-08-24,6.05,6.05,6.05,6.05,24000,0.99
2001-08-23,5.95,6.15,5.95,6.15,193800,1.01
2001-08-22,5.91,5.95,5.90,5.95,14400,0.98
2001-08-21,5.99,6.00,5.90,5.90,72000,0.97
2001-08-20,5.90,5.95,5.90,5.90,130200,0.97
2001-08-17,5.90,5.90,5.90,5.90,24000,0.97
2001-08-16,6.10,6.10,6.10,6.10,000,1.00
2001-08-15,6.10,6.10,6.10,6.10,000,1.00
2001-08-14,6.10,6.20,6.00,6.10,396000,1.00
2001-08-13,5.85,5.85,5.85,5.85,000,0.96
2001-08-10,5.85,5.85,5.85,5.85,27000,0.96
2001-08-09,5.90,5.90,5.85,5.85,6600,0.96
2001-08-08,5.90,5.90,5.90,5.90,000,0.97
2001-08-07,5.90,5.90,5.90,5.90,000,0.97
2001-08-06,5.90,5.90,5.90,5.90,000,0.97
2001-08-03,5.90,5.90,5.90,5.90,000,0.97
2001-08-02,5.90,5.90,5.90,5.90,000,0.97
2001-08-01,5.90,5.90,5.90,5.90,8400,0.97
2001-07-31,5.80,5.80,5.78,5.78,5400,0.95
2001-07-30,5.85,5.85,5.85,5.85,000,0.96
2001-07-27,5.85,5.85,5.85,5.85,000,0.96
2001-07-26,5.85,5.85,5.85,5.85,000,0.96
2001-07-25,5.85,5.85,5.85,5.85,18000,0.96
2001-07-24,5.80,5.80,5.77,5.77,19800,0.95
2001-07-23,5.81,5.81,5.81,5.81,7200,0.95
2001-07-20,5.80,5.80,5.80,5.80,30600,0.95
2001-07-19,5.85,5.85,5.85,5.85,000,0.96
2001-07-18,5.80,5.85,5.80,5.85,27000,0.96
2001-07-17,5.80,6.10,5.80,5.95,6000,0.98
2001-07-16,5.95,5.95,5.95,5.95,6000,0.98
2001-07-13,5.85,5.85,5.85,5.85,000,0.96
2001-07-12,5.85,5.85,5.85,5.85,000,0.96
2001-07-11,5.82,5.85,5.82,5.85,30000,0.96
2001-07-10,5.80,5.80,5.80,5.80,3000,0.95
2001-07-09,5.80,5.80,5.80,5.80,45000,0.95
2001-07-06,5.80,5.80,5.80,5.80,600,0.95
2001-07-05,5.90,5.90,5.88,5.88,4800,0.97
2001-07-03,6.01,6.01,5.90,5.93,88800,0.97
2001-07-02,6.01,6.01,6.01,6.01,600,0.99
2001-06-29,6.00,6.00,5.90,6.00,107400,0.99
2001-06-28,6.00,6.00,6.00,6.00,1200,0.99
2001-06-27,6.00,6.00,6.00,6.00,6000,0.99
2001-06-26,6.00,6.00,6.00,6.00,000,0.99
2001-06-25,6.00,6.00,6.00,6.00,000,0.99
2001-06-22,6.25,6.25,6.00,6.00,14400,0.99
2001-06-21,6.01,6.01,6.01,6.01,600,0.99
2001-06-20,6.00,6.00,6.00,6.00,19200,0.99
2001-06-19,5.88,6.00,5.88,5.99,33600,0.98
2001-06-18,6.00,6.00,6.00,6.00,000,0.99
2001-06-15,6.00,6.00,5.88,6.00,13800,0.99
2001-06-14,6.00,6.00,5.88,6.00,67200,0.99
2001-06-13,6.01,6.01,6.01,6.01,1800,0.99
2001-06-12,6.00,6.00,6.00,6.00,000,0.99
2001-06-11,6.00,6.00,6.00,6.00,2400,0.99
2001-06-08,6.25,6.25,6.25,6.25,3000,1.03
2001-06-07,6.00,6.00,6.00,6.00,3600,0.99
2001-06-06,6.08,6.08,6.00,6.00,25200,0.99
2001-06-05,5.89,6.20,5.89,6.08,49200,1.00
2001-06-04,6.30,6.30,5.88,5.88,8400,0.97
2001-06-01,6.00,6.00,6.00,6.00,7200,0.99
2001-05-31,6.10,6.10,6.10,6.10,600,1.00
2001-05-30,6.00,6.00,6.00,6.00,000,0.99
2001-05-29,6.00,6.00,6.00,6.00,000,0.99
2001-05-25,6.00,6.00,6.00,6.00,000,0.99
2001-05-24,6.00,6.00,6.00,6.00,13800,0.99
2001-05-23,6.00,6.00,6.00,6.00,1200,0.99
2001-05-22,6.05,6.05,6.00,6.00,10800,0.99
2001-05-21,6.00,6.00,6.00,6.00,000,0.99
2001-05-18,6.00,6.00,6.00,6.00,000,0.99
2001-05-17,6.00,6.00,6.00,6.00,6000,0.99
2001-05-16,6.00,6.00,6.00,6.00,000,0.99
2001-05-15,6.00,6.00,6.00,6.00,1800,0.99
2001-05-14,6.01,6.01,6.01,6.01,2400,0.99
2001-05-11,6.00,6.00,6.00,6.00,000,0.99
2001-05-10,6.01,6.01,6.00,6.00,21600,0.99
2001-05-09,6.02,6.02,6.02,6.02,6000,0.99
2001-05-08,6.02,6.02,6.02,6.02,9600,0.99
2001-05-07,6.05,6.05,6.01,6.03,24000,0.99
2001-05-04,6.25,6.25,6.03,6.03,49200,0.99
2001-05-03,6.25,6.26,6.25,6.25,12600,1.03
2001-05-02,6.00,6.00,6.00,6.00,000,0.99
2001-05-01,6.00,6.00,6.00,6.00,000,0.99
2001-04-30,6.00,6.00,6.00,6.00,000,0.99
2001-04-27,6.00,6.00,6.00,6.00,000,0.99
2001-04-26,6.00,6.00,6.00,6.00,000,0.99
2001-04-25,6.00,6.00,6.00,6.00,27600,0.99
2001-04-24,6.50,6.50,6.10,6.10,6600,1.00
2001-04-23,6.75,6.75,6.11,6.11,31800,1.00
2001-04-20,6.30,7.49,6.30,7.45,48000,1.22
2001-04-19,5.95,5.95,5.95,5.95,000,0.98
2001-04-18,5.95,5.95,5.95,5.95,16800,0.98
2001-04-17,6.00,6.00,5.95,5.95,14400,0.98
2001-04-16,5.66,6.30,5.59,6.30,16200,1.03
2001-04-12,6.39,6.39,6.39,6.39,000,1.05
2001-04-11,6.39,6.39,6.39,6.39,12000,1.05
2001-04-10,5.65,6.42,5.65,6.25,29400,1.03
2001-04-09,5.61,6.25,5.60,6.25,7200,1.03
2001-04-06,6.25,6.25,6.25,6.25,000,1.03
2001-04-05,6.00,6.25,6.00,6.25,22800,1.03
2001-04-04,6.63,6.63,5.56,5.88,121200,0.96
2001-04-03,8.25,8.37,7.00,7.00,148200,1.15
2001-04-02,7.58,7.58,7.38,7.38,4200,1.21
2001-03-30,6.25,8.13,6.25,8.00,673200,1.31
2001-03-29,6.00,6.25,5.69,6.25,55200,1.03
2001-03-28,6.00,6.00,5.56,6.00,12000,0.99
2001-03-27,6.20,6.44,6.00,6.44,129600,1.06
2001-03-26,5.62,6.19,5.62,6.19,14400,1.02
2001-03-23,5.88,5.88,5.88,5.88,000,0.96
2001-03-22,5.81,5.88,5.62,5.88,9600,0.96
2001-03-21,5.81,5.81,5.81,5.81,600,0.95
2001-03-20,6.06,6.06,5.50,5.91,30600,0.97
2001-03-19,5.81,6.22,5.81,6.22,3600,1.02
2001-03-16,6.12,6.12,6.12,6.12,000,1.01
2001-03-15,6.00,6.12,6.00,6.12,16800,1.01
2001-03-14,6.06,6.06,5.88,6.00,64200,0.99
2001-03-13,6.06,6.22,6.06,6.22,91200,1.02
2001-03-12,6.16,6.47,6.12,6.47,11400,1.06
2001-03-09,6.42,6.42,6.12,6.12,3600,1.01
2001-03-08,6.12,6.12,6.12,6.12,4800,1.01
2001-03-07,6.23,6.23,6.23,6.23,9000,1.02
2001-03-06,6.19,6.22,6.19,6.22,20400,1.02
2001-03-05,5.88,6.12,5.88,6.12,18000,1.01
2001-03-02,6.12,6.12,6.06,6.12,53400,1.01
2001-03-01,5.94,5.94,5.94,5.94,18000,0.97
2001-02-28,6.00,6.00,6.00,6.00,24000,0.99
2001-02-27,6.12,6.12,6.12,6.12,000,1.01
2001-02-26,6.19,6.19,6.06,6.12,63000,1.01
2001-02-23,5.88,5.88,5.88,5.88,3600,0.96
2001-02-22,6.00,6.00,6.00,6.00,000,0.99
2001-02-21,5.88,6.00,5.88,6.00,37800,0.99
2001-02-20,5.88,5.88,5.88,5.88,8400,0.96
2001-02-16,5.88,5.88,5.88,5.88,13800,0.96
2001-02-15,5.94,5.94,5.94,5.94,27600,0.97
2001-02-14,5.94,5.94,5.94,5.94,48000,0.97
2001-02-13,5.94,5.94,5.94,5.94,52200,0.97
2001-02-12,5.94,5.94,5.94,5.94,31800,0.97
2001-02-09,6.00,6.00,6.00,6.00,000,0.99
2001-02-08,6.00,6.00,6.00,6.00,000,0.99
2001-02-07,5.94,6.22,5.94,6.00,255000,0.99
2001-02-06,5.88,5.94,5.88,5.94,69600,0.97
2001-02-05,5.94,5.94,5.94,5.94,13200,0.97
2001-02-02,5.81,5.94,5.81,5.94,15600,0.97
2001-02-01,5.97,5.97,5.94,5.94,16200,0.97
2001-01-31,5.94,5.94,5.88,5.94,101400,0.97
2001-01-30,5.88,5.88,5.88,5.88,3600,0.96
2001-01-29,5.81,5.88,5.81,5.88,18000,0.96
2001-01-26,6.00,6.00,6.00,6.00,000,0.99
2001-01-25,6.00,6.00,6.00,6.00,000,0.99
2001-01-24,5.81,6.00,5.81,6.00,33600,0.99
2001-01-23,6.00,6.00,5.75,5.75,93000,0.94
2001-01-22,5.75,5.75,5.75,5.75,000,0.94
2001-01-19,5.75,5.75,5.75,5.75,2400,0.94
2001-01-18,5.95,6.00,5.75,6.00,130200,0.99
2001-01-17,5.81,5.81,5.81,5.81,000,0.95
2001-01-16,5.81,5.81,5.81,5.81,000,0.95
2001-01-12,5.81,5.81,5.81,5.81,000,0.95
2001-01-11,5.94,5.94,5.81,5.81,63600,0.95
2001-01-10,6.00,6.00,5.97,5.97,81000,0.98
2001-01-09,6.00,6.00,6.00,6.00,21000,0.99
2001-01-08,6.06,6.06,6.06,6.06,25200,1.00
2001-01-05,6.06,6.09,6.06,6.09,6600,1.00
2001-01-04,6.00,6.00,6.00,6.00,38400,0.99
2001-01-03,6.00,6.00,6.00,6.00,000,0.99
2001-01-02,6.00,6.00,6.00,6.00,1200,0.99
2000-12-29,6.00,6.00,6.00,6.00,000,0.99
2000-12-28,6.03,6.03,6.00,6.00,40200,0.99
2000-12-27,6.00,6.09,6.00,6.03,94200,0.99
2000-12-26,6.08,6.12,6.00,6.00,208200,0.99
2000-12-22,6.12,6.12,6.06,6.12,120600,1.01
2000-12-21,6.00,6.12,6.00,6.06,201600,1.00
2000-12-20,6.00,6.12,5.94,5.94,63000,0.97
2000-12-19,6.06,6.09,6.06,6.09,94800,1.00
2000-12-18,6.06,6.12,6.06,6.09,48600,1.00
2000-12-15,6.19,6.19,6.19,6.19,6000,1.00
2000-12-14,6.38,6.38,6.25,6.25,44400,1.01
2000-12-13,6.25,6.25,6.25,6.25,19800,1.01
2000-12-12,6.12,6.25,6.12,6.25,28800,1.01
2000-12-11,6.75,6.75,6.38,6.38,20400,1.03
2000-12-08,6.31,6.34,6.31,6.31,13800,1.02
2000-12-07,6.06,6.38,6.06,6.38,63600,1.03
2000-12-06,6.25,6.25,6.06,6.06,80400,0.98
2000-12-05,6.06,6.12,5.94,6.12,62400,0.99
2000-12-04,6.16,6.28,6.12,6.28,49200,1.01
2000-12-01,6.09,6.31,6.06,6.31,8400,1.02
2000-11-30,6.50,6.50,5.75,6.31,54600,1.02
2000-11-29,6.63,6.63,6.63,6.63,000,1.07
2000-11-28,6.06,6.63,6.03,6.63,9000,1.07
2000-11-27,6.38,6.63,6.06,6.56,10200,1.06
2000-11-24,7.00,7.00,6.44,6.44,12000,1.04
2000-11-22,6.63,6.94,6.63,6.94,25800,1.12
2000-11-21,6.63,6.87,6.63,6.87,8400,1.11
2000-11-20,6.63,6.63,6.63,6.63,000,1.07
2000-11-17,6.63,6.63,6.63,6.63,000,1.07
2000-11-16,6.56,6.63,6.56,6.63,14400,1.07
2000-11-15,6.63,6.69,6.56,6.69,24600,1.08
2000-11-14,6.66,6.66,6.63,6.66,28200,1.08
2000-11-13,6.63,6.75,6.63,6.75,33000,1.09
2000-11-10,6.75,6.75,6.63,6.63,43200,1.07
2000-11-09,7.00,7.00,6.75,6.75,22800,1.09
2000-11-08,6.91,6.91,6.75,6.75,33600,1.09
2000-11-07,6.91,6.91,6.91,6.91,8400,1.12
2000-11-06,6.75,6.75,6.75,6.75,4200,1.09
2000-11-03,6.69,6.69,6.56,6.63,28200,1.07
2000-11-02,6.59,6.59,6.56,6.56,15600,1.06
2000-11-01,6.56,6.59,6.50,6.59,40800,1.07
2000-10-31,6.56,6.75,6.56,6.75,13800,1.09
2000-10-30,6.56,6.56,6.56,6.56,6000,1.06
2000-10-27,6.50,6.56,6.50,6.50,18000,1.05
2000-10-26,6.50,6.56,6.50,6.56,1200,1.06
2000-10-25,6.50,6.75,6.50,6.50,56400,1.05
2000-10-24,6.87,6.87,6.50,6.75,148800,1.09
2000-10-23,6.25,6.50,6.25,6.31,241800,1.02
2000-10-20,5.50,5.50,5.31,5.37,7200,0.87
2000-10-19,5.75,5.75,5.31,5.44,303000,0.88
2000-10-18,5.25,6.38,5.25,6.25,29400,1.01
2000-10-17,5.50,5.75,5.31,5.31,45000,0.86
2000-10-16,5.94,5.94,5.31,5.37,27600,0.87
2000-10-13,6.50,6.50,6.00,6.00,22200,0.97
2000-10-12,5.50,6.25,5.50,6.09,79800,0.98
2000-10-11,5.06,5.44,5.06,5.44,115800,0.88
2000-10-10,5.03,5.06,4.97,5.00,36600,0.81
2000-10-09,5.02,5.50,5.02,5.50,1200,0.89
2000-10-06,5.31,5.31,4.38,5.25,72000,0.85
2000-10-05,5.28,5.50,5.28,5.50,1800,0.89
2000-10-04,5.50,5.62,5.37,5.62,70800,0.91
2000-10-03,5.50,5.56,5.50,5.56,13800,0.90
2000-10-02,5.50,5.50,5.50,5.50,1800,0.89
2000-09-29,5.50,6.00,5.50,6.00,21000,0.97
2000-09-28,5.56,5.62,5.50,5.62,25200,0.91
2000-09-27,5.75,5.75,5.50,5.62,94800,0.91
2000-09-26,5.62,5.75,5.50,5.56,49200,0.90
2000-09-25,6.00,6.00,5.69,5.75,124800,0.93
2000-09-22,6.25,6.31,6.00,6.25,57000,1.01
2000-09-21,6.50,6.50,6.50,6.50,54000,1.05
2000-09-20,6.31,6.31,6.31,6.31,000,1.02
2000-09-19,6.31,6.31,6.31,6.31,600,1.02
2000-09-18,6.69,6.69,6.69,6.69,7800,1.08
2000-09-15,6.25,6.63,6.12,6.63,61800,1.07
2000-09-14,6.31,6.31,6.31,6.31,000,1.02
2000-09-13,6.31,6.31,6.31,6.31,19800,1.02
2000-09-12,6.12,6.56,6.12,6.38,14400,1.03
2000-09-11,6.12,6.25,6.12,6.25,40200,1.01
2000-09-08,6.19,6.25,6.19,6.25,5400,1.01
2000-09-07,6.44,6.69,6.12,6.50,35400,1.05
2000-09-06,6.44,6.44,6.44,6.44,600,1.04
2000-09-05,6.50,6.75,6.50,6.69,28800,1.08
2000-09-01,6.75,6.75,6.50,6.69,40800,1.08
2000-08-31,6.63,6.81,6.63,6.69,247200,1.08
2000-08-30,6.41,6.41,6.41,6.41,000,1.03
2000-08-29,6.75,6.75,6.38,6.41,51600,1.03
2000-08-28,6.69,6.69,6.69,6.69,25200,1.08
2000-08-25,6.63,6.75,6.63,6.69,51600,1.08
2000-08-24,6.50,6.50,6.50,6.50,000,1.05
2000-08-23,6.75,6.75,6.50,6.50,1800,1.05
2000-08-22,6.63,6.63,6.31,6.63,39000,1.07
2000-08-21,6.81,6.81,6.75,6.75,24000,1.09
2000-08-18,6.75,7.00,6.75,6.75,45000,1.09
2000-08-17,6.75,6.75,6.75,6.75,000,1.09
2000-08-16,6.75,6.75,6.75,6.75,28800,1.09
2000-08-15,6.63,6.75,6.63,6.75,90000,1.09
2000-08-14,6.63,6.63,6.63,6.63,8400,1.07
2000-08-11,6.87,7.06,6.87,7.00,42000,1.13
2000-08-10,6.69,6.81,6.69,6.81,41400,1.10
2000-08-09,6.81,6.81,6.50,6.69,19800,1.08
2000-08-08,7.00,7.00,6.38,6.38,154200,1.03
2000-08-07,6.94,7.25,6.94,7.12,150600,1.15
2000-08-04,6.69,7.00,6.69,7.00,129000,1.13
2000-08-03,6.50,6.50,6.38,6.50,27600,1.05
2000-08-02,6.69,7.00,6.56,6.75,131400,1.09
2000-08-01,6.19,6.38,6.19,6.38,12000,1.03
2000-07-31,6.50,6.75,6.00,6.75,17400,1.09
2000-07-28,7.03,7.12,6.56,6.56,16800,1.06
2000-07-27,6.94,7.25,6.94,7.12,40800,1.15
2000-07-26,7.12,7.12,6.94,6.94,32400,1.12
2000-07-25,6.87,7.00,6.87,7.00,24600,1.13
2000-07-24,6.75,6.75,6.75,6.75,000,1.09
2000-07-21,6.19,6.75,6.19,6.75,53400,1.09
2000-07-20,6.38,6.75,6.38,6.63,82800,1.07
2000-07-19,6.78,6.81,6.63,6.69,18000,1.08
2000-07-18,7.00,7.00,6.75,6.75,21000,1.09
2000-07-17,7.03,7.03,7.00,7.00,31800,1.13
2000-07-14,7.00,7.00,7.00,7.00,000,1.13
2000-07-13,7.06,7.06,6.63,7.00,126600,1.13
2000-07-12,7.06,7.12,7.06,7.06,178200,1.14
2000-07-11,7.12,7.12,7.06,7.06,84000,1.14
2000-07-10,7.06,7.12,7.06,7.12,36000,1.15
2000-07-07,7.38,7.38,7.12,7.12,4800,1.15
2000-07-06,7.25,7.38,7.25,7.25,21600,1.17
2000-07-05,7.25,7.50,7.25,7.38,55800,1.19
2000-07-03,7.33,7.33,7.33,7.33,000,1.18
2000-06-30,7.33,7.33,7.33,7.33,3000,1.18
2000-06-29,7.31,7.38,7.31,7.38,30600,1.19
2000-06-28,7.31,7.38,7.31,7.38,24000,1.19
2000-06-27,7.31,7.31,7.25,7.31,20400,1.18
2000-06-26,7.44,7.44,7.31,7.31,30000,1.18
2000-06-23,7.44,7.50,7.44,7.50,43200,1.21
2000-06-22,7.75,7.75,7.44,7.44,60600,1.20
2000-06-21,7.19,7.75,7.12,7.25,67800,1.17
2000-06-20,7.19,7.19,7.19,7.19,8400,1.16
2000-06-19,7.19,7.50,7.19,7.25,68400,1.17
2000-06-16,7.50,7.62,7.25,7.25,154800,1.17
2000-06-15,7.50,7.62,7.50,7.50,70200,1.21
2000-06-14,7.44,7.69,7.44,7.56,99000,1.22
2000-06-13,7.56,7.69,7.56,7.69,19200,1.24
2000-06-12,7.31,7.69,7.25,7.69,92400,1.24
2000-06-09,7.50,7.75,6.56,7.44,319200,1.20
2000-06-08,7.06,7.38,7.06,7.38,180600,1.19
2000-06-07,7.00,7.12,6.97,7.12,468600,1.15
2000-06-06,6.94,6.94,6.81,6.87,80400,1.11
2000-06-05,6.81,6.94,6.81,6.94,67200,1.12
2000-06-02,6.94,6.94,6.81,6.87,163200,1.11
2000-06-01,6.69,6.94,6.69,6.81,297600,1.10
2000-05-31,6.63,6.63,6.63,6.63,30000,1.07
2000-05-30,6.63,6.75,6.63,6.75,49800,1.09
2000-05-26,6.63,6.75,6.63,6.75,96000,1.09
2000-05-25,6.63,6.75,6.50,6.50,40800,1.05
2000-05-24,6.56,6.87,6.56,6.63,51000,1.07
2000-05-23,6.87,6.87,6.50,6.63,111600,1.07
2000-05-22,6.50,7.00,6.50,6.50,82200,1.05
2000-05-19,5.94,6.44,5.94,6.00,19200,0.97
2000-05-18,5.62,6.44,5.62,6.44,862200,1.04
2000-05-17,6.00,6.03,5.62,5.62,236400,0.91
2000-05-16,6.12,6.12,5.66,5.75,137400,0.93
2000-05-15,6.06,6.12,6.00,6.12,18600,0.99
2000-05-12,5.88,6.06,5.88,6.06,84600,0.98
2000-05-11,5.62,6.00,5.62,6.00,70200,0.97
2000-05-10,5.62,5.62,5.62,5.62,000,0.91
2000-05-09,5.66,5.88,5.62,5.62,123000,0.91
2000-05-08,5.62,5.75,5.62,5.75,22800,0.93
2000-05-05,5.37,5.56,5.37,5.50,52200,0.89
2000-05-04,5.28,5.50,5.13,5.31,1402800,0.86
2000-05-03,5.19,5.28,5.19,5.19,313800,0.84
2000-05-02,5.22,5.28,5.19,5.19,209400,0.84
2000-05-01,5.19,5.31,5.19,5.25,199200,0.85
2000-04-28,5.37,5.44,5.19,5.25,527400,0.85
2000-04-27,5.41,5.44,5.22,5.31,90000,0.86
2000-04-26,5.44,5.50,5.44,5.44,28200,0.88
2000-04-25,5.44,5.50,5.37,5.37,310200,0.87
2000-04-24,5.50,5.50,5.37,5.44,85800,0.88
2000-04-20,5.37,5.56,5.37,5.44,249000,0.88
2000-04-19,5.44,5.56,5.37,5.56,58800,0.90
2000-04-18,5.37,5.50,5.37,5.44,67200,0.88
2000-04-17,5.44,5.50,5.37,5.37,117000,0.87
2000-04-14,5.50,5.69,5.37,5.56,354000,0.90
2000-04-13,5.56,5.88,5.56,5.56,280200,0.90
2000-04-12,5.56,5.94,5.52,5.88,243600,0.95
2000-04-11,5.88,5.94,5.56,5.56,75600,0.90
2000-04-10,6.00,6.00,5.75,5.75,41400,0.93
2000-04-07,5.75,6.00,5.75,5.88,53400,0.95
2000-04-06,5.56,5.69,5.56,5.69,229800,0.92
2000-04-05,5.88,6.00,5.56,5.56,48000,0.90
2000-04-04,5.62,5.88,5.50,5.88,251400,0.95
2000-04-03,5.69,5.81,5.62,5.81,85200,0.94
2000-03-31,5.81,5.81,5.56,5.69,954000,0.92
2000-03-30,5.69,5.94,5.69,5.81,613800,0.94
2000-03-29,5.72,5.88,5.69,5.69,124800,0.92
2000-03-28,5.94,6.12,5.81,5.81,226200,0.94
2000-03-27,5.84,6.00,5.84,5.94,109200,0.96
2000-03-24,5.56,5.94,5.56,5.94,21000,0.96
2000-03-23,5.69,5.69,5.56,5.69,57600,0.92
2000-03-22,5.88,5.88,5.50,5.88,25200,0.95
2000-03-21,6.25,6.25,5.44,6.25,372600,1.01
2000-03-20,6.28,6.31,6.25,6.25,41400,1.01
2000-03-17,6.25,6.25,6.25,6.25,3000,1.01
2000-03-16,6.38,6.38,6.38,6.38,12000,1.03
2000-03-15,6.25,6.25,6.25,6.25,000,1.01
2000-03-14,6.25,6.50,6.25,6.25,17400,1.01
2000-03-13,6.44,6.44,6.25,6.25,10200,1.01
2000-03-10,6.25,6.50,6.12,6.50,141600,1.05
2000-03-09,6.38,6.63,6.00,6.63,85800,1.07
2000-03-08,6.69,6.69,6.50,6.50,109200,1.05
2000-03-07,6.87,6.87,6.25,6.38,181800,1.03
2000-03-06,6.50,6.81,6.19,6.81,19200,1.10
2000-03-03,6.50,6.63,6.50,6.50,28800,1.05
2000-03-02,6.50,6.69,6.19,6.38,294000,1.03
2000-03-01,6.75,6.75,6.19,6.25,64800,1.01
2000-02-29,6.87,7.06,6.75,6.75,29400,1.09
2000-02-28,6.81,7.12,6.81,6.87,45600,1.11
2000-02-25,7.12,7.12,6.94,6.94,103800,1.12
2000-02-24,7.12,7.44,7.00,7.00,40800,1.13
2000-02-23,7.44,7.44,7.12,7.12,10200,1.15
2000-02-22,7.06,7.12,7.00,7.06,261600,1.14
2000-02-18,7.06,7.38,6.94,7.12,363600,1.15
2000-02-17,7.25,7.50,6.94,7.06,738000,1.14
2000-02-16,6.75,7.12,6.75,7.06,469800,1.14
2000-02-15,7.00,7.00,6.75,7.00,46800,1.13
2000-02-14,6.75,7.00,6.75,7.00,111000,1.13
2000-02-11,6.50,7.00,6.50,7.00,70200,1.13
2000-02-10,6.56,6.56,6.56,6.56,78600,1.06
2000-02-09,6.50,6.75,6.50,6.56,96000,1.06
2000-02-08,6.81,6.81,6.50,6.50,23400,1.05
2000-02-07,6.38,6.75,6.38,6.38,147000,1.03
2000-02-04,6.44,6.50,6.25,6.25,186600,1.01
2000-02-03,6.87,6.87,6.12,6.44,3139200,1.04
2000-02-02,6.38,6.63,6.38,6.38,10800,1.03
2000-02-01,6.31,6.94,6.31,6.50,27000,1.05
2000-01-31,6.75,6.75,6.31,6.38,39600,1.03
2000-01-28,7.00,7.00,6.75,6.87,55200,1.11
2000-01-27,6.87,7.00,6.63,7.00,60000,1.13
2000-01-26,6.69,6.69,6.50,6.69,31800,1.08
2000-01-25,6.38,6.69,6.31,6.50,147600,1.05
2000-01-24,6.66,6.87,6.44,6.56,255600,1.06
2000-01-21,6.50,6.75,6.50,6.63,117000,1.07
2000-01-20,6.44,6.63,6.44,6.63,73200,1.07
2000-01-19,6.50,6.63,6.44,6.56,71400,1.06
2000-01-18,6.31,6.50,6.31,6.34,199200,1.02
2000-01-14,6.50,6.50,6.31,6.38,345000,1.03
2000-01-13,6.50,6.50,6.25,6.31,31200,1.02
2000-01-12,6.25,6.50,6.25,6.31,532200,1.02
2000-01-11,6.50,6.50,6.25,6.25,165600,1.01
2000-01-10,6.63,7.00,6.19,6.50,279600,1.05
2000-01-07,5.69,6.50,5.69,6.19,2986800,1.00
2000-01-06,6.00,6.00,5.50,5.56,12000,0.90
2000-01-05,5.78,6.00,5.56,6.00,49200,0.97
2000-01-04,6.00,6.00,5.56,5.62,775800,0.91
2000-01-03,5.56,5.88,5.56,5.81,359400,0.94
1999-12-31,5.62,5.62,5.62,5.62,78600,0.91
1999-12-30,5.56,5.69,5.56,5.62,172800,0.91
1999-12-29,5.56,5.69,5.56,5.62,432000,0.91
1999-12-28,5.50,5.50,5.34,5.44,192600,0.88
1999-12-27,5.44,5.56,5.44,5.44,51600,0.88
1999-12-23,5.44,5.50,5.44,5.50,145800,0.89
1999-12-22,5.62,5.69,5.44,5.62,36600,0.91
1999-12-21,5.59,5.59,5.44,5.44,20400,0.88
1999-12-20,5.75,5.75,5.69,5.75,36000,0.93
1999-12-17,5.75,5.75,5.44,5.50,282600,0.89
1999-12-16,5.00,5.69,5.00,5.69,158400,0.92
1999-12-15,4.81,5.03,4.81,5.00,74400,0.81
1999-12-14,4.88,5.00,4.75,5.00,27000,0.81
1999-12-13,5.00,5.00,4.78,4.88,43200,0.79
1999-12-10,5.06,5.06,5.00,5.00,6000,0.81
1999-12-09,5.25,5.25,5.00,5.03,331800,0.81
1999-12-08,5.06,5.44,5.06,5.25,207000,0.85
1999-12-07,5.13,5.25,5.06,5.25,174000,0.85
1999-12-06,5.00,5.19,5.00,5.19,17400,0.84
1999-12-03,5.06,5.19,5.06,5.06,60600,0.82
1999-12-02,5.06,5.44,5.06,5.19,127200,0.84
1999-12-01,5.37,5.37,5.06,5.37,439800,0.87
1999-11-30,5.56,5.81,5.19,5.19,329400,0.84
1999-11-29,5.37,5.62,5.13,5.56,185400,0.90
1999-11-26,4.94,5.37,4.94,5.37,3600,0.87
1999-11-24,5.50,5.53,4.94,5.25,470400,0.85
1999-11-23,5.25,5.50,5.25,5.50,366600,0.89
1999-11-22,4.94,5.19,4.94,5.19,220800,0.84
1999-11-19,5.00,5.13,4.88,5.00,420000,0.81
1999-11-18,4.81,5.06,4.75,4.75,222600,0.77
1999-11-17,4.75,4.88,4.38,4.81,176400,0.78
1999-11-16,4.88,4.88,4.75,4.88,222000,0.79
1999-11-15,4.69,4.88,4.69,4.84,193200,0.78
1999-11-12,4.50,4.62,4.50,4.62,21000,0.75
1999-11-11,4.38,4.50,4.38,4.44,127800,0.72
1999-11-10,4.44,4.44,4.38,4.38,67800,0.71
1999-11-09,4.44,4.50,4.38,4.44,772200,0.72
1999-11-08,4.31,4.44,4.31,4.41,722400,0.71
1999-11-05,4.38,4.38,4.25,4.38,349200,0.71
1999-11-04,4.38,4.38,4.25,4.31,1416000,0.70
1999-11-03,4.44,4.50,4.25,4.31,2934600,0.70
1999-11-02,4.50,4.50,4.50,4.50,000,0.73
1999-11-01,4.50,4.50,4.50,4.50,29400,0.73
1999-10-29,4.38,4.56,4.38,4.50,121200,0.73
1999-10-28,4.38,4.50,4.38,4.38,9000,0.71
1999-10-27,4.50,4.50,4.38,4.38,1800,0.71
1999-10-26,4.50,4.62,4.38,4.50,36000,0.73
1999-10-25,4.69,4.69,4.50,4.62,28200,0.75
1999-10-22,4.44,4.56,4.31,4.56,103800,0.74
1999-10-21,4.31,4.62,4.31,4.31,132600,0.70
1999-10-20,4.31,4.31,4.16,4.25,138000,0.69
1999-10-19,4.25,4.25,4.19,4.19,39000,0.68
1999-10-18,4.56,4.75,4.19,4.25,747000,0.69
1999-10-15,4.62,4.62,4.44,4.50,1485600,0.73
1999-10-14,4.72,4.81,4.44,4.56,966600,0.74
1999-10-13,5.00,5.00,4.75,4.75,258000,0.77
1999-10-12,5.44,5.44,4.88,5.13,468600,0.83
1999-10-11,5.50,5.62,5.44,5.56,271800,0.90
1999-10-08,5.44,5.62,5.31,5.37,47400,0.87
1999-10-07,5.56,5.62,5.13,5.50,329400,0.89
1999-10-06,5.50,5.62,5.50,5.50,133800,0.89
1999-10-05,5.16,5.50,5.16,5.50,4200,0.89
1999-10-04,5.62,5.62,5.16,5.16,158400,0.83
1999-10-01,5.81,5.88,5.62,5.88,106800,0.95
1999-09-30,5.91,5.91,5.91,5.91,000,0.95
1999-09-29,5.78,5.91,5.25,5.91,56400,0.95
1999-09-28,6.00,6.12,5.88,5.88,39600,0.95
1999-09-27,5.75,6.12,5.50,5.50,108000,0.89
1999-09-24,5.00,5.25,4.94,5.13,59400,0.83
1999-09-23,5.41,5.62,4.62,4.94,118800,0.80
1999-09-22,5.75,5.81,5.37,5.37,39000,0.87
1999-09-21,6.00,6.00,5.75,5.94,94800,0.96
1999-09-20,5.44,5.75,5.37,5.75,3000,0.93
1999-09-17,5.75,5.75,5.56,5.62,28200,0.91
1999-09-16,5.75,5.81,5.25,5.75,32400,0.93
1999-09-15,5.37,5.81,5.37,5.81,19200,0.94
1999-09-14,5.62,5.75,5.62,5.75,19200,0.93
1999-09-13,5.62,5.81,5.62,5.81,1800,0.94
1999-09-10,5.88,5.88,5.81,5.81,2400,0.94
1999-09-09,5.69,5.88,5.69,5.88,12000,0.95
1999-09-08,5.88,5.88,5.81,5.81,24000,0.94
1999-09-07,5.84,5.84,5.81,5.81,21600,0.94
1999-09-03,5.44,5.88,5.44,5.88,9000,0.95
1999-09-02,5.37,5.62,5.34,5.62,12600,0.91
1999-09-01,5.62,5.75,5.56,5.56,13200,0.90
1999-08-31,4.62,5.75,4.62,5.75,550800,0.93
1999-08-30,5.25,5.50,4.59,4.59,85800,0.74
1999-08-27,5.00,5.50,5.00,5.25,14400,0.85
1999-08-26,5.62,5.62,5.00,5.25,48000,0.85
1999-08-25,5.75,5.88,5.75,5.88,78600,0.95
1999-08-24,5.62,5.62,5.50,5.62,39000,0.91
1999-08-23,5.88,5.88,5.56,5.62,109200,0.91
1999-08-20,5.44,5.75,5.44,5.56,57600,0.90
1999-08-19,5.75,5.75,5.50,5.50,16200,0.89
1999-08-18,5.88,6.00,5.44,5.75,273000,0.93
1999-08-17,5.94,6.12,5.94,6.00,69000,0.97
1999-08-16,6.06,6.06,5.88,5.88,3600,0.95
1999-08-13,5.75,6.06,5.75,6.00,36600,0.97
1999-08-12,6.12,6.12,5.94,6.00,64800,0.97
1999-08-11,6.00,6.12,5.94,6.12,107400,0.99
1999-08-10,6.63,6.63,5.37,5.75,202200,0.93
1999-08-09,6.12,6.75,6.06,6.19,130800,1.00
1999-08-06,6.50,6.75,5.37,5.37,532200,0.87
1999-08-05,6.75,6.87,6.56,6.56,90000,1.06
1999-08-04,7.25,7.25,6.50,6.91,129000,1.12
1999-08-03,6.81,6.94,6.75,6.94,37200,1.12
1999-08-02,7.25,7.25,6.87,7.12,52200,1.15
1999-07-30,7.03,7.56,7.00,7.56,192600,1.22
1999-07-29,7.38,7.50,7.06,7.25,339600,1.17
1999-07-28,7.69,7.69,7.25,7.38,139200,1.19
1999-07-27,7.75,7.88,7.56,7.75,138600,1.25
1999-07-26,7.50,7.50,7.31,7.50,109200,1.21
1999-07-23,7.22,7.50,7.22,7.38,134400,1.19
1999-07-22,8.00,8.00,7.00,7.44,190200,1.20
1999-07-21,8.19,8.25,7.50,7.75,646200,1.25
1999-07-20,7.86,8.50,7.75,7.88,441000,1.27
1999-07-19,7.75,8.50,7.50,7.88,553800,1.27
1999-07-16,7.12,8.25,7.06,7.50,706800,1.21
1999-07-15,7.06,7.12,6.87,7.00,658800,1.13
1999-07-14,7.00,7.06,6.81,7.00,258600,1.13
1999-07-13,7.00,7.06,6.87,6.87,234000,1.11
1999-07-12,6.25,7.12,6.25,7.12,403800,1.15
1999-07-09,6.12,6.63,6.12,6.25,97200,1.01
1999-07-08,6.25,6.63,6.00,6.06,152400,0.98
1999-07-07,6.38,6.38,6.31,6.38,36600,1.03
1999-07-06,6.31,6.63,6.25,6.63,156000,1.07
1999-07-02,6.50,6.75,6.12,6.38,148200,1.03
1999-07-01,6.38,6.63,6.25,6.50,165600,1.05
1999-06-30,6.63,6.63,6.25,6.38,85200,1.03
1999-06-29,6.00,6.75,6.00,6.69,165000,1.08
1999-06-28,6.12,6.25,6.00,6.12,157800,0.99
1999-06-25,6.12,6.75,6.12,6.12,181200,0.99
1999-06-24,5.50,6.31,5.50,6.00,213600,0.97
1999-06-23,5.03,5.81,5.00,5.37,119400,0.87
1999-06-22,4.75,5.25,4.75,5.25,265200,0.85
1999-06-21,4.81,4.88,4.81,4.88,163800,0.79
1999-06-18,4.81,4.81,4.81,4.81,25800,0.78
1999-06-17,4.75,4.75,4.69,4.75,72600,0.77
1999-06-16,4.58,4.69,4.44,4.62,26400,0.75
1999-06-15,4.50,4.69,4.50,4.69,37800,0.76
1999-06-14,4.69,4.88,4.62,4.88,87600,0.79
1999-06-11,4.88,4.88,4.75,4.88,9600,0.79
1999-06-10,4.88,4.88,4.62,4.72,95400,0.76
1999-06-09,4.62,4.88,4.62,4.88,90600,0.79
1999-06-08,4.62,4.69,4.56,4.62,201600,0.75
1999-06-07,4.88,4.88,4.62,4.62,33000,0.75
1999-06-04,4.75,4.88,4.75,4.75,53400,0.77
1999-06-03,4.72,4.88,4.62,4.75,96000,0.77
1999-06-02,4.75,4.75,4.62,4.75,117000,0.77
1999-06-01,4.75,4.88,4.75,4.75,151800,0.77
1999-05-28,4.75,4.94,4.75,4.75,364800,0.77
1999-05-27,4.75,5.00,4.75,4.88,622800,0.79
1999-05-26,4.88,4.88,4.81,4.88,37800,0.79
1999-05-25,4.75,4.88,4.75,4.81,78000,0.78
1999-05-24,4.81,4.88,4.50,4.88,330600,0.79
1999-05-21,4.75,4.88,4.75,4.88,23400,0.79
1999-05-20,4.62,4.88,4.62,4.88,121200,0.79
1999-05-19,4.88,4.88,4.75,4.88,48600,0.79
1999-05-18,4.62,4.62,4.62,4.62,6000,0.75
1999-05-17,4.56,4.62,4.56,4.62,39600,0.75
1999-05-14,4.50,4.50,4.50,4.50,7200,0.73
1999-05-13,4.69,4.75,4.62,4.69,99000,0.76
1999-05-12,4.75,5.00,4.38,4.62,88200,0.75
1999-05-11,4.75,4.94,4.69,4.69,29400,0.76
1999-05-10,4.62,4.62,4.62,4.62,3600,0.75
1999-05-07,4.69,4.94,4.69,4.94,25800,0.80
1999-05-06,5.06,5.06,4.69,4.69,147000,0.76
1999-05-05,4.56,5.06,4.56,5.03,282600,0.81
1999-05-04,4.62,4.62,4.56,4.62,24600,0.75
1999-05-03,5.00,5.00,4.69,4.69,4200,0.76
1999-04-30,5.00,5.00,4.31,4.81,175800,0.78
1999-04-29,4.81,5.00,4.81,4.94,63600,0.80
1999-04-28,4.81,5.00,4.81,5.00,12600,0.81
1999-04-27,5.06,5.06,4.81,4.81,3600,0.78
1999-04-26,5.00,5.06,4.94,4.94,37200,0.80
1999-04-23,4.81,5.06,4.81,5.00,43200,0.81
1999-04-22,4.44,4.81,4.44,4.81,479400,0.78
1999-04-21,4.50,5.00,4.50,4.56,43200,0.74
1999-04-20,4.50,4.50,4.44,4.44,6600,0.72
1999-04-19,3.87,4.50,3.75,4.31,168600,0.70
1999-04-16,3.81,4.06,3.81,3.94,153000,0.64
1999-04-15,3.75,4.25,3.75,3.87,211800,0.63
1999-04-14,3.94,3.94,3.75,3.75,96000,0.61
1999-04-13,4.00,4.00,3.94,4.00,303000,0.65
1999-04-12,3.94,3.94,3.94,3.94,42600,0.64
1999-04-09,3.94,4.12,3.94,4.00,18000,0.65
1999-04-08,3.94,3.94,3.94,3.94,9000,0.64
1999-04-07,3.87,4.00,3.87,3.94,30600,0.64
1999-04-06,4.00,4.00,3.94,3.94,87000,0.64
1999-04-05,4.19,4.25,3.94,4.00,181200,0.65
1999-04-01,4.00,4.00,3.94,4.00,412800,0.65
1999-03-31,4.00,4.00,3.94,3.94,226800,0.64
1999-03-30,3.94,4.19,3.94,4.00,42600,0.65
1999-03-29,4.12,4.12,3.94,4.00,60000,0.65
1999-03-26,4.06,4.25,4.00,4.00,166200,0.65
1999-03-25,4.25,4.25,4.12,4.12,13200,0.67
1999-03-24,4.31,4.31,4.25,4.25,19200,0.69
1999-03-23,4.50,4.62,4.25,4.38,50400,0.71
1999-03-22,4.75,4.75,4.38,4.38,154800,0.71
1999-03-19,4.50,4.88,4.50,4.50,199200,0.73
1999-03-18,4.12,4.31,4.12,4.31,771600,0.70
1999-03-17,4.25,4.25,4.19,4.19,3600,0.68
1999-03-16,4.50,4.50,4.50,4.50,19200,0.73
1999-03-15,4.25,4.38,4.12,4.19,77400,0.68
1999-03-12,4.25,4.25,4.00,4.09,48000,0.66
1999-03-11,4.25,4.38,4.25,4.38,58200,0.71
1999-03-10,4.50,4.56,4.12,4.44,123000,0.72
1999-03-09,4.25,4.50,4.25,4.50,36600,0.73
1999-03-08,4.88,5.00,4.25,4.25,201000,0.69
1999-03-05,4.25,5.00,4.12,4.50,167400,0.73
1999-03-04,3.94,4.06,3.94,4.00,80400,0.65
1999-03-03,3.87,3.94,3.81,3.94,84000,0.64
1999-03-02,3.75,3.87,3.75,3.87,93600,0.63
1999-03-01,3.87,3.87,3.63,3.75,285600,0.61
1999-02-26,3.75,3.75,3.56,3.63,305400,0.59
1999-02-25,3.69,3.75,3.63,3.63,173400,0.59
1999-02-24,3.69,3.75,3.59,3.72,389400,0.60
1999-02-23,4.25,4.38,3.50,3.63,658800,0.59
1999-02-22,4.62,4.62,4.62,4.62,39000,0.75
1999-02-19,4.56,4.69,4.50,4.69,77400,0.76
1999-02-18,4.69,4.69,4.56,4.56,46200,0.74
1999-02-17,4.88,4.88,4.75,4.75,36600,0.77
1999-02-16,5.06,5.06,4.69,4.75,57600,0.77
1999-02-12,4.75,5.06,4.75,5.00,120000,0.81
1999-02-11,4.53,4.81,4.53,4.69,25800,0.76
1999-02-10,4.75,5.00,4.50,4.75,47400,0.77
1999-02-09,5.00,5.00,4.88,4.94,86400,0.80
1999-02-08,5.25,5.25,4.97,4.97,41400,0.80
1999-02-05,4.94,5.13,4.94,5.00,25200,0.81
1999-02-04,5.09,5.25,4.94,4.94,76200,0.80
1999-02-03,5.06,5.13,5.00,5.13,112800,0.83
1999-02-02,5.25,5.25,4.50,5.19,59400,0.84
1999-02-01,5.69,5.69,5.31,5.59,96000,0.90
1999-01-29,5.44,5.69,5.44,5.69,118800,0.92
1999-01-28,5.13,5.25,5.06,5.13,279600,0.83
1999-01-27,4.62,5.06,4.62,5.03,145800,0.81
1999-01-26,4.62,4.88,4.50,4.62,40800,0.75
1999-01-25,4.56,4.56,4.56,4.56,92400,0.74
1999-01-22,4.50,4.50,4.25,4.50,22200,0.73
1999-01-21,4.62,5.00,4.44,4.56,220200,0.74
1999-01-20,4.19,4.50,4.19,4.50,196200,0.73
1999-01-19,4.06,4.12,4.00,4.12,139200,0.67
1999-01-15,3.50,3.94,3.50,3.94,21600,0.64
1999-01-14,3.87,3.94,3.63,3.94,71400,0.64
1999-01-13,4.00,4.12,3.69,3.75,54600,0.61
1999-01-12,3.94,4.00,3.94,4.00,55800,0.65
1999-01-11,4.00,4.00,3.81,3.81,168000,0.62
1999-01-08,3.87,3.87,3.63,3.87,26400,0.63
1999-01-07,3.87,3.91,3.63,3.91,63000,0.63
1999-01-06,3.75,4.06,3.75,3.75,21600,0.61
1999-01-05,3.63,4.06,3.63,4.06,7800,0.66
1999-01-04,4.00,4.00,3.63,3.63,30600,0.59
1998-12-31,3.87,3.87,3.63,3.63,231000,0.59
1998-12-30,3.63,3.75,3.63,3.63,162000,0.59
1998-12-29,3.63,3.87,3.50,3.63,162000,0.59
1998-12-28,3.87,4.00,3.56,3.56,141600,0.58
1998-12-24,3.87,4.00,3.87,3.87,39000,0.63
1998-12-23,4.06,4.31,3.94,4.00,148800,0.65
1998-12-22,4.12,4.25,4.06,4.12,514200,0.67
1998-12-21,3.56,4.06,3.56,4.00,270000,0.65
1998-12-18,3.81,3.87,3.50,3.87,126600,0.63
1998-12-17,3.69,3.94,3.56,3.56,75000,0.58
1998-12-16,3.63,3.87,3.63,3.69,115800,0.60
1998-12-15,3.87,3.87,3.63,3.63,39000,0.59
1998-12-14,3.97,4.09,3.87,3.97,2821800,0.64
1998-12-11,3.56,4.00,3.50,3.87,671400,0.63
1998-12-10,3.81,4.00,3.56,3.56,69600,0.58
1998-12-09,3.75,3.81,3.75,3.75,46200,0.61
1998-12-08,4.00,4.00,3.75,3.75,147000,0.61
1998-12-07,3.87,3.94,3.75,3.75,31800,0.61
1998-12-04,3.97,4.00,3.87,3.94,77400,0.64
1998-12-03,3.75,3.75,3.75,3.75,44400,0.61
1998-12-02,4.00,4.00,3.75,3.75,74400,0.61
1998-12-01,4.00,4.00,3.87,3.94,217200,0.64
1998-11-30,3.81,4.00,3.81,4.00,37200,0.65
1998-11-27,3.87,4.00,3.87,3.87,3600,0.63
1998-11-25,3.81,4.00,3.81,4.00,126000,0.65
1998-11-24,3.94,4.06,3.87,3.87,99600,0.63
1998-11-23,3.87,4.00,3.87,4.00,330600,0.65
1998-11-20,3.87,4.19,3.75,3.87,202200,0.63
1998-11-19,4.00,4.19,3.94,4.19,193200,0.68
1998-11-18,3.63,3.94,3.63,3.87,1300200,0.63
1998-11-17,3.56,3.63,3.56,3.63,658200,0.59
1998-11-16,3.94,3.94,3.50,3.50,60600,0.57
1998-11-13,3.44,3.75,3.44,3.50,74400,0.57
1998-11-12,3.75,3.75,3.50,3.75,38400,0.61
1998-11-11,3.75,3.94,3.59,3.59,52200,0.58
1998-11-10,3.59,3.87,3.59,3.69,10800,0.60
1998-11-09,3.50,3.87,3.50,3.87,16200,0.63
1998-11-06,3.87,3.87,3.87,3.87,000,0.63
1998-11-05,3.50,3.87,3.50,3.87,20400,0.63
1998-11-04,3.75,3.75,3.50,3.50,11400,0.57
1998-11-03,3.50,3.75,3.50,3.63,97800,0.59
1998-11-02,3.50,4.00,3.50,3.75,58800,0.61
1998-10-30,3.50,3.50,3.50,3.50,6000,0.57
1998-10-29,3.50,3.87,3.50,3.81,25200,0.62
1998-10-28,3.50,3.56,3.50,3.56,25800,0.58
1998-10-27,3.69,3.69,3.69,3.69,12600,0.60
1998-10-26,3.75,3.75,3.38,3.38,106800,0.55
1998-10-23,3.75,3.75,3.75,3.75,33000,0.61
1998-10-22,3.63,3.63,3.38,3.38,8400,0.55
1998-10-21,3.44,3.50,3.38,3.50,79800,0.57
1998-10-20,3.44,3.44,3.44,3.44,6000,0.56
1998-10-19,3.38,3.38,3.38,3.38,2400,0.55
1998-10-16,3.31,3.44,3.31,3.31,78000,0.54
1998-10-15,3.44,3.44,3.38,3.44,135000,0.56
1998-10-14,3.25,3.41,3.25,3.41,7800,0.55
1998-10-13,3.38,3.38,3.38,3.38,197400,0.55
1998-10-12,3.25,3.25,3.25,3.25,4800,0.52
1998-10-09,3.50,3.69,3.25,3.44,141600,0.56
1998-10-08,3.87,3.87,3.00,3.12,178200,0.50
1998-10-07,3.87,4.00,3.87,4.00,68400,0.65
1998-10-06,4.00,4.00,3.87,4.00,758400,0.65
1998-10-05,3.94,4.12,3.94,4.00,30600,0.65
1998-10-02,3.87,4.00,3.87,4.00,21600,0.65
1998-10-01,3.87,3.87,3.87,3.87,1200,0.63
1998-09-30,3.94,4.12,3.94,3.94,135600,0.64
1998-09-29,4.00,4.00,3.87,3.94,189000,0.64
1998-09-28,3.94,4.00,3.94,3.94,32400,0.64
1998-09-25,3.94,3.94,3.94,3.94,19200,0.64
1998-09-24,4.12,4.12,4.12,4.12,600,0.67
1998-09-23,3.87,4.12,3.87,4.12,223800,0.67
1998-09-22,3.87,4.00,3.87,3.94,195600,0.64
1998-09-21,3.94,3.94,3.94,3.94,114600,0.64
1998-09-18,4.00,4.00,3.87,3.87,27000,0.63
1998-09-17,4.00,4.00,3.87,3.87,13800,0.63
1998-09-16,3.94,3.94,3.87,3.87,40800,0.63
1998-09-15,4.12,4.12,3.87,4.00,435600,0.65
1998-09-14,4.00,4.12,4.00,4.00,81600,0.65
1998-09-11,4.06,4.06,3.87,4.00,3136800,0.65
1998-09-10,4.25,4.25,3.87,4.12,2052000,0.67
1998-09-09,4.25,4.62,4.25,4.38,294600,0.71
1998-09-08,4.12,4.38,4.00,4.38,79800,0.71
1998-09-04,4.00,4.12,3.94,4.00,589800,0.65
1998-09-03,4.00,4.12,3.87,4.12,84000,0.67
1998-09-02,4.12,4.12,4.00,4.00,55200,0.65
1998-09-01,4.03,4.06,4.00,4.00,66600,0.65
1998-08-31,4.00,4.00,3.94,4.00,17400,0.65
1998-08-28,4.06,4.19,4.00,4.00,314400,0.65
1998-08-27,4.06,4.06,4.00,4.00,97800,0.65
1998-08-26,4.12,4.12,4.06,4.06,38400,0.66
1998-08-25,4.19,4.19,4.06,4.19,792600,0.68
1998-08-24,4.06,4.19,4.06,4.12,110400,0.67
1998-08-21,4.19,4.19,4.06,4.19,309600,0.68
1998-08-20,4.00,4.19,4.00,4.19,1854600,0.68
1998-08-19,4.88,4.88,3.87,4.12,2574600,0.67
1998-08-18,5.00,5.00,4.50,4.75,182400,0.77
1998-08-17,5.00,5.13,4.75,4.75,18600,0.77
1998-08-14,5.25,5.25,4.62,4.75,193800,0.77
1998-08-13,5.13,5.19,5.06,5.13,142800,0.83
1998-08-12,5.00,5.25,5.00,5.25,67800,0.85
1998-08-11,5.25,5.37,4.62,5.00,225600,0.81
1998-08-10,5.50,5.50,5.37,5.50,37200,0.89
1998-08-07,5.88,5.88,5.62,5.62,6600,0.91
1998-08-06,5.62,5.62,5.62,5.62,7800,0.91
1998-08-05,5.75,6.00,5.62,5.62,111600,0.91
1998-08-04,6.00,6.03,5.75,5.88,61200,0.95
1998-08-03,6.00,6.00,5.81,6.00,440400,0.97
1998-07-31,6.00,6.25,6.00,6.00,45600,0.97
1998-07-30,5.88,6.03,5.88,6.03,86400,0.97
1998-07-29,5.88,5.88,5.88,5.88,18600,0.95
1998-07-28,5.88,5.88,5.81,5.81,39000,0.94
1998-07-27,6.00,6.00,5.75,5.88,229800,0.95
1998-07-24,6.00,6.12,6.00,6.12,340800,0.99
1998-07-23,6.06,6.31,6.06,6.06,257400,0.98
1998-07-22,6.00,6.25,6.00,6.12,42000,0.99
1998-07-21,6.06,6.31,6.06,6.25,90000,1.01
1998-07-20,6.12,6.12,6.12,6.12,13200,0.99
1998-07-17,6.25,6.25,6.25,6.25,600,1.01
1998-07-16,6.12,6.31,6.12,6.19,86400,1.00
1998-07-15,6.06,6.25,6.06,6.25,9600,1.01
1998-07-14,6.12,6.12,6.06,6.06,199800,0.98
1998-07-13,6.25,6.38,6.19,6.25,46800,1.01
1998-07-10,6.44,6.44,6.19,6.25,86400,1.01
1998-07-09,6.25,6.44,6.25,6.44,392400,1.04
1998-07-08,6.38,6.38,6.06,6.25,882000,1.01
1998-07-07,6.00,6.50,6.00,6.38,61200,1.03
1998-07-06,6.00,6.25,6.00,6.25,22200,1.01
1998-07-02,6.12,6.38,6.00,6.25,53400,1.01
1998-07-01,6.19,6.31,6.00,6.00,60000,0.97
1998-06-30,6.38,6.38,6.00,6.12,87000,0.99
1998-06-29,6.12,6.38,5.88,6.38,441600,1.03
1998-06-26,6.38,6.38,6.00,6.12,179400,0.99
1998-06-25,6.81,6.81,6.12,6.12,326400,0.99
1998-06-24,6.87,7.00,6.63,6.87,52200,1.11
1998-06-23,6.75,7.00,6.75,7.00,12000,1.13
1998-06-22,7.25,7.25,6.87,6.87,114600,1.11
1998-06-19,7.25,7.25,7.00,7.00,33000,1.13
1998-06-18,7.25,7.38,7.12,7.12,27000,1.15
1998-06-17,7.25,7.31,7.19,7.19,62400,1.16
1998-06-16,7.25,7.25,7.00,7.00,67800,1.13
1998-06-15,7.38,7.50,7.25,7.25,238200,1.17
1998-06-12,7.38,7.44,7.06,7.12,114000,1.15
1998-06-11,7.44,7.44,7.25,7.38,54000,1.19
1998-06-10,7.38,7.50,7.31,7.44,141600,1.20
1998-06-09,7.44,7.50,7.25,7.50,91200,1.21
1998-06-08,7.50,7.50,7.25,7.44,120600,1.20
1998-06-05,7.50,7.50,7.25,7.31,175800,1.18
1998-06-04,7.56,7.56,7.25,7.31,217200,1.18
1998-06-03,7.50,7.62,7.31,7.56,171000,1.22
1998-06-02,7.62,7.62,7.25,7.44,262200,1.20
1998-06-01,7.31,7.62,7.31,7.38,205800,1.19
1998-05-29,7.12,7.25,7.12,7.25,75600,1.17
1998-05-28,7.00,7.12,6.75,7.12,88200,1.15
1998-05-27,7.12,7.19,6.53,6.87,3709200,1.11
1998-05-26,7.12,7.12,7.12,7.12,33600,1.15
1998-05-22,7.38,7.38,7.19,7.19,46800,1.16
1998-05-21,7.38,7.50,7.38,7.41,43200,1.20
1998-05-20,7.25,7.62,7.25,7.41,83400,1.20
1998-05-19,7.00,7.38,7.00,7.38,520800,1.19
1998-05-18,7.00,7.25,7.00,7.00,76800,1.13
1998-05-15,7.00,7.00,7.00,7.00,4800,1.13
1998-05-14,7.38,7.38,7.00,7.00,28200,1.13
1998-05-13,6.87,7.38,6.87,7.38,193200,1.19
1998-05-12,6.94,7.12,6.75,7.12,76800,1.15
1998-05-11,6.44,6.87,6.44,6.81,105000,1.10
1998-05-08,6.75,6.75,6.12,6.50,2742000,1.05
1998-05-07,7.12,7.12,6.63,6.75,1340400,1.09
1998-05-06,7.69,7.88,7.69,7.69,81600,1.24
1998-05-05,7.88,7.88,7.50,7.62,393000,1.23
1998-05-04,7.94,8.00,7.75,7.88,50400,1.27
1998-05-01,8.00,8.00,7.94,8.00,89400,1.29
1998-04-30,8.00,8.00,7.88,8.00,85200,1.29
1998-04-29,7.62,8.00,7.62,8.00,156600,1.29
1998-04-28,7.38,7.75,7.38,7.50,80400,1.21
1998-04-27,7.25,7.38,6.87,7.38,150000,1.19
1998-04-24,7.62,7.69,7.25,7.50,59400,1.21
1998-04-23,7.69,7.69,7.31,7.31,90000,1.18
1998-04-22,7.88,8.00,7.38,7.69,143400,1.24
1998-04-21,8.19,8.25,7.94,8.06,166800,1.30
1998-04-20,8.25,8.25,8.00,8.13,500400,1.31
1998-04-17,8.31,8.31,8.13,8.19,299400,1.32
1998-04-16,8.50,8.50,8.13,8.13,1075200,1.31
1998-04-15,8.25,8.37,8.13,8.37,215400,1.35
1998-04-14,8.25,8.50,8.00,8.25,834000,1.33
1998-04-13,7.12,7.88,7.12,7.88,195000,1.27
1998-04-09,7.12,7.38,7.12,7.25,43200,1.17
1998-04-08,7.00,7.19,7.00,7.19,37200,1.16
1998-04-07,7.00,7.19,7.00,7.19,238800,1.16
1998-04-06,7.00,7.19,7.00,7.00,14400,1.13
1998-04-03,7.00,7.25,7.00,7.00,298200,1.13
1998-04-02,7.00,7.12,6.94,7.00,301800,1.13
1998-04-01,7.12,7.19,7.00,7.12,177600,1.15
1998-03-31,7.06,7.12,6.69,7.12,288000,1.15
1998-03-30,6.87,7.12,6.63,6.87,920400,1.11
1998-03-27,6.63,7.00,6.63,6.63,432000,1.07
1998-03-26,6.75,7.00,6.69,6.87,198600,1.11
1998-03-25,7.00,7.06,6.38,6.75,2014800,1.09
1998-03-24,7.00,7.12,7.00,7.00,12000,1.13
1998-03-23,7.19,7.25,7.12,7.12,127200,1.15
1998-03-20,7.25,7.25,7.19,7.25,148200,1.17
1998-03-19,7.31,7.31,7.12,7.19,56400,1.16
1998-03-18,7.19,7.25,7.12,7.25,111000,1.17
1998-03-17,7.00,7.25,7.00,7.25,342000,1.17
1998-03-16,6.69,7.06,6.69,7.00,196200,1.13
1998-03-13,6.94,7.00,6.63,6.94,283800,1.12
1998-03-12,7.00,7.12,6.94,6.94,405000,1.12
1998-03-11,7.12,7.12,7.00,7.06,186600,1.14
1998-03-10,7.06,7.06,7.00,7.06,163800,1.14
1998-03-09,7.00,7.12,7.00,7.06,111600,1.14
1998-03-06,7.00,7.25,7.00,7.00,333000,1.13
1998-03-05,7.00,7.25,7.00,7.25,102600,1.17
1998-03-04,7.38,7.38,7.06,7.06,68400,1.14
1998-03-03,7.12,7.31,7.06,7.25,248400,1.17
1998-03-02,7.25,7.25,7.00,7.00,181200,1.13
1998-02-27,7.12,7.25,7.06,7.06,117000,1.14
1998-02-26,7.12,7.25,7.06,7.12,192600,1.15
1998-02-25,7.00,7.00,6.87,7.00,753600,1.13
1998-02-24,7.06,7.06,6.75,6.87,183600,1.11
1998-02-23,8.25,8.25,7.00,7.38,564000,1.19
1998-02-20,8.00,8.00,7.81,7.88,34200,1.27
1998-02-19,7.50,8.00,7.44,7.75,142200,1.25
1998-02-18,7.31,7.50,7.31,7.38,43200,1.19
1998-02-17,7.44,7.44,7.31,7.31,9000,1.18
1998-02-13,7.50,7.62,7.31,7.50,108600,1.21
1998-02-12,7.62,7.62,7.25,7.50,96600,1.21
1998-02-11,7.38,7.50,7.12,7.50,121800,1.21
1998-02-10,7.62,7.88,7.38,7.38,2594400,1.19
1998-02-09,8.00,8.13,7.62,7.62,239400,1.23
1998-02-06,7.25,7.88,7.25,7.88,84600,1.27
1998-02-05,7.12,7.19,7.00,7.00,99600,1.13
1998-02-04,7.12,7.12,7.00,7.00,301800,1.13
1998-02-03,7.12,7.12,7.00,7.00,410400,1.13
1998-02-02,7.00,7.06,7.00,7.06,42000,1.14
1998-01-30,7.12,7.25,6.94,7.06,211800,1.14
1998-01-29,7.12,7.44,7.00,7.19,778800,1.16
1998-01-28,7.25,7.38,7.06,7.31,352800,1.18
1998-01-27,7.75,7.88,7.25,7.38,120600,1.19
1998-01-26,7.75,7.75,7.75,7.75,5400,1.25
1998-01-23,7.88,7.88,7.88,7.88,46800,1.27
1998-01-22,7.88,8.13,7.88,8.06,161400,1.30
1998-01-21,8.00,8.00,7.88,8.00,29400,1.29
1998-01-20,8.00,8.13,7.88,8.06,214800,1.30
1998-01-16,7.88,7.88,7.62,7.88,117600,1.27
1998-01-15,8.25,8.25,7.88,7.88,243600,1.27
1998-01-14,8.00,8.25,8.00,8.06,88800,1.30
1998-01-13,7.88,8.00,7.88,7.94,13800,1.28
1998-01-12,8.25,8.25,7.88,8.00,190200,1.29
1998-01-09,8.37,8.37,8.00,8.00,8400,1.29
1998-01-08,8.00,8.25,8.00,8.25,130200,1.33
1998-01-07,8.13,8.13,8.00,8.00,40800,1.29
1998-01-06,8.13,8.13,7.88,7.88,18600,1.27
1998-01-05,8.00,8.00,7.75,8.00,138600,1.29
1998-01-02,8.00,8.00,7.75,7.88,56400,1.27
1997-12-31,8.37,8.37,7.75,7.81,340200,1.26
1997-12-30,8.00,8.06,7.88,8.00,461400,1.29
1997-12-29,8.25,8.25,7.62,8.13,635400,1.31
1997-12-26,8.19,8.25,8.00,8.00,29400,1.29
1997-12-24,8.00,8.31,8.00,8.19,203400,1.32
1997-12-23,8.50,8.75,8.00,8.00,357000,1.29
1997-12-22,8.81,8.88,8.50,8.50,281400,1.37
1997-12-19,8.88,9.25,8.50,8.75,859800,1.41
1997-12-18,9.87,10.00,9.00,9.25,501600,1.49
1997-12-17,9.87,10.12,9.75,10.12,1897800,1.64
1997-12-16,10.25,10.38,9.87,10.00,202200,1.62
1997-12-15,10.50,10.62,10.25,10.25,652800,1.66
1997-12-12,11.00,11.00,10.50,10.88,453000,1.76
1997-12-11,11.00,11.00,10.50,10.75,135000,1.74
1997-12-10,11.25,11.25,10.88,11.13,58200,1.80
1997-12-09,11.00,11.50,10.75,11.00,522600,1.78
1997-12-08,10.12,10.62,10.12,10.50,393000,1.70
1997-12-05,10.12,10.38,10.12,10.12,35400,1.64
1997-12-04,10.38,10.38,10.25,10.31,244800,1.67
1997-12-03,10.25,10.31,10.12,10.25,153000,1.66
1997-12-02,10.25,10.44,10.12,10.12,33600,1.64
1997-12-01,10.12,10.25,10.12,10.12,56400,1.64
1997-11-28,10.19,10.38,10.12,10.38,27000,1.68
1997-11-26,10.19,10.50,10.12,10.12,307800,1.64
1997-11-25,10.12,10.50,10.12,10.19,72600,1.65
1997-11-24,10.12,10.38,10.12,10.38,54600,1.68
1997-11-21,10.12,10.19,10.06,10.19,670200,1.65
1997-11-20,10.06,10.19,10.06,10.06,73800,1.63
1997-11-19,10.00,10.19,10.00,10.06,34800,1.63
1997-11-18,10.00,10.12,10.00,10.06,140400,1.63
1997-11-17,10.00,10.12,10.00,10.00,443400,1.62
1997-11-14,10.00,10.06,10.00,10.06,102600,1.63
1997-11-13,10.00,10.12,10.00,10.00,133200,1.62
1997-11-12,10.12,10.12,10.00,10.00,81000,1.62
1997-11-11,10.00,10.25,10.00,10.06,713400,1.63
1997-11-10,10.00,10.25,10.00,10.06,178800,1.63
1997-11-07,10.06,10.06,10.00,10.00,777600,1.62
1997-11-06,10.25,10.25,10.06,10.12,1130400,1.64
1997-11-05,10.06,10.25,10.06,10.06,501600,1.63
1997-11-04,10.12,10.38,10.06,10.06,457800,1.63
1997-11-03,10.06,10.50,10.06,10.12,563400,1.64
1997-10-31,10.06,10.12,10.06,10.12,1124400,1.64
1997-10-30,9.87,10.25,9.75,10.12,8797200,1.64
1997-10-29,11.00,11.25,10.25,10.50,68400,1.70
1997-10-28,9.00,11.50,9.00,11.37,156000,1.84
1997-10-27,11.50,11.62,8.75,10.62,297600,1.72
1997-10-24,11.88,11.88,11.25,11.75,48600,1.90
1997-10-23,11.00,11.88,11.00,11.88,69000,1.92
1997-10-22,11.50,12.00,11.37,11.75,66600,1.90
1997-10-21,11.88,12.00,11.50,11.50,110400,1.86
1997-10-20,12.00,12.12,11.00,11.88,286200,1.92
1997-10-17,11.62,11.62,10.88,11.37,208200,1.84
1997-10-16,11.75,11.75,11.25,11.62,295200,1.88
1997-10-15,11.75,12.00,11.25,11.25,382800,1.82
1997-10-14,11.13,11.75,10.75,11.75,1257600,1.90
1997-10-13,10.00,10.88,10.00,10.69,848400,1.73
1997-10-10,10.00,10.19,9.87,10.06,169200,1.63
1997-10-09,10.00,10.12,9.75,10.00,195000,1.62
1997-10-08,10.00,10.06,9.94,10.00,306000,1.62
1997-10-07,10.12,10.12,9.75,10.00,460200,1.62
1997-10-06,9.63,9.94,9.63,9.94,361200,1.61
1997-10-03,9.75,9.81,9.69,9.75,58800,1.57
1997-10-02,9.81,9.87,9.81,9.81,27600,1.58
1997-10-01,9.75,9.87,9.75,9.87,27000,1.60
1997-09-30,9.97,9.97,9.63,9.87,51600,1.60
1997-09-29,10.12,10.12,9.75,9.87,234600,1.60
1997-09-26,9.87,10.00,9.50,9.87,334200,1.60
1997-09-25,9.50,9.87,9.50,9.87,79800,1.60
1997-09-24,9.75,9.75,9.50,9.69,228600,1.56
1997-09-23,9.50,9.75,9.25,9.75,239400,1.57
1997-09-22,9.12,9.50,9.12,9.50,15600,1.53
1997-09-19,9.63,9.63,9.12,9.50,244800,1.53
1997-09-18,9.25,9.38,9.25,9.38,160800,1.51
1997-09-17,8.88,9.50,8.88,9.38,41400,1.51
1997-09-16,9.50,9.50,8.88,9.50,25800,1.53
1997-09-15,9.38,9.38,8.88,8.88,27600,1.43
1997-09-12,9.38,9.38,7.25,9.38,342000,1.51
1997-09-11,8.75,9.38,8.75,9.38,4200,1.51
1997-09-10,8.62,9.25,7.75,9.25,294000,1.49
1997-09-09,9.50,9.50,9.50,9.50,600,1.53
1997-09-08,9.50,9.50,8.62,9.38,10800,1.51
1997-09-05,8.62,9.50,8.62,9.50,10800,1.53
1997-09-04,8.75,9.50,8.62,9.25,23400,1.49
1997-09-03,8.62,9.50,8.62,9.50,38400,1.53
1997-09-02,9.00,9.38,8.62,9.25,43200,1.49
1997-08-29,8.62,9.38,8.62,8.62,4800,1.39
1997-08-28,8.62,9.38,8.62,9.38,10800,1.51
1997-08-27,8.75,9.38,8.50,9.38,33600,1.51
1997-08-26,9.38,9.38,9.00,9.38,72600,1.51
1997-08-25,9.00,9.63,9.00,9.25,66000,1.49
1997-08-22,9.00,9.63,9.00,9.63,16200,1.55
1997-08-21,9.00,9.63,9.00,9.63,33600,1.55
1997-08-20,9.50,9.50,9.25,9.50,18000,1.53
1997-08-19,9.25,9.50,8.62,9.50,139800,1.53
1997-08-18,8.62,9.50,8.62,9.50,37200,1.53
1997-08-15,9.50,9.50,9.12,9.38,15600,1.51
1997-08-14,8.75,9.50,8.62,9.50,38400,1.53
1997-08-13,9.44,9.44,8.62,9.12,39000,1.47
1997-08-12,8.62,9.44,8.62,9.44,13200,1.52
1997-08-11,9.50,9.50,8.62,9.50,23400,1.53
1997-08-08,9.50,9.50,9.50,9.50,2400,1.53
1997-08-07,8.62,9.50,8.62,9.50,12600,1.53
1997-08-06,9.00,9.63,8.75,9.50,84600,1.53
1997-08-05,9.00,9.25,8.62,9.25,72000,1.49
1997-08-04,9.00,9.25,8.62,9.00,26400,1.45
1997-08-01,8.75,9.38,8.62,9.38,57000,1.51
1997-07-31,9.50,9.50,8.75,9.25,27000,1.49
1997-07-30,9.38,9.38,8.75,9.25,6000,1.49
1997-07-29,8.88,9.38,8.88,9.38,21600,1.51
1997-07-28,9.50,9.75,9.12,9.63,45000,1.55
1997-07-25,9.50,10.00,9.50,9.87,16200,1.60
1997-07-24,10.00,10.00,9.50,9.87,89400,1.60
1997-07-23,10.12,10.75,9.50,9.75,741000,1.57
1997-07-22,8.88,9.63,8.88,9.63,6000,1.55
1997-07-21,9.25,9.63,9.00,9.63,52200,1.55
1997-07-18,9.50,10.00,9.25,10.00,25800,1.62
1997-07-17,10.25,10.25,9.25,9.75,60600,1.57
1997-07-16,9.87,10.25,9.87,10.00,154800,1.62
1997-07-15,9.38,10.12,9.38,10.00,16200,1.62
1997-07-14,9.38,10.12,9.38,10.00,29400,1.62
1997-07-11,9.25,9.87,9.25,9.50,108600,1.53
1997-07-10,9.50,9.50,9.50,9.50,000,1.53
1997-07-09,9.38,9.50,9.12,9.50,84000,1.53
1997-07-08,9.00,9.38,9.00,9.25,114600,1.49
1997-07-07,9.38,9.50,8.75,9.50,61200,1.53
1997-07-03,8.75,9.38,8.75,9.25,53400,1.49
1997-07-02,9.38,9.38,9.38,9.38,1200,1.51
1997-07-01,8.88,9.38,8.88,9.38,3000,1.51
1997-06-30,8.88,9.50,8.88,9.25,3000,1.49
1997-06-27,9.50,9.50,8.88,9.25,40200,1.49
1997-06-26,9.00,9.00,8.50,8.50,85800,1.37
1997-06-25,8.50,9.25,8.50,8.75,44400,1.41
1997-06-24,8.50,9.25,8.50,8.75,49800,1.41
1997-06-23,9.50,9.50,8.50,8.50,49200,1.37
1997-06-20,8.75,9.00,8.75,9.00,11400,1.45
1997-06-19,8.50,9.50,8.50,9.25,11400,1.49
1997-06-18,8.75,9.50,8.75,9.25,31200,1.49
1997-06-17,9.12,9.25,9.12,9.25,1800,1.49
1997-06-16,8.13,9.50,8.13,9.50,64200,1.53
1997-06-13,8.75,9.00,8.00,9.00,109800,1.45
1997-06-12,9.38,9.38,9.25,9.25,6000,1.49
1997-06-11,9.12,9.38,8.75,9.38,20400,1.51
1997-06-10,8.75,9.50,8.75,9.50,25200,1.53
1997-06-09,9.12,9.63,8.75,9.63,78600,1.55
1997-06-06,9.12,9.63,9.12,9.63,13200,1.55
1997-06-05,9.12,9.63,9.12,9.12,3600,1.47
1997-06-04,9.12,9.87,9.12,9.63,84600,1.55
1997-06-03,9.94,9.94,9.75,9.75,15000,1.57
1997-06-02,9.25,10.00,9.12,10.00,45600,1.62
1997-05-30,10.00,10.00,9.50,10.00,24600,1.62
1997-05-29,9.63,10.00,9.63,10.00,187200,1.62
1997-05-28,9.63,10.12,9.50,10.12,91200,1.64
1997-05-27,9.38,9.63,8.88,9.63,144000,1.55
1997-05-23,9.50,9.50,9.38,9.38,1200,1.51
1997-05-22,9.12,9.50,9.12,9.50,7200,1.53
1997-05-21,9.50,9.50,8.88,9.50,24600,1.53
1997-05-20,9.50,9.50,9.00,9.50,72600,1.53
1997-05-19,9.63,9.63,9.00,9.50,31800,1.53
1997-05-16,9.38,9.63,9.00,9.63,108000,1.55
1997-05-15,9.75,9.75,9.38,9.63,240600,1.55
1997-05-14,9.12,9.75,9.12,9.75,42000,1.57
1997-05-13,9.75,9.75,9.25,9.75,57000,1.57
1997-05-12,9.75,9.75,9.50,9.75,103800,1.57
1997-05-09,9.50,9.87,9.50,9.75,16800,1.57
1997-05-08,9.87,9.87,9.38,9.87,54600,1.60
1997-05-07,9.87,9.87,9.38,9.87,82200,1.60
1997-05-06,9.00,9.87,9.00,9.87,37800,1.60
1997-05-05,9.38,9.63,9.00,9.50,40800,1.53
1997-05-02,9.63,9.63,9.00,9.63,25800,1.55
1997-05-01,9.38,9.75,9.00,9.63,233400,1.55
1997-04-30,8.13,9.50,8.13,9.00,159600,1.45
1997-04-29,7.75,8.75,7.75,8.69,58800,1.40
1997-04-28,8.13,8.50,8.13,8.50,13800,1.37
1997-04-25,8.62,8.75,8.25,8.75,193200,1.41
1997-04-24,8.50,8.62,8.50,8.62,13200,1.39
1997-04-23,8.13,8.62,8.00,8.62,161400,1.39
1997-04-22,8.13,8.13,8.13,8.13,000,1.31
1997-04-21,8.13,8.13,8.13,8.13,1200,1.31
1997-04-18,7.62,8.00,7.62,8.00,6000,1.29
1997-04-17,7.75,7.88,7.62,7.88,67800,1.27
1997-04-16,7.38,7.69,7.38,7.69,86400,1.24
1997-04-15,7.38,7.81,7.38,7.38,45000,1.19
1997-04-14,7.88,7.88,7.38,7.38,110400,1.19
1997-04-11,7.88,7.88,7.88,7.88,1200,1.27
1997-04-10,7.88,7.88,7.38,7.81,46200,1.26
1997-04-09,7.56,7.88,7.38,7.50,126600,1.21
1997-04-08,7.62,7.75,7.50,7.75,25800,1.25
1997-04-07,7.12,7.75,7.12,7.75,12000,1.25
1997-04-04,7.50,7.50,7.25,7.50,117000,1.21
1997-04-03,8.13,8.13,7.50,7.88,51600,1.27
1997-04-02,7.88,8.13,7.62,8.00,433800,1.29
1997-04-01,7.88,8.50,7.88,8.00,59400,1.29
1997-03-31,8.00,8.50,8.00,8.50,3600,1.37
1997-03-27,8.50,8.50,8.13,8.50,24000,1.37
1997-03-26,8.50,8.50,8.25,8.50,47400,1.37
1997-03-25,8.50,8.50,8.13,8.25,178200,1.33
1997-03-24,8.50,8.62,7.88,8.50,120000,1.37
1997-03-21,7.88,8.37,7.88,8.37,4200,1.35
1997-03-20,8.25,8.25,7.88,7.88,196800,1.27
1997-03-19,7.88,8.25,7.88,8.00,246600,1.29
1997-03-18,7.88,8.13,7.88,8.13,308400,1.31
1997-03-17,8.25,8.25,7.75,8.00,80400,1.29
1997-03-14,8.25,8.25,7.75,8.00,137400,1.29
1997-03-13,8.00,8.25,7.75,8.25,179400,1.33
1997-03-12,8.00,8.00,7.62,8.00,404400,1.29
1997-03-11,7.50,7.75,7.50,7.75,145200,1.25
1997-03-10,7.75,7.75,7.38,7.50,25800,1.21
1997-03-07,7.38,7.38,7.38,7.38,32400,1.19
1997-03-06,7.38,7.75,7.38,7.38,195000,1.19
1997-03-05,7.62,7.62,7.62,7.62,000,1.23
1997-03-04,7.62,7.75,7.38,7.62,87600,1.23
1997-03-03,7.38,7.62,7.38,7.50,171000,1.21
1997-02-28,7.25,7.62,7.25,7.50,340800,1.21
1997-02-27,7.12,7.50,7.12,7.50,76800,1.21
1997-02-26,7.50,7.50,7.12,7.12,51000,1.15
1997-02-25,7.38,7.50,7.38,7.38,163200,1.19
1997-02-24,7.62,7.62,7.38,7.50,324000,1.21
1997-02-21,7.62,7.62,7.00,7.50,134400,1.21
1997-02-20,7.62,7.88,7.25,7.50,260400,1.21
1997-02-19,6.75,7.50,6.75,7.50,665400,1.21
1997-02-18,7.25,7.25,6.25,6.25,102000,1.01
1997-02-14,6.75,7.25,6.75,6.87,146400,1.11
1997-02-13,7.00,7.00,6.87,7.00,139200,1.13
1997-02-12,6.38,7.00,6.38,6.75,55800,1.09
1997-02-11,6.87,6.87,6.50,6.87,330600,1.11
1997-02-10,6.38,6.87,6.38,6.87,42000,1.11
1997-02-07,6.38,6.75,6.38,6.75,207600,1.09
1997-02-06,6.50,6.75,6.38,6.75,141000,1.09
1997-02-05,6.38,6.38,6.38,6.38,35400,1.03
1997-02-04,6.12,6.63,6.12,6.25,87600,1.01
1997-02-03,6.63,6.63,6.12,6.63,18000,1.07
1997-01-31,6.25,6.25,6.25,6.25,6000,1.01
1997-01-30,6.63,6.63,6.50,6.50,4800,1.05
1997-01-29,6.63,6.63,6.38,6.63,50400,1.07
1997-01-28,6.75,6.75,6.25,6.75,156600,1.09
1997-01-27,6.87,6.87,6.38,6.87,36000,1.11
1997-01-24,6.50,6.87,6.50,6.87,42000,1.11
1997-01-23,6.63,7.00,6.50,7.00,97200,1.13
1997-01-22,6.87,7.00,6.63,7.00,260400,1.13
1997-01-21,6.87,6.87,6.75,6.75,91800,1.09
1997-01-20,6.87,6.87,6.69,6.87,135600,1.11
1997-01-17,6.75,6.87,6.38,6.75,41400,1.09
1997-01-16,6.56,6.75,6.38,6.63,256200,1.07
1997-01-15,6.38,6.38,6.38,6.38,13200,1.03
1997-01-14,6.63,6.75,6.25,6.50,92400,1.05
1997-01-13,6.87,6.87,6.12,6.25,323400,1.01
1997-01-10,6.63,7.00,6.63,6.75,25200,1.09
1997-01-09,7.12,7.12,6.63,6.63,75600,1.07
1997-01-08,7.38,7.38,6.75,7.12,208200,1.15
1997-01-07,7.12,7.38,6.87,6.87,163200,1.11
1997-01-06,6.63,7.12,6.63,7.12,77400,1.15
1997-01-03,6.50,6.75,6.50,6.75,30000,1.09
1997-01-02,6.50,6.50,6.25,6.25,97800,1.01
1996-12-31,6.25,6.63,6.25,6.38,115200,1.03
1996-12-30,6.25,6.63,6.25,6.25,61800,1.01
1996-12-27,6.38,6.63,6.25,6.25,24600,1.01
1996-12-26,6.38,6.75,6.38,6.63,58200,1.07
1996-12-24,6.63,6.75,6.38,6.75,63000,1.09
1996-12-23,6.38,6.87,6.38,6.50,90600,1.05
1996-12-20,6.63,6.75,6.25,6.25,68400,1.01
1996-12-19,6.25,6.63,6.12,6.63,115200,1.07
1996-12-18,6.25,6.50,6.12,6.25,42600,1.01
1996-12-17,6.63,6.63,6.12,6.12,124200,0.99
1996-12-16,6.63,6.63,6.12,6.12,90000,0.99
1996-12-13,6.00,6.63,5.75,6.63,526800,1.07
1996-12-12,5.75,6.12,5.62,5.88,201000,0.95
1996-12-11,6.25,6.25,5.75,6.00,418800,0.97
1996-12-10,6.25,6.25,5.88,5.88,385200,0.95
1996-12-09,6.12,6.12,5.75,5.88,1359000,0.95
1996-12-06,5.62,6.00,5.44,6.00,469800,0.97
1996-12-05,6.00,6.00,5.75,5.88,182400,0.95
1996-12-04,6.00,6.00,5.44,6.00,430800,0.97
1996-12-03,5.62,6.00,5.62,5.62,51000,0.91
1996-12-02,5.69,6.00,5.62,6.00,51000,0.97
1996-11-29,5.62,6.00,5.62,6.00,34800,0.97
1996-11-27,5.62,6.00,5.62,5.75,7800,0.93
1996-11-26,5.62,6.00,5.62,6.00,106200,0.97
1996-11-25,5.75,5.88,5.62,5.88,74400,0.95
1996-11-22,5.88,5.88,5.62,5.62,120000,0.91
1996-11-21,5.88,5.88,5.62,5.75,136800,0.93
1996-11-20,5.88,5.88,5.62,5.62,384600,0.91
1996-11-19,6.12,6.12,5.37,5.75,387000,0.93
1996-11-18,5.62,6.12,5.62,6.00,99000,0.97
1996-11-15,5.62,5.88,5.62,5.88,24000,0.95
1996-11-14,5.88,6.12,5.62,5.62,87600,0.91
1996-11-13,6.12,6.12,5.62,6.00,78000,0.97
1996-11-12,6.12,6.50,5.62,5.88,505200,0.95
1996-11-11,6.12,6.50,6.12,6.50,36600,1.05
1996-11-08,6.50,6.50,6.12,6.50,124200,1.05
1996-11-07,6.00,6.50,6.00,6.25,268200,1.01
1996-11-06,6.50,6.50,6.00,6.00,62400,0.97
1996-11-05,6.25,6.50,6.00,6.25,190200,1.01
1996-11-04,5.25,6.75,5.25,6.06,523200,0.98
1996-11-01,5.25,5.62,5.25,5.62,21600,0.91
1996-10-31,5.25,5.50,5.25,5.25,78000,0.85
1996-10-30,5.62,5.62,5.50,5.50,30000,0.89
1996-10-29,5.88,5.88,5.75,5.88,25200,0.95
1996-10-28,5.88,6.00,5.50,5.50,54600,0.89
1996-10-25,5.13,5.75,5.13,5.75,44400,0.93
1996-10-24,5.25,5.37,5.00,5.25,227400,0.85
1996-10-23,4.50,5.25,4.50,5.25,42000,0.85
1996-10-22,4.88,4.88,4.75,4.75,27600,0.77
1996-10-21,5.62,5.62,4.75,5.13,101400,0.83
1996-10-18,5.13,5.13,5.13,5.13,8400,0.83
1996-10-17,5.50,5.62,5.13,5.13,36000,0.83
1996-10-16,5.25,5.37,5.25,5.25,24600,0.85
1996-10-15,5.25,5.50,5.25,5.50,60000,0.89
1996-10-14,5.50,5.50,5.25,5.37,29400,0.87
1996-10-11,5.37,5.62,5.25,5.25,485400,0.85
1996-10-10,5.69,5.69,5.50,5.50,9000,0.89
1996-10-09,5.75,5.75,5.50,5.50,31800,0.89
1996-10-08,5.88,5.88,5.88,5.88,000,0.95
1996-10-07,5.88,5.88,5.88,5.88,000,0.95
1996-10-04,5.62,6.12,5.62,5.88,27000,0.95
1996-10-03,5.62,6.12,5.62,6.00,38400,0.97
1996-10-02,6.12,6.12,5.62,6.00,63000,0.97
1996-10-01,6.00,6.25,6.00,6.12,312000,0.99
1996-09-30,6.00,6.00,6.00,6.00,000,0.97
1996-09-27,6.12,6.12,5.88,6.00,39600,0.97
1996-09-26,5.75,6.12,5.75,6.00,26400,0.97
1996-09-25,6.12,6.12,5.75,6.12,6000,0.99
1996-09-24,5.88,6.12,5.88,6.12,2400,0.99
1996-09-23,5.75,6.12,5.75,6.12,40800,0.99
1996-09-20,6.12,6.12,6.12,6.12,000,0.99
1996-09-19,6.12,6.12,6.12,6.12,000,0.99
1996-09-18,6.25,6.25,5.75,6.12,103800,0.99
1996-09-17,6.06,6.12,6.00,6.00,600000,0.97
1996-09-16,6.00,6.25,6.00,6.25,17400,1.01
1996-09-13,5.88,6.25,5.88,6.25,21000,1.01
1996-09-12,5.75,6.12,5.75,6.00,114000,0.97
1996-09-11,5.75,6.00,5.75,5.75,18600,0.93
1996-09-10,5.62,6.00,5.62,6.00,19200,0.97
1996-09-09,6.00,6.00,6.00,6.00,000,0.97
1996-09-06,6.00,6.00,6.00,6.00,000,0.97
1996-09-05,6.00,6.12,5.75,6.00,153000,0.97
1996-09-04,5.50,6.00,5.50,6.00,3600,0.97
1996-09-03,5.75,6.00,5.50,6.00,51000,0.97
1996-08-30,6.12,6.25,6.12,6.25,40800,1.01
1996-08-29,6.38,6.38,6.12,6.12,31800,0.99
1996-08-28,6.63,6.63,6.00,6.25,52200,1.01
1996-08-27,6.50,6.63,6.00,6.56,124800,1.06
1996-08-26,6.00,6.50,6.00,6.50,9600,1.05
1996-08-23,6.12,6.63,5.75,6.63,69000,1.07
1996-08-22,6.63,6.63,6.12,6.63,20400,1.07
1996-08-21,6.38,7.00,6.38,6.63,52800,1.07
1996-08-20,6.38,7.00,6.38,7.00,29400,1.13
1996-08-19,7.00,7.00,7.00,7.00,000,1.13
1996-08-16,6.44,7.00,6.44,7.00,13200,1.13
1996-08-15,6.50,7.00,6.50,7.00,31200,1.13
1996-08-14,6.50,7.00,6.38,7.00,42600,1.13
1996-08-13,7.12,7.12,7.12,7.12,1200,1.15
1996-08-12,6.50,7.12,6.50,7.12,9600,1.15
1996-08-09,7.12,7.12,6.50,7.12,13200,1.15
1996-08-08,6.87,7.12,6.50,7.12,3000,1.15
1996-08-07,6.56,7.12,6.50,7.12,67800,1.15
1996-08-06,6.50,7.12,6.50,7.12,18600,1.15
1996-08-05,7.12,7.12,6.50,7.12,55200,1.15
1996-08-02,7.00,7.00,7.00,7.00,000,1.13
1996-08-01,6.75,7.00,6.75,7.00,12000,1.13
1996-07-31,6.75,7.12,6.75,7.12,4200,1.15
1996-07-30,7.00,7.12,6.87,7.12,84000,1.15
1996-07-29,6.75,7.38,6.75,7.38,6600,1.19
1996-07-26,7.38,7.38,6.75,7.38,13200,1.19
1996-07-25,6.75,7.38,6.75,7.38,10800,1.19
1996-07-24,7.00,7.00,6.12,7.00,340800,1.13
1996-07-23,6.63,7.00,6.50,7.00,78600,1.13
1996-07-22,6.38,6.87,6.00,6.87,176400,1.11
1996-07-19,7.00,7.00,6.38,7.00,3000,1.13
1996-07-18,7.00,7.00,6.75,7.00,32400,1.13
1996-07-17,6.63,7.00,6.44,7.00,176400,1.13
1996-07-16,6.75,6.75,6.25,6.63,40800,1.07
1996-07-15,7.38,8.00,5.88,6.75,226200,1.09
1996-07-12,7.50,8.00,7.38,8.00,42000,1.29
1996-07-11,8.00,8.00,8.00,8.00,3000,1.29
1996-07-10,7.38,8.00,7.38,8.00,1800,1.29
1996-07-09,7.38,8.00,7.38,8.00,30600,1.29
1996-07-08,8.00,8.00,7.38,8.00,10200,1.29
1996-07-05,8.00,8.00,7.50,8.00,12600,1.29
1996-07-03,8.00,8.00,7.50,8.00,65400,1.29
1996-07-02,8.00,8.00,7.50,8.00,18000,1.29
1996-07-01,8.00,8.00,7.50,7.50,13800,1.21
1996-06-28,8.00,8.00,7.69,8.00,100800,1.29
1996-06-27,7.50,8.00,7.50,8.00,26400,1.29
1996-06-26,8.00,8.00,7.50,8.00,23400,1.29
1996-06-25,8.00,8.00,7.50,8.00,202200,1.29
1996-06-24,8.00,8.00,7.38,8.00,77400,1.29
1996-06-21,8.25,8.25,7.38,7.38,133200,1.19
1996-06-20,9.00,9.00,7.75,8.25,183000,1.33
1996-06-19,9.25,9.50,8.75,8.88,298200,1.43
1996-06-18,10.38,10.38,9.38,9.38,88800,1.51
1996-06-17,10.38,10.38,10.38,10.38,000,1.68
1996-06-14,10.38,10.38,9.87,10.38,136800,1.68
1996-06-13,9.87,10.38,9.87,9.87,12600,1.60
1996-06-12,10.50,10.50,10.50,10.50,4800,1.70
1996-06-11,9.87,10.25,9.87,10.25,12600,1.66
1996-06-10,10.50,10.50,10.50,10.50,6000,1.70
1996-06-07,10.50,10.50,9.87,10.50,246600,1.70
1996-06-06,10.88,10.88,10.50,10.88,133800,1.76
1996-06-05,10.88,10.88,10.50,10.88,40800,1.76
1996-06-04,10.88,10.88,10.50,10.88,84600,1.76
1996-06-03,10.50,10.88,10.50,10.88,31200,1.76
1996-05-31,10.88,11.00,10.62,10.62,94200,1.72
1996-05-30,10.75,11.13,10.75,10.88,891600,1.76
1996-05-29,12.12,12.12,10.38,11.00,118200,1.78
1996-05-28,12.63,12.75,11.75,12.00,106200,1.94
1996-05-24,12.50,12.63,12.25,12.63,55200,2.04
1996-05-23,12.25,12.63,12.25,12.63,12600,2.04
1996-05-22,12.38,12.63,12.25,12.63,64800,2.04
1996-05-21,13.62,13.75,12.12,12.25,292800,1.98
1996-05-20,14.25,14.25,12.63,13.75,391800,2.22
1996-05-17,13.12,14.13,13.00,13.94,544800,2.25
1996-05-16,12.75,13.12,12.75,13.12,141000,2.12
1996-05-15,12.87,13.00,12.75,12.75,219000,2.06
1996-05-14,13.00,13.12,12.87,13.00,385800,2.10
1996-05-13,12.12,12.87,12.00,12.87,328800,2.08
1996-05-10,11.75,12.12,11.75,12.12,217800,1.96
1996-05-09,11.62,12.00,11.62,12.00,27600,1.94
1996-05-08,12.00,12.00,11.62,12.00,55800,1.94
1996-05-07,11.62,12.00,11.62,12.00,11400,1.94
1996-05-06,11.62,12.00,11.62,12.00,9000,1.94
1996-05-03,11.88,12.25,11.75,12.00,139800,1.94
1996-05-02,12.38,12.38,11.88,12.25,62400,1.98
1996-05-01,12.50,12.50,11.88,12.38,320400,2.00
1996-04-30,12.00,12.50,12.00,12.25,163200,1.98
1996-04-29,12.12,12.75,12.00,12.00,234000,1.94
1996-04-26,11.37,12.50,10.75,12.38,477000,2.00
1996-04-25,11.13,11.37,11.13,11.37,81000,1.84
1996-04-24,11.75,11.75,10.75,11.13,186000,1.80
1996-04-23,11.00,11.75,11.00,11.75,358800,1.90
1996-04-22,10.62,11.13,10.50,11.00,418200,1.78
1996-04-19,9.75,10.62,9.63,10.62,234000,1.72
1996-04-18,9.75,9.75,9.38,9.75,169200,1.57
1996-04-17,10.50,10.50,9.12,9.63,481800,1.55
1996-04-16,8.37,10.50,8.00,9.87,1417800,1.60
1996-04-15,7.75,8.00,7.75,7.88,29400,1.27
1996-04-12,7.75,7.75,7.75,7.75,3000,1.25
1996-04-11,7.75,7.88,7.75,7.88,37800,1.27
1996-04-10,7.88,7.88,7.88,7.88,000,1.27
1996-04-09,7.88,7.88,7.88,7.88,20400,1.27
1996-04-08,7.88,8.00,7.88,8.00,3600,1.29
1996-04-04,7.88,8.00,7.88,8.00,27000,1.29
1996-04-03,7.88,8.00,7.88,8.00,83400,1.29
1996-04-02,7.88,7.88,7.88,7.88,6600,1.27
1996-04-01,7.88,8.13,7.88,8.00,9600,1.29
1996-03-29,8.00,8.00,7.94,8.00,71400,1.29
1996-03-28,7.88,8.00,7.88,8.00,7200,1.29
1996-03-27,8.13,8.13,8.00,8.13,246000,1.31
1996-03-26,8.00,8.13,7.88,8.13,68400,1.31
1996-03-25,8.37,8.37,8.00,8.37,12600,1.35
1996-03-22,8.37,8.37,8.00,8.37,4200,1.35
1996-03-21,8.37,8.37,8.37,8.37,1200,1.35
1996-03-20,8.00,8.00,8.00,8.00,600,1.29
1996-03-19,8.13,8.13,8.13,8.13,000,1.31
1996-03-18,7.75,8.37,7.75,8.13,166200,1.31
1996-03-15,7.75,7.75,7.38,7.75,195000,1.25
1996-03-14,7.75,7.75,7.75,7.75,000,1.25
1996-03-13,7.75,7.75,7.50,7.75,12000,1.25
1996-03-12,7.75,8.00,7.75,8.00,88200,1.29
1996-03-11,8.25,8.25,8.25,8.25,000,1.33
1996-03-08,8.50,8.50,7.75,8.25,176400,1.33
1996-03-07,8.25,8.88,8.25,8.62,306600,1.39
1996-03-06,8.13,8.62,8.13,8.62,61200,1.39
1996-03-05,8.00,8.62,8.00,8.62,354000,1.39
1996-03-04,7.88,8.50,7.88,8.50,1800,1.37
1996-03-01,8.50,8.50,7.88,8.50,16200,1.37
1996-02-29,7.50,8.37,7.50,8.25,382200,1.33
1996-02-28,7.62,7.75,7.50,7.75,22800,1.25
1996-02-27,7.38,7.62,7.38,7.62,16800,1.23
1996-02-26,7.38,7.75,7.25,7.75,79200,1.25
1996-02-23,7.50,7.75,7.38,7.75,51000,1.25
1996-02-22,7.00,7.50,7.00,7.50,342600,1.21
1996-02-21,7.25,7.38,7.12,7.19,120000,1.16
1996-02-20,7.25,7.50,7.00,7.00,94200,1.13
1996-02-16,7.25,7.50,7.25,7.25,33600,1.17
1996-02-15,7.25,7.50,7.12,7.50,70200,1.21
1996-02-14,7.25,7.50,7.25,7.50,25200,1.21
1996-02-13,7.25,7.75,7.25,7.75,37800,1.25
1996-02-12,7.50,7.75,7.38,7.75,62400,1.25
1996-02-09,7.50,7.75,7.50,7.75,91200,1.25
1996-02-08,7.62,7.75,7.62,7.69,399600,1.24
1996-02-07,7.62,8.00,7.62,8.00,12000,1.29
1996-02-06,7.75,8.00,7.62,8.00,166200,1.29
1996-02-05,8.00,8.13,7.75,7.75,55800,1.25
1996-02-02,7.88,8.13,7.88,8.13,9600,1.31
1996-02-01,8.00,8.13,7.88,8.13,121800,1.31
1996-01-31,7.88,8.13,7.88,8.13,78600,1.31
1996-01-30,8.13,8.13,8.13,8.13,000,1.31
1996-01-29,7.88,8.13,7.88,8.13,72600,1.31
1996-01-26,7.88,8.00,7.75,8.00,37800,1.29
1996-01-25,8.13,8.13,8.00,8.00,34200,1.29
1996-01-24,8.00,8.13,7.88,7.88,39600,1.27
1996-01-23,7.88,8.00,7.88,8.00,20400,1.29
1996-01-22,8.25,8.25,8.00,8.13,225600,1.31
1996-01-19,8.25,8.37,8.25,8.37,12000,1.35
1996-01-18,8.25,8.25,8.19,8.25,24000,1.33
1996-01-17,8.25,8.25,8.00,8.25,42000,1.33
1996-01-16,8.25,8.25,8.25,8.25,38400,1.33
1996-01-15,8.25,8.25,8.00,8.25,37200,1.33
1996-01-12,7.88,8.50,7.88,8.50,86400,1.37
1996-01-11,8.25,8.50,7.88,8.50,213600,1.37
1996-01-10,8.25,8.50,8.13,8.50,75000,1.37
1996-01-09,8.25,8.25,7.75,8.25,90600,1.33
1996-01-08,8.13,8.25,8.13,8.25,7800,1.33
1996-01-05,8.25,8.25,8.25,8.25,000,1.33
1996-01-04,7.75,8.25,7.75,8.25,358200,1.33
1996-01-03,8.00,8.25,7.75,8.25,90600,1.33
1996-01-02,9.00,9.00,8.00,8.25,164400,1.33
1995-12-29,8.75,9.75,8.75,9.50,749400,1.53
1995-12-28,8.50,9.00,8.13,9.00,219600,1.45
1995-12-27,8.13,8.50,8.13,8.50,6000,1.37
1995-12-26,8.50,8.50,8.50,8.50,1800,1.37
1995-12-22,8.00,8.37,8.00,8.37,246600,1.35
1995-12-21,8.25,8.25,8.00,8.25,46200,1.33
1995-12-20,7.88,8.25,7.88,7.88,12000,1.27
1995-12-19,7.88,8.25,7.88,8.00,17400,1.29
1995-12-18,8.00,8.25,7.75,8.00,794400,1.29
1995-12-15,7.88,8.50,7.88,8.50,13800,1.37
1995-12-14,8.50,8.50,8.00,8.50,118200,1.37
1995-12-13,8.25,8.25,7.88,8.13,372600,1.31
1995-12-12,8.37,8.37,7.75,8.25,142800,1.33
1995-12-11,8.25,8.37,8.00,8.25,66600,1.33
1995-12-08,7.75,8.25,7.75,8.13,541200,1.31
1995-12-07,8.00,8.50,8.00,8.00,143400,1.29
1995-12-06,7.88,8.00,7.50,8.00,35400,1.29
1995-12-05,7.50,7.88,7.50,7.88,19800,1.27
1995-12-04,7.88,7.88,7.50,7.88,30000,1.27
1995-12-01,7.50,7.88,7.50,7.88,188400,1.27
1995-11-30,7.62,7.88,7.62,7.88,19200,1.27
1995-11-29,7.75,7.88,7.75,7.75,274800,1.25
1995-11-28,8.25,8.25,7.75,8.00,62400,1.29
1995-11-27,7.75,8.00,7.62,8.00,148200,1.29
1995-11-24,7.75,7.88,7.75,7.88,19200,1.27
1995-11-22,7.38,7.75,7.38,7.75,14400,1.25
1995-11-21,7.12,7.25,7.00,7.25,125400,1.17
1995-11-20,7.25,7.25,7.12,7.12,24600,1.15
1995-11-17,7.25,7.25,7.06,7.12,14400,1.15
1995-11-16,7.25,7.25,7.12,7.25,56400,1.17
1995-11-15,6.50,7.12,6.50,7.12,460800,1.15
1995-11-14,6.38,6.50,6.38,6.50,25200,1.05
1995-11-13,6.00,6.25,6.00,6.25,27600,1.01
1995-11-10,6.00,6.12,6.00,6.12,9600,0.99
1995-11-09,5.88,6.12,5.88,6.12,79800,0.99
1995-11-08,6.12,6.12,6.00,6.00,4800,0.97
1995-11-07,6.12,6.12,5.88,6.00,36000,0.97
1995-11-06,6.25,6.25,6.00,6.00,21600,0.97
1995-11-03,6.25,6.38,6.25,6.38,5400,1.03
1995-11-02,6.38,6.38,6.38,6.38,6000,1.03
1995-11-01,6.25,6.25,6.25,6.25,19800,1.01
1995-10-31,6.38,6.38,6.25,6.25,8400,1.01
1995-10-30,6.50,6.50,6.25,6.25,9600,1.01
1995-10-27,6.38,6.50,6.38,6.50,24000,1.05
1995-10-26,6.12,6.63,6.12,6.38,156600,1.03
1995-10-25,5.50,5.88,5.50,5.88,92400,0.95
1995-10-24,5.62,5.75,5.50,5.75,51600,0.93
1995-10-23,5.75,5.75,5.75,5.75,6000,0.93
1995-10-20,5.75,5.88,5.75,5.88,78000,0.95
1995-10-19,5.88,5.88,5.75,5.88,31200,0.95
1995-10-18,5.62,5.75,5.62,5.75,21000,0.93
1995-10-17,5.50,5.50,5.50,5.50,1200,0.89
1995-10-16,5.50,5.50,5.50,5.50,600,0.89
1995-10-13,5.37,5.50,5.37,5.50,9000,0.89
1995-10-12,5.75,5.75,5.50,5.50,18000,0.89
1995-10-11,5.62,5.75,5.62,5.75,10200,0.93
1995-10-10,5.75,5.75,5.50,5.75,43200,0.93
1995-10-09,5.50,5.75,5.50,5.75,64800,0.93
1995-10-06,5.75,5.75,5.37,5.50,60600,0.89
1995-10-05,5.88,5.88,5.75,5.75,6000,0.93
1995-10-04,6.00,6.00,6.00,6.00,000,0.97
1995-10-03,6.12,6.12,6.00,6.00,41400,0.97
1995-10-02,6.12,6.12,6.12,6.12,2400,0.99
1995-09-29,5.88,6.00,5.75,6.00,15600,0.97
1995-09-28,6.25,6.25,6.00,6.00,10200,0.97
1995-09-27,6.00,6.25,6.00,6.25,106800,1.01
1995-09-26,6.00,6.12,5.75,6.12,154200,0.99
1995-09-25,6.12,6.38,6.12,6.25,55200,1.01
1995-09-22,6.00,6.00,6.00,6.00,18000,0.97
1995-09-21,5.50,6.25,5.37,6.00,480600,0.97
1995-09-20,6.00,6.00,5.50,5.50,146400,0.89
1995-09-19,6.25,6.25,6.12,6.12,44400,0.99
1995-09-18,6.38,6.38,6.25,6.38,19200,1.03
1995-09-15,6.50,6.63,6.38,6.44,15600,1.04
1995-09-14,6.63,6.63,6.63,6.63,12000,1.07
1995-09-13,6.38,6.63,6.38,6.63,55200,1.07
1995-09-12,6.63,6.63,6.25,6.25,37200,1.01
1995-09-11,6.63,6.63,6.50,6.50,12000,1.05
1995-09-08,6.63,6.69,6.63,6.69,1200,1.08
1995-09-07,6.63,6.69,6.63,6.69,15600,1.08
1995-09-06,6.63,6.63,6.63,6.63,15000,1.07
1995-09-05,6.75,6.87,6.75,6.75,69000,1.09
1995-09-01,6.75,6.75,6.75,6.75,7800,1.09
1995-08-31,6.87,6.87,6.75,6.75,17400,1.09
1995-08-30,6.63,7.00,6.63,7.00,30600,1.13
1995-08-29,6.63,6.69,6.63,6.69,12600,1.08
1995-08-28,6.69,6.69,6.50,6.63,6600,1.07
1995-08-25,6.63,6.63,6.63,6.63,000,1.07
1995-08-24,6.63,6.63,6.63,6.63,000,1.07
1995-08-23,6.50,6.63,6.50,6.63,7800,1.07
1995-08-22,6.50,6.50,6.50,6.50,3000,1.05
1995-08-21,6.50,6.50,6.50,6.50,1200,1.05
1995-08-18,6.50,6.63,6.50,6.63,24000,1.07
1995-08-17,6.50,6.50,6.50,6.50,6000,1.05
1995-08-16,6.50,6.50,6.38,6.50,15600,1.05
1995-08-15,6.75,6.75,6.38,6.63,51000,1.07
1995-08-14,6.87,7.12,6.87,6.87,38400,1.11
1995-08-11,7.00,7.00,7.00,7.00,000,1.13
1995-08-10,7.12,7.12,7.00,7.00,18000,1.13
1995-08-09,7.25,7.25,7.25,7.25,6000,1.17
1995-08-08,7.00,7.12,6.87,7.12,24600,1.15
1995-08-07,6.69,6.87,6.69,6.87,40800,1.11
1995-08-04,6.63,6.69,6.50,6.63,19800,1.07
1995-08-03,6.38,6.50,6.25,6.50,49200,1.05
1995-08-02,6.25,6.50,6.25,6.50,66600,1.05
1995-08-01,6.25,6.25,6.25,6.25,7200,1.01
1995-07-31,6.38,6.38,6.25,6.25,104400,1.01
1995-07-28,6.50,6.50,6.25,6.38,97200,1.03
1995-07-27,6.63,6.63,6.25,6.63,99000,1.07
1995-07-26,6.75,6.75,6.75,6.75,64800,1.09
1995-07-25,6.75,7.00,6.38,7.00,197400,1.13
1995-07-24,6.87,6.87,6.75,6.75,36000,1.09
1995-07-21,7.00,7.00,7.00,7.00,30600,1.13
1995-07-20,7.25,7.25,7.00,7.00,78000,1.13
1995-07-19,7.00,7.25,7.00,7.12,21000,1.15
1995-07-18,7.50,7.50,7.25,7.25,7800,1.17
1995-07-17,7.50,7.50,7.38,7.50,33000,1.21
1995-07-14,7.38,7.50,7.38,7.38,14400,1.19
1995-07-13,7.88,7.88,7.50,7.50,67200,1.21
1995-07-12,7.50,7.75,7.50,7.75,52200,1.25
1995-07-11,7.38,7.38,7.38,7.38,34800,1.19
1995-07-10,7.75,7.75,7.25,7.50,67800,1.21
1995-07-07,7.62,7.88,7.62,7.75,224400,1.25
1995-07-06,7.75,7.88,7.62,7.88,44400,1.27
1995-07-05,8.00,8.13,7.88,7.88,53400,1.27
1995-07-03,8.00,8.13,7.88,8.13,39000,1.31
1995-06-30,7.75,8.00,7.75,7.88,314400,1.27
1995-06-29,7.12,7.88,7.12,7.88,141600,1.27
1995-06-28,7.12,7.12,7.00,7.12,23400,1.15
1995-06-27,7.25,7.25,7.00,7.25,59400,1.17
1995-06-26,7.38,7.38,7.25,7.25,2400,1.17
1995-06-23,7.38,7.50,7.00,7.25,138600,1.17
1995-06-22,7.75,7.75,7.50,7.62,51600,1.23
1995-06-21,7.75,7.75,7.75,7.75,15000,1.25
1995-06-20,7.75,8.00,7.75,8.00,52200,1.29
1995-06-19,7.75,8.13,7.75,7.88,165600,1.27
1995-06-16,8.19,8.19,7.88,7.88,86400,1.27
1995-06-15,8.00,8.25,8.00,8.13,76800,1.31
1995-06-14,7.88,7.94,7.81,7.94,9000,1.28
1995-06-13,8.00,8.00,7.88,7.94,31800,1.28
1995-06-12,8.13,8.25,7.88,7.88,130800,1.27
1995-06-09,8.50,8.50,8.25,8.25,190800,1.33
1995-06-08,8.69,8.75,8.37,8.50,393600,1.37
1995-06-07,7.88,8.50,7.88,8.50,463800,1.37
1995-06-06,7.62,7.62,7.50,7.62,94800,1.23
1995-06-05,7.75,7.75,7.50,7.50,27600,1.21
1995-06-02,8.00,8.00,7.62,7.62,175200,1.23
1995-06-01,8.13,8.25,8.00,8.00,150000,1.29
1995-05-31,8.00,8.13,7.75,8.13,477600,1.31
1995-05-30,6.75,7.75,6.75,7.75,202800,1.25
1995-05-26,6.38,6.87,6.38,6.87,89400,1.11
1995-05-25,6.50,6.50,6.31,6.38,22800,1.03
1995-05-24,6.38,6.50,6.38,6.38,105000,1.03
1995-05-23,6.75,6.75,6.38,6.38,46200,1.03
1995-05-22,6.63,6.69,6.63,6.69,24600,1.08
1995-05-19,6.44,6.50,6.38,6.50,40800,1.05
1995-05-18,6.75,6.87,6.38,6.50,180000,1.05
1995-05-17,6.00,6.63,6.00,6.50,415200,1.05
1995-05-16,6.00,6.00,5.88,6.00,339000,0.97
1995-05-15,6.00,6.00,5.94,6.00,20400,0.97
1995-05-12,5.75,6.00,5.75,6.00,56400,0.97
1995-05-11,5.50,5.75,5.50,5.62,30000,0.91
1995-05-10,5.50,5.50,5.50,5.50,24000,0.89
1995-05-09,5.37,5.50,5.37,5.50,31200,0.89
1995-05-08,5.50,5.50,5.37,5.37,10200,0.87
1995-05-05,5.25,5.62,5.25,5.62,42000,0.91
1995-05-04,5.62,5.62,5.37,5.37,87000,0.87
1995-05-03,5.88,5.88,5.69,5.69,129000,0.92
1995-05-02,5.75,5.75,5.50,5.62,21600,0.91
1995-05-01,5.75,5.75,5.62,5.62,7800,0.91
1995-04-28,5.75,5.75,5.62,5.75,9600,0.93
1995-04-27,5.37,5.75,5.37,5.75,43200,0.93
1995-04-26,5.62,5.62,5.37,5.37,32400,0.87
1995-04-25,5.75,5.75,5.13,5.13,3064200,0.83
1995-04-24,5.75,5.75,5.62,5.62,25200,0.91
1995-04-21,5.75,5.88,5.75,5.88,7800,0.95
1995-04-20,5.62,5.75,5.62,5.75,12000,0.93
1995-04-19,5.50,5.75,5.50,5.62,23400,0.91
1995-04-18,5.37,5.62,5.37,5.50,6000,0.89
1995-04-17,5.37,5.50,5.37,5.37,8400,0.87
1995-04-13,5.37,5.37,5.37,5.37,52200,0.87
1995-04-12,5.75,5.75,5.50,5.50,72000,0.89
1995-04-11,5.75,5.88,5.75,5.75,19800,0.93
1995-04-10,5.75,5.88,5.75,5.88,7200,0.95
1995-04-07,5.88,5.88,5.88,5.88,1800,0.95
1995-04-06,5.88,5.88,5.88,5.88,9000,0.95
1995-04-05,5.75,5.75,5.50,5.75,28800,0.93
1995-04-04,5.88,5.88,5.62,5.62,30000,0.91
1995-04-03,5.88,5.88,5.88,5.88,6000,0.95
1995-03-31,5.50,5.88,5.37,5.88,58800,0.95
1995-03-30,5.75,5.75,5.75,5.75,12000,0.93
1995-03-29,6.00,6.12,5.88,5.88,22800,0.95
1995-03-28,6.00,6.12,6.00,6.00,18000,0.97
1995-03-27,6.12,6.12,6.12,6.12,6000,0.99
1995-03-24,6.12,6.25,6.12,6.25,6600,1.01
1995-03-23,6.12,6.25,6.12,6.25,4200,1.01
1995-03-22,6.25,6.38,6.25,6.38,22800,1.03
1995-03-21,6.25,6.25,6.12,6.12,38400,0.99
1995-03-20,6.25,6.25,6.12,6.25,33000,1.01
1995-03-17,6.38,6.38,6.38,6.38,18600,1.03
1995-03-16,6.38,6.38,6.38,6.38,4800,1.03
1995-03-15,6.25,6.50,6.25,6.50,47400,1.05
1995-03-14,6.50,6.50,6.38,6.38,79200,1.03
1995-03-13,6.25,6.38,6.25,6.38,61200,1.03
1995-03-10,6.38,6.38,6.38,6.38,43200,1.03
1995-03-09,5.88,6.75,5.88,6.25,172200,1.01
1995-03-08,5.37,6.12,5.37,6.00,223800,0.97
1995-03-07,5.37,5.37,5.37,5.37,15000,0.87
1995-03-06,5.37,5.37,5.37,5.37,6000,0.87
1995-03-03,5.25,5.50,5.25,5.50,78000,0.89
1995-03-02,5.37,5.50,5.25,5.50,78000,0.89
1995-03-01,5.00,5.50,5.00,5.25,126000,0.85
1995-02-28,4.75,5.00,4.75,5.00,73200,0.81
1995-02-27,4.81,4.88,4.62,4.62,274200,0.75
1995-02-24,4.50,4.50,4.50,4.50,000,0.73
1995-02-23,4.62,4.75,4.50,4.50,51000,0.73
1995-02-22,4.75,4.75,4.62,4.62,50400,0.75
1995-02-21,4.88,4.88,4.69,4.69,75600,0.76
1995-02-17,5.00,5.00,4.88,4.88,72600,0.79
1995-02-16,4.94,4.94,4.94,4.94,1200,0.80
1995-02-15,5.00,5.00,4.94,4.94,52800,0.80
1995-02-14,5.00,5.00,5.00,5.00,1800,0.81
1995-02-13,5.00,5.00,4.88,4.88,73200,0.79
1995-02-10,4.81,5.00,4.81,5.00,23400,0.81
1995-02-09,4.88,4.88,4.75,4.75,7800,0.77
1995-02-08,4.50,5.00,4.50,5.00,143400,0.81
1995-02-07,4.50,4.50,4.38,4.50,18000,0.73
1995-02-06,4.44,4.44,4.38,4.38,33000,0.71
1995-02-03,4.38,4.50,4.38,4.50,16800,0.73
1995-02-02,4.50,4.50,4.50,4.50,6000,0.73
1995-02-01,4.50,4.62,4.50,4.62,7200,0.75
1995-01-31,4.38,4.62,4.38,4.62,66000,0.75
1995-01-30,4.25,4.38,4.25,4.38,7800,0.71
1995-01-27,4.31,4.38,4.25,4.38,15000,0.71
1995-01-26,4.38,4.38,4.38,4.38,000,0.71
1995-01-25,4.38,4.38,4.38,4.38,34200,0.71
1995-01-24,4.31,4.31,4.31,4.31,9000,0.70
1995-01-23,4.25,4.25,4.25,4.25,1800,0.69
1995-01-20,4.12,4.38,4.12,4.31,9000,0.70
1995-01-19,4.25,4.25,4.25,4.25,000,0.69
1995-01-18,4.25,4.38,4.25,4.25,18000,0.69
1995-01-17,4.38,4.38,4.38,4.38,6000,0.71
1995-01-16,4.38,4.50,4.38,4.50,27000,0.73
1995-01-13,4.31,4.31,4.31,4.31,1200,0.70
1995-01-12,4.38,4.38,4.38,4.38,000,0.71
1995-01-11,4.38,4.38,4.38,4.38,3000,0.71
1995-01-10,4.25,4.38,4.25,4.38,18000,0.71
1995-01-09,4.25,4.25,4.25,4.25,6000,0.69
1995-01-06,4.19,4.19,4.12,4.12,30600,0.67
1995-01-05,4.00,4.00,3.87,4.00,18000,0.65
1995-01-04,4.12,4.12,4.00,4.00,15000,0.65
1995-01-03,4.19,4.19,4.19,4.19,1200,0.68
1994-12-30,4.00,4.25,4.00,4.25,20400,0.69
1994-12-29,4.00,4.00,4.00,4.00,3600,0.65
1994-12-28,4.12,4.12,4.12,4.12,000,0.67
1994-12-27,4.25,4.25,4.12,4.12,10800,0.67
1994-12-23,4.25,4.25,4.25,4.25,15000,0.69
1994-12-22,4.31,4.31,4.12,4.12,8400,0.67
1994-12-21,4.25,4.25,4.12,4.12,12000,0.67
1994-12-20,4.38,4.38,4.38,4.38,000,0.71
1994-12-19,4.19,4.38,4.19,4.38,8400,0.71
1994-12-16,4.25,4.25,4.25,4.25,24000,0.69
1994-12-15,4.12,4.25,4.12,4.25,12000,0.69
1994-12-14,4.00,4.00,4.00,4.00,000,0.65
1994-12-13,4.00,4.00,3.87,4.00,33000,0.65
1994-12-12,4.12,4.12,4.12,4.12,1800,0.67
1994-12-09,4.00,4.19,4.00,4.19,12600,0.68
1994-12-08,4.25,4.25,4.00,4.00,36600,0.65
1994-12-07,4.38,4.38,4.38,4.38,3000,0.71
1994-12-06,4.38,4.38,4.38,4.38,30000,0.71
1994-12-05,4.44,4.44,4.44,4.44,6000,0.72
1994-12-02,4.50,4.50,4.50,4.50,600,0.73
1994-12-01,4.50,4.50,4.50,4.50,6600,0.73
1994-11-30,4.56,4.56,4.56,4.56,000,0.74
1994-11-29,4.56,4.56,4.56,4.56,000,0.74
1994-11-28,4.56,4.56,4.56,4.56,1200,0.74
1994-11-25,4.56,4.56,4.56,4.56,000,0.74
1994-11-23,4.56,4.56,4.56,4.56,000,0.74
1994-11-22,4.81,4.81,4.56,4.56,30600,0.74
1994-11-21,4.88,4.88,4.88,4.88,6000,0.79
1994-11-18,4.88,4.88,4.62,4.75,54000,0.77
1994-11-17,4.69,4.69,4.62,4.62,10200,0.75
1994-11-16,4.75,4.75,4.62,4.69,61200,0.76
1994-11-15,4.88,4.88,4.88,4.88,12000,0.79
1994-11-14,4.75,4.75,4.75,4.75,14400,0.77
1994-11-11,4.62,4.62,4.62,4.62,7800,0.75
1994-11-10,4.50,4.50,4.50,4.50,000,0.73
1994-11-09,4.50,4.50,4.38,4.50,52200,0.73
1994-11-08,4.62,4.62,4.62,4.62,3000,0.75
1994-11-07,4.62,4.62,4.62,4.62,6000,0.75
1994-11-04,4.62,4.62,4.62,4.62,000,0.75
1994-11-03,4.50,4.62,4.50,4.62,7200,0.75
1994-11-02,4.50,4.62,4.50,4.62,12000,0.75
1994-11-01,4.62,4.75,4.62,4.62,18600,0.75
1994-10-31,4.38,4.62,4.38,4.62,9000,0.75
1994-10-28,4.50,4.50,4.50,4.50,14400,0.73
1994-10-27,4.50,4.50,4.50,4.50,6000,0.73
1994-10-26,4.38,4.50,4.38,4.50,4200,0.73
1994-10-25,4.25,4.50,4.25,4.50,9000,0.73
1994-10-24,4.50,4.50,4.38,4.38,3000,0.71
1994-10-21,4.69,4.69,4.38,4.50,49800,0.73
1994-10-20,4.50,4.62,4.50,4.56,9000,0.74
1994-10-19,4.56,4.56,4.56,4.56,1800,0.74
1994-10-18,4.12,4.50,4.12,4.50,34800,0.73
1994-10-17,4.50,4.50,4.38,4.50,42600,0.73
1994-10-14,4.50,4.50,4.50,4.50,600,0.73
1994-10-13,4.56,4.62,4.56,4.62,12000,0.75
1994-10-12,4.25,4.50,4.25,4.44,38400,0.72
1994-10-11,4.19,4.25,4.19,4.25,99600,0.69
1994-10-10,4.12,4.12,4.12,4.12,1200,0.67
1994-10-07,4.12,4.25,4.12,4.19,22800,0.68
1994-10-06,4.12,4.12,4.00,4.12,45000,0.67
1994-10-05,4.25,4.25,4.25,4.25,4800,0.69
1994-10-04,4.25,4.25,4.25,4.25,000,0.69
1994-10-03,4.25,4.25,4.25,4.25,1200,0.69
1994-09-30,4.25,4.25,4.25,4.25,000,0.69
1994-09-29,4.38,4.38,4.25,4.25,60000,0.69
1994-09-28,4.38,4.50,4.38,4.50,6000,0.73
1994-09-27,4.25,4.38,4.25,4.38,48000,0.71
1994-09-26,4.12,4.12,4.12,4.12,6000,0.67
1994-09-23,4.00,4.00,4.00,4.00,13200,0.65
1994-09-22,4.00,4.00,3.75,4.00,59400,0.65
1994-09-21,4.12,4.12,4.00,4.00,19200,0.65
1994-09-20,4.38,4.38,4.12,4.12,21000,0.67
1994-09-19,4.25,4.38,4.25,4.38,4800,0.71
1994-09-16,4.12,4.12,4.12,4.12,10800,0.67
1994-09-15,4.12,4.12,4.12,4.12,3000,0.67
1994-09-14,4.12,4.12,4.12,4.12,7800,0.67
1994-09-13,4.38,4.38,4.38,4.38,12000,0.71
1994-09-12,4.25,4.25,4.25,4.25,2400,0.69
1994-09-09,4.38,4.38,4.31,4.31,3000,0.70
1994-09-08,4.38,4.50,4.38,4.38,10800,0.71
1994-09-07,4.38,4.38,4.38,4.38,1200,0.71
1994-09-06,4.50,4.50,4.50,4.50,000,0.73
1994-09-02,4.38,4.50,4.38,4.50,10200,0.73
1994-09-01,4.50,4.50,4.50,4.50,600,0.73
1994-08-31,4.50,4.50,4.50,4.50,6000,0.73
1994-08-30,4.62,4.62,4.62,4.62,3000,0.75
1994-08-29,4.75,4.75,4.62,4.62,73200,0.75
1994-08-26,4.50,4.62,4.50,4.50,21000,0.73
1994-08-25,4.62,4.62,4.62,4.62,000,0.75
1994-08-24,4.75,4.75,4.50,4.62,19800,0.75
1994-08-23,4.88,4.88,4.75,4.75,29400,0.77
1994-08-22,4.88,4.88,4.62,4.75,59400,0.77
1994-08-19,4.50,4.75,4.50,4.75,72000,0.77
1994-08-18,4.50,4.62,4.38,4.62,136800,0.75
1994-08-17,4.12,4.50,4.00,4.50,187800,0.73
1994-08-16,3.75,4.06,3.75,4.06,141600,0.66
1994-08-15,3.69,3.69,3.63,3.63,4800,0.59
1994-08-12,3.63,3.69,3.63,3.69,33000,0.60
1994-08-11,3.75,3.75,3.75,3.75,15000,0.61
1994-08-10,3.69,3.75,3.69,3.75,10200,0.61
1994-08-09,3.75,3.75,3.75,3.75,30000,0.61
1994-08-08,3.75,3.75,3.75,3.75,6000,0.61
1994-08-05,3.75,3.75,3.63,3.63,9000,0.59
1994-08-04,3.75,3.75,3.75,3.75,12600,0.61
1994-08-03,3.63,3.75,3.63,3.75,16200,0.61
1994-08-02,3.50,3.63,3.50,3.63,6000,0.59
1994-08-01,3.50,3.50,3.50,3.50,000,0.57
1994-07-29,3.50,3.50,3.50,3.50,600,0.57
1994-07-28,3.50,3.50,3.50,3.50,4200,0.57
1994-07-27,3.63,3.63,3.63,3.63,13800,0.59
1994-07-26,3.63,3.63,3.63,3.63,000,0.59
1994-07-25,3.63,3.63,3.63,3.63,2400,0.59
1994-07-22,3.75,3.75,3.75,3.75,6000,0.61
1994-07-21,3.75,3.75,3.75,3.75,25800,0.61
1994-07-20,3.63,3.81,3.63,3.69,43200,0.60
1994-07-19,3.25,3.75,3.12,3.63,190800,0.59
1994-07-18,3.25,3.25,3.25,3.25,000,0.52
1994-07-15,3.25,3.25,3.25,3.25,1200,0.52
1994-07-14,3.38,3.38,3.38,3.38,3000,0.55
1994-07-13,3.12,3.25,3.12,3.25,4800,0.52
1994-07-12,3.12,3.12,3.12,3.12,000,0.50
1994-07-11,3.12,3.12,3.12,3.12,3000,0.50
1994-07-08,3.12,3.12,3.12,3.12,3000,0.50
1994-07-07,3.12,3.25,3.00,3.25,89400,0.52
1994-07-06,3.25,3.25,3.25,3.25,000,0.52
1994-07-05,3.25,3.25,3.25,3.25,000,0.52
1994-07-01,3.12,3.25,3.12,3.25,13200,0.52
1994-06-30,3.12,3.12,3.12,3.12,3000,0.50
1994-06-29,3.38,3.38,3.38,3.38,6000,0.55
1994-06-28,3.25,3.50,3.25,3.38,13200,0.55
1994-06-27,3.25,3.25,3.25,3.25,1800,0.52
1994-06-24,3.31,3.31,3.25,3.25,4200,0.52
1994-06-23,3.31,3.31,3.31,3.31,000,0.54
1994-06-22,3.31,3.31,3.31,3.31,3000,0.54
1994-06-21,3.38,3.38,3.38,3.38,000,0.55
1994-06-20,3.38,3.38,3.38,3.38,000,0.55
1994-06-17,3.38,3.38,3.38,3.38,000,0.55
1994-06-16,3.25,3.38,3.25,3.38,66000,0.55
1994-06-15,3.25,3.25,3.25,3.25,000,0.52
1994-06-14,3.25,3.25,3.12,3.25,37800,0.52
1994-06-13,3.25,3.25,3.25,3.25,000,0.52
1994-06-10,3.25,3.25,3.25,3.25,13800,0.52
1994-06-09,3.38,3.38,3.38,3.38,000,0.55
1994-06-08,3.38,3.38,3.38,3.38,6000,0.55
1994-06-07,3.38,3.38,3.38,3.38,12000,0.55
1994-06-06,3.38,3.50,3.25,3.25,48000,0.52
1994-06-03,3.25,3.25,3.25,3.25,000,0.52
1994-06-02,3.25,3.25,3.25,3.25,000,0.52
1994-06-01,3.38,3.38,3.25,3.25,2400,0.52
1994-05-31,3.38,3.38,3.38,3.38,000,0.55
1994-05-27,3.38,3.38,3.38,3.38,12600,0.55
1994-05-26,3.38,3.38,3.38,3.38,000,0.55
1994-05-25,3.38,3.38,3.38,3.38,6600,0.55
1994-05-24,3.38,3.38,3.38,3.38,000,0.55
1994-05-23,3.38,3.38,3.38,3.38,1200,0.55
1994-05-20,3.50,3.50,3.44,3.50,45000,0.57
1994-05-19,3.50,3.50,3.50,3.50,30000,0.57
1994-05-18,3.25,3.25,3.25,3.25,000,0.52
1994-05-17,3.25,3.25,3.25,3.25,600,0.52
1994-05-16,3.12,3.12,3.12,3.12,6000,0.50
1994-05-13,3.38,3.38,3.25,3.25,12000,0.52
1994-05-12,3.44,3.44,3.44,3.44,000,0.56
1994-05-11,3.44,3.44,3.44,3.44,000,0.56
1994-05-10,3.44,3.44,3.44,3.44,000,0.56
1994-05-09,3.50,3.50,3.44,3.44,2400,0.56
1994-05-06,3.38,3.38,3.38,3.38,6600,0.55
1994-05-05,3.38,3.38,3.38,3.38,000,0.55
1994-05-04,3.38,3.38,3.38,3.38,6000,0.55
1994-05-03,3.38,3.38,3.38,3.38,2400,0.55
1994-05-02,3.50,3.50,3.50,3.50,000,0.57
1994-04-29,3.50,3.50,3.50,3.50,600,0.57
1994-04-28,3.50,3.50,3.50,3.50,000,0.57
1994-04-26,3.50,3.50,3.50,3.50,6000,0.57
1994-04-25,3.50,3.50,3.50,3.50,31200,0.57
1994-04-22,3.63,3.63,3.63,3.63,000,0.59
1994-04-21,3.63,3.63,3.56,3.63,30600,0.59
1994-04-20,3.69,3.69,3.56,3.56,30000,0.58
1994-04-19,3.75,3.75,3.63,3.69,24000,0.60
1994-04-18,3.63,3.75,3.63,3.75,24000,0.61
1994-04-15,3.50,3.63,3.50,3.63,6000,0.59
1994-04-14,3.50,3.50,3.38,3.50,16800,0.57
1994-04-13,3.50,3.63,3.50,3.50,18000,0.57
1994-04-12,3.63,3.63,3.63,3.63,7800,0.59
1994-04-11,3.50,3.75,3.50,3.50,34200,0.57
1994-04-08,3.38,3.63,3.38,3.50,39600,0.57
1994-04-07,3.38,3.50,3.38,3.50,37800,0.57
1994-04-06,3.25,3.25,3.25,3.25,000,0.52
1994-04-05,3.25,3.25,3.12,3.25,21000,0.52
1994-04-04,3.00,3.00,3.00,3.00,42000,0.48
1994-03-31,3.12,3.12,3.12,3.12,12000,0.50
1994-03-30,3.25,3.25,3.12,3.12,21600,0.50
1994-03-29,3.12,3.12,3.12,3.12,13800,0.50
1994-03-28,3.12,3.12,3.12,3.12,000,0.50
1994-03-25,3.12,3.12,3.12,3.12,000,0.50
1994-03-24,3.12,3.25,3.12,3.12,9600,0.50
1994-03-23,3.12,3.12,3.12,3.12,30000,0.50
1994-03-22,3.38,3.38,3.25,3.25,19800,0.52
1994-03-21,3.25,3.25,3.19,3.19,8400,0.51
1994-03-18,3.12,3.12,3.12,3.12,12000,0.50
1994-03-17,3.25,3.38,3.25,3.38,7800,0.55
1994-03-16,3.25,3.38,3.25,3.25,7200,0.52
1994-03-15,3.38,3.38,3.19,3.38,35400,0.55
1994-03-14,3.12,3.38,3.12,3.38,33000,0.55
1994-03-11,3.12,3.12,3.12,3.12,000,0.50
1994-03-10,3.12,3.12,3.12,3.12,6000,0.50
1994-03-09,3.25,3.25,3.25,3.25,000,0.52
1994-03-08,3.25,3.25,3.25,3.25,000,0.52
1994-03-07,3.50,3.50,3.12,3.25,81600,0.52
1994-03-04,3.25,3.63,3.25,3.38,156600,0.55
1994-03-03,3.06,3.12,3.00,3.12,58800,0.50
1994-03-02,2.75,3.00,2.75,3.00,24000,0.48
1994-03-01,3.00,3.00,3.00,3.00,12000,0.48
1994-02-28,2.62,3.00,2.62,2.94,103200,0.47
1994-02-25,2.75,2.75,2.62,2.62,13800,0.42
1994-02-24,2.88,2.88,2.88,2.88,000,0.46
1994-02-23,2.88,2.88,2.88,2.88,000,0.46
1994-02-22,2.88,2.88,2.88,2.88,000,0.46
1994-02-18,2.88,2.88,2.88,2.88,000,0.46
1994-02-17,2.88,2.88,2.88,2.88,000,0.46
1994-02-16,2.62,2.88,2.62,2.88,3600,0.46
1994-02-15,2.62,2.62,2.62,2.62,600,0.42
1994-02-14,2.62,2.62,2.62,2.62,17400,0.42
1994-02-11,2.62,2.62,2.62,2.62,4200,0.42
1994-02-10,2.62,2.62,2.62,2.62,000,0.42
1994-02-09,2.69,2.69,2.62,2.62,22200,0.42
1994-02-08,2.75,2.75,2.69,2.69,4800,0.43
1994-02-07,3.00,3.00,2.75,2.75,43200,0.44
1994-02-04,3.00,3.00,3.00,3.00,000,0.48
1994-02-03,3.12,3.12,3.00,3.00,30000,0.48
1994-02-02,3.25,3.25,3.25,3.25,25200,0.52
1994-02-01,3.38,3.38,3.38,3.38,1200,0.55
1994-01-31,3.50,3.50,3.44,3.44,22200,0.56
1994-01-28,3.50,3.50,3.38,3.38,19800,0.55
1994-01-27,3.44,3.44,3.38,3.38,45000,0.55
1994-01-26,3.44,3.44,3.44,3.44,6000,0.56
1994-01-25,3.44,3.44,3.44,3.44,6000,0.56
1994-01-24,3.44,3.44,3.44,3.44,6000,0.56
1994-01-21,3.50,3.50,3.38,3.38,16800,0.55
1994-01-20,3.44,3.44,3.44,3.44,6000,0.56
1994-01-19,3.44,3.44,3.44,3.44,24000,0.56
1994-01-18,3.25,3.38,3.25,3.38,10200,0.55
1994-01-17,3.25,3.25,3.25,3.25,000,0.52
1994-01-14,2.88,3.25,2.88,3.25,51600,0.52
1994-01-13,2.81,2.81,2.81,2.81,12000,0.45
1994-01-12,2.75,2.75,2.75,2.75,000,0.44
1994-01-11,2.75,2.75,2.75,2.75,2400,0.44
1994-01-10,2.75,2.81,2.75,2.75,6000,0.44
1994-01-07,2.81,2.81,2.81,2.81,000,0.45
1994-01-06,2.81,2.81,2.81,2.81,1200,0.45
1994-01-05,2.88,2.88,2.88,2.88,6000,0.46
1994-01-04,2.88,2.88,2.88,2.88,2400,0.46
1994-01-03,2.81,2.81,2.81,2.81,1200,0.45
1993-12-31,2.62,2.69,2.62,2.62,31800,0.42
1993-12-30,2.75,2.81,2.75,2.81,5400,0.45
1993-12-29,2.81,2.81,2.69,2.69,57000,0.43
1993-12-28,2.62,2.62,2.62,2.62,6600,0.42
1993-12-27,2.62,2.62,2.62,2.62,6000,0.42
1993-12-23,2.75,2.75,2.75,2.75,3000,0.44
1993-12-22,2.75,2.75,2.75,2.75,9000,0.44
1993-12-21,2.75,2.88,2.75,2.75,67800,0.44
1993-12-20,2.75,2.88,2.75,2.88,114000,0.46
1993-12-17,2.50,2.69,2.50,2.69,145800,0.43
1993-12-16,2.50,2.69,2.50,2.69,18000,0.43
1993-12-15,2.50,2.50,2.37,2.37,12000,0.38
1993-12-14,2.50,2.50,2.37,2.44,18000,0.39
1993-12-13,2.75,2.75,2.37,2.50,78000,0.40
1993-12-10,2.81,2.81,2.81,2.81,2400,0.45
1993-12-09,2.81,2.81,2.81,2.81,3000,0.45
1993-12-08,2.88,2.88,2.88,2.88,12600,0.46
1993-12-07,2.75,3.00,2.75,3.00,13200,0.48
1993-12-06,3.06,3.06,2.88,2.88,25800,0.46
1993-12-03,3.00,3.00,3.00,3.00,3000,0.48
1993-12-02,3.12,3.12,3.12,3.12,000,0.50
1993-12-01,3.12,3.12,3.12,3.12,10800,0.50
1993-11-30,2.88,3.12,2.88,3.12,17400,0.50
1993-11-29,2.75,3.00,2.75,3.00,45600,0.48
1993-11-26,2.88,2.88,2.88,2.88,3000,0.46
1993-11-24,2.75,2.75,2.75,2.75,30000,0.44
1993-11-23,2.81,2.94,2.81,2.94,18600,0.47
1993-11-22,3.12,3.12,2.94,2.94,13200,0.47
1993-11-19,3.06,3.06,2.88,3.00,105000,0.48
1993-11-18,3.06,3.06,3.06,3.06,3000,0.49
1993-11-17,3.12,3.12,3.06,3.06,13800,0.49
1993-11-16,3.06,3.12,3.00,3.00,28200,0.48
1993-11-15,3.19,3.19,3.06,3.06,4200,0.49
1993-11-12,3.06,3.06,3.06,3.06,33000,0.49
1993-11-11,3.19,3.19,3.19,3.19,000,0.51
1993-11-10,3.19,3.19,3.12,3.19,25200,0.51
1993-11-09,3.12,3.12,3.12,3.12,6000,0.50
1993-11-08,3.38,3.38,3.19,3.19,10800,0.51
1993-11-05,3.25,3.25,3.25,3.25,6000,0.52
1993-11-04,3.38,3.38,3.38,3.38,3000,0.55
1993-11-03,3.38,3.38,3.25,3.25,24000,0.52
1993-11-02,3.50,3.50,3.50,3.50,000,0.57
1993-11-01,3.50,3.50,3.38,3.50,58200,0.57
1993-10-29,3.38,3.44,3.38,3.44,58800,0.56
1993-10-28,3.56,3.63,3.25,3.25,223200,0.52
1993-10-27,3.50,3.50,3.50,3.50,000,0.57
1993-10-26,3.50,3.50,3.50,3.50,51600,0.57
1993-10-25,3.50,3.50,3.50,3.50,000,0.57
1993-10-22,3.31,3.56,3.31,3.50,88200,0.57
1993-10-21,3.25,3.25,3.25,3.25,12000,0.52
1993-10-20,3.38,3.38,3.38,3.38,12600,0.55
1993-10-19,3.38,3.50,3.38,3.38,52800,0.55
1993-10-18,3.75,3.75,3.25,3.25,124200,0.52
1993-10-15,3.81,3.81,3.75,3.75,117000,0.61
1993-10-14,3.87,3.87,3.81,3.87,34200,0.63
1993-10-13,3.94,3.94,3.94,3.94,2400,0.64
1993-10-12,3.87,4.00,3.87,4.00,10800,0.65
1993-10-11,4.00,4.00,3.87,4.00,11400,0.65
1993-10-08,3.87,4.00,3.87,4.00,67200,0.65
1993-10-07,4.00,4.00,3.87,4.00,31800,0.65
1993-10-06,3.50,4.12,3.50,4.12,139200,0.67
1993-10-05,3.31,3.63,3.31,3.50,255000,0.57
1993-10-04,3.38,3.38,3.31,3.31,40200,0.54
1993-10-01,2.94,3.38,2.94,3.38,241800,0.55
1993-09-30,2.75,2.88,2.75,2.88,70800,0.46
1993-09-29,2.75,2.75,2.75,2.75,7800,0.44
1993-09-28,2.81,2.81,2.81,2.81,6000,0.45
1993-09-27,2.75,2.75,2.75,2.75,7200,0.44
1993-09-24,2.88,2.88,2.75,2.75,213000,0.44
1993-09-23,2.62,2.75,2.62,2.75,163200,0.44
1993-09-22,2.75,2.75,2.62,2.62,48000,0.42
1993-09-21,2.69,2.69,2.69,2.69,60000,0.43
1993-09-20,2.69,2.69,2.69,2.69,23400,0.43
1993-09-17,2.62,2.69,2.62,2.69,145800,0.43
1993-09-16,2.56,2.62,2.56,2.62,80400,0.42
1993-09-15,2.62,2.62,2.56,2.56,18000,0.41
1993-09-14,2.75,2.75,2.62,2.69,33600,0.43
1993-09-13,2.25,3.00,2.25,2.75,570600,0.44
1993-09-10,2.00,2.00,2.00,2.00,30000,0.32
1993-09-09,2.06,2.06,2.06,2.06,6000,0.33
1993-09-08,2.13,2.13,2.06,2.06,19200,0.33
1993-09-07,2.19,2.19,2.19,2.19,000,0.35
1993-09-03,2.19,2.19,2.19,2.19,6000,0.35
1993-09-02,2.25,2.25,2.25,2.25,000,0.36
1993-09-01,2.25,2.25,2.25,2.25,000,0.36
1993-08-31,2.25,2.25,2.25,2.25,000,0.36
1993-08-30,2.25,2.25,2.25,2.25,1200,0.36
1993-08-27,2.25,2.25,2.25,2.25,6000,0.36
1993-08-26,2.31,2.31,2.31,2.31,4200,0.37
1993-08-25,2.37,2.37,2.37,2.37,9600,0.38
1993-08-24,2.13,2.37,2.13,2.37,8400,0.38
1993-08-23,2.13,2.13,2.13,2.13,3000,0.34
1993-08-20,2.13,2.13,2.13,2.13,000,0.34
1993-08-19,2.13,2.13,2.13,2.13,000,0.34
1993-08-18,2.13,2.13,2.13,2.13,9000,0.34
1993-08-17,2.13,2.13,2.13,2.13,000,0.34
1993-08-16,2.13,2.13,2.13,2.13,60000,0.34
1993-08-13,2.06,2.06,2.06,2.06,000,0.33
1993-08-12,2.06,2.13,2.06,2.06,9600,0.33
1993-08-11,2.06,2.06,2.06,2.06,600,0.33
1993-08-10,2.13,2.13,2.13,2.13,000,0.34
1993-08-09,2.13,2.13,2.13,2.13,60000,0.34
1993-08-06,2.13,2.13,2.13,2.13,000,0.34
1993-08-05,2.13,2.13,2.13,2.13,30000,0.34
1993-08-04,2.13,2.13,2.13,2.13,000,0.34
1993-08-03,2.13,2.13,2.13,2.13,000,0.34
1993-08-02,2.13,2.13,2.13,2.13,6000,0.34
1993-07-30,2.13,2.13,2.13,2.13,30600,0.34
1993-07-29,2.19,2.19,2.19,2.19,16800,0.35
1993-07-28,2.19,2.19,2.19,2.19,6000,0.35
1993-07-27,2.37,2.37,2.37,2.37,000,0.38
1993-07-26,2.37,2.37,2.37,2.37,000,0.38
1993-07-23,2.25,2.37,2.25,2.37,12000,0.38
1993-07-22,2.13,2.13,2.13,2.13,000,0.34
1993-07-21,2.13,2.13,2.13,2.13,1800,0.34
1993-07-20,2.13,2.13,2.13,2.13,7200,0.34
1993-07-19,2.13,2.13,2.13,2.13,6000,0.34
1993-07-16,2.13,2.13,2.13,2.13,000,0.34
1993-07-15,2.13,2.13,2.13,2.13,000,0.34
1993-07-14,2.13,2.13,2.13,2.13,1200,0.34
1993-07-13,2.13,2.13,2.13,2.13,600,0.34
1993-07-12,2.19,2.19,2.13,2.13,1800,0.34
1993-07-09,2.13,2.13,2.13,2.13,6000,0.34
1993-07-08,2.13,2.13,2.13,2.13,4800,0.34
1993-07-07,2.13,2.13,2.13,2.13,000,0.34
1993-07-06,2.13,2.13,2.13,2.13,000,0.34
1993-07-02,2.13,2.13,2.13,2.13,10200,0.34
1993-07-01,2.25,2.25,2.25,2.25,000,0.36
1993-06-30,2.25,2.25,2.25,2.25,000,0.36
1993-06-29,2.13,2.25,2.13,2.25,231600,0.36
1993-06-28,2.00,2.00,2.00,2.00,19800,0.32
1993-06-25,2.13,2.13,2.13,2.13,3000,0.34
1993-06-24,2.13,2.13,2.13,2.13,000,0.34
1993-06-23,2.13,2.13,2.13,2.13,000,0.34
1993-06-22,2.13,2.13,2.13,2.13,000,0.34
1993-06-21,2.13,2.13,2.13,2.13,000,0.34
1993-06-18,2.13,2.13,2.13,2.13,000,0.34
1993-06-17,2.00,2.13,2.00,2.13,54000,0.34
1993-06-16,2.00,2.00,1.75,2.00,74400,0.32
1993-06-15,2.13,2.25,2.00,2.00,34800,0.32
1993-06-14,2.13,2.13,2.13,2.13,2400,0.34
1993-06-11,2.13,2.13,2.13,2.13,12000,0.34
1993-06-10,2.13,2.13,2.13,2.13,000,0.34
1993-06-09,2.13,2.13,2.13,2.13,6000,0.34
1993-06-08,2.13,2.13,2.13,2.13,295200,0.34
1993-06-07,2.13,2.13,2.13,2.13,000,0.34
1993-06-04,2.13,2.13,2.13,2.13,1800,0.34
1993-06-03,2.13,2.13,2.13,2.13,12000,0.34
1993-06-02,2.13,2.13,2.13,2.13,000,0.34
1993-06-01,2.13,2.13,2.13,2.13,24000,0.34
1993-05-28,2.13,2.13,2.13,2.13,000,0.34
1993-05-27,2.13,2.13,2.13,2.13,000,0.34
1993-05-26,2.13,2.13,2.13,2.13,12600,0.34
1993-05-25,2.13,2.13,2.13,2.13,6000,0.34
1993-05-24,2.13,2.13,2.13,2.13,000,0.34
1993-05-21,2.13,2.13,2.13,2.13,1200,0.34
1993-05-20,2.13,2.13,2.13,2.13,2400,0.34
1993-05-19,2.13,2.13,2.13,2.13,19200,0.34
1993-05-18,2.13,2.13,2.13,2.13,000,0.34
1993-05-17,2.13,2.13,2.13,2.13,000,0.34
1993-05-14,2.13,2.13,2.13,2.13,000,0.34
1993-05-13,2.13,2.13,2.13,2.13,600,0.34
1993-05-12,2.13,2.13,2.13,2.13,000,0.34
1993-05-11,2.13,2.13,2.13,2.13,6000,0.34
1993-05-10,2.25,2.25,2.13,2.13,18000,0.34
1993-05-07,2.13,2.13,2.13,2.13,000,0.34
1993-05-06,2.13,2.13,2.13,2.13,000,0.34
1993-05-05,2.13,2.13,2.13,2.13,4200,0.34
1993-05-04,2.13,2.13,2.13,2.13,18000,0.34
1993-05-03,2.06,2.25,2.06,2.25,15600,0.36
1993-04-30,2.13,2.13,2.00,2.06,15000,0.33
1993-04-29,2.06,2.06,2.06,2.06,6000,0.33
1993-04-28,2.13,2.13,2.13,2.13,3000,0.34
1993-04-27,2.13,2.13,2.13,2.13,9000,0.34
1993-04-26,2.13,2.13,2.13,2.13,3000,0.34
1993-04-23,2.00,2.00,2.00,2.00,1200,0.32
1993-04-22,2.00,2.00,2.00,2.00,18000,0.32
1993-04-21,2.13,2.13,2.13,2.13,000,0.34
1993-04-20,2.25,2.25,2.13,2.13,30600,0.34
1993-04-19,2.25,2.25,2.25,2.25,6600,0.36
1993-04-16,2.25,2.25,2.25,2.25,600,0.36
1993-04-15,2.25,2.37,2.25,2.37,19200,0.38
1993-04-14,2.25,2.25,2.25,2.25,000,0.36
1993-04-13,2.25,2.25,2.25,2.25,24600,0.36
1993-04-12,2.37,2.37,2.37,2.37,3000,0.38
1993-04-08,2.50,2.50,2.50,2.50,24000,0.40
1993-04-07,2.50,2.50,2.37,2.37,35400,0.38
1993-04-06,2.62,2.62,2.62,2.62,000,0.42
1993-04-05,2.62,2.62,2.62,2.62,6000,0.42
1993-04-02,2.56,2.56,2.56,2.56,6000,0.41
1993-04-01,2.62,2.62,2.62,2.62,600,0.42
1993-03-31,2.75,2.75,2.75,2.75,6000,0.44
1993-03-30,2.88,2.88,2.75,2.75,51600,0.44
1993-03-29,2.62,2.88,2.62,2.88,26400,0.46
1993-03-26,2.37,2.50,2.37,2.50,40200,0.40
1993-03-25,2.25,2.25,2.25,2.25,600000,0.36
1993-03-24,2.13,2.25,2.13,2.25,2400,0.36
1993-03-23,2.25,2.25,2.13,2.13,10800,0.34
1993-03-22,2.00,2.00,2.00,2.00,12000,0.32
1993-03-19,1.94,2.00,1.94,2.00,85200,0.32
1993-03-18,2.00,2.00,2.00,2.00,000,0.32
1993-03-17,1.88,2.00,1.88,2.00,5400,0.32
1993-03-16,1.88,2.00,1.88,2.00,8400,0.32
1993-03-15,2.00,2.00,2.00,2.00,000,0.32
1993-03-12,2.00,2.00,2.00,2.00,000,0.32
1993-03-11,2.00,2.00,2.00,2.00,600,0.32
1993-03-10,2.00,2.00,1.88,1.88,49200,0.30
1993-03-09,1.94,2.00,1.94,2.00,3600,0.32
1993-03-08,1.88,2.00,1.88,2.00,2400,0.32
1993-03-05,2.00,2.00,2.00,2.00,000,0.32
1993-03-04,2.00,2.00,2.00,2.00,30000,0.32
1993-03-03,1.88,2.00,1.88,2.00,9000,0.32
1993-03-02,2.00,2.00,2.00,2.00,000,0.32
1993-03-01,2.00,2.00,2.00,2.00,000,0.32
1993-02-26,2.00,2.00,1.88,2.00,6000,0.32
1993-02-25,2.00,2.00,2.00,2.00,3000,0.32
1993-02-24,2.00,2.00,2.00,2.00,000,0.32
1993-02-23,2.00,2.00,2.00,2.00,000,0.32
1993-02-22,2.13,2.13,2.00,2.00,10200,0.32
1993-02-19,1.88,1.88,1.88,1.88,21600,0.30
1993-02-18,2.00,2.00,2.00,2.00,12000,0.32
1993-02-17,2.00,2.00,2.00,2.00,12000,0.32
1993-02-16,2.00,2.00,2.00,2.00,000,0.32
1993-02-12,2.13,2.13,2.00,2.00,12000,0.32
1993-02-11,2.00,2.00,2.00,2.00,18000,0.32
1993-02-10,2.13,2.13,2.13,2.13,000,0.34
1993-02-09,2.13,2.13,2.13,2.13,000,0.34
1993-02-08,2.00,2.13,2.00,2.13,12000,0.34
1993-02-05,2.00,2.00,2.00,2.00,8400,0.32
1993-02-04,2.13,2.13,2.13,2.13,000,0.34
1993-02-03,2.13,2.13,2.13,2.13,000,0.34
1993-02-02,2.13,2.13,2.13,2.13,12000,0.34
1993-02-01,2.13,2.13,2.13,2.13,000,0.34
1993-01-29,2.13,2.13,2.13,2.13,000,0.34
1993-01-28,2.13,2.13,2.13,2.13,000,0.34
1993-01-27,2.13,2.13,2.13,2.13,3000,0.34
1993-01-26,2.13,2.13,2.13,2.13,000,0.34
1993-01-25,2.13,2.13,2.13,2.13,000,0.34
1993-01-22,2.13,2.13,2.13,2.13,6000,0.34
1993-01-21,2.25,2.25,2.25,2.25,000,0.36
1993-01-20,2.25,2.25,2.25,2.25,000,0.36
1993-01-19,2.25,2.25,2.25,2.25,7200,0.36
1993-01-18,2.25,2.25,2.25,2.25,000,0.36
1993-01-15,2.25,2.25,2.25,2.25,000,0.36
1993-01-14,2.25,2.25,2.25,2.25,600,0.36
1993-01-13,2.25,2.25,2.25,2.25,000,0.36
1993-01-12,2.25,2.25,2.25,2.25,000,0.36
1993-01-11,2.25,2.25,2.25,2.25,000,0.36
1993-01-08,2.37,2.37,2.25,2.25,28800,0.36
1993-01-07,2.37,2.37,2.37,2.37,000,0.38
1993-01-06,2.50,2.50,2.37,2.37,2400,0.38
1993-01-05,2.25,2.25,2.25,2.25,000,0.36
1993-01-04,2.25,2.25,2.25,2.25,43200,0.36
1992-12-31,2.25,2.37,2.25,2.37,12600,0.38
1992-12-30,2.50,2.50,2.25,2.25,54000,0.36
1992-12-29,2.25,2.25,2.25,2.25,000,0.36
1992-12-28,2.13,2.25,2.13,2.25,54600,0.36
1992-12-24,2.13,2.13,2.13,2.13,15000,0.34
1992-12-23,2.13,2.13,2.13,2.13,15600,0.34
1992-12-22,2.13,2.13,2.13,2.13,000,0.34
1992-12-21,2.25,2.25,2.13,2.13,39600,0.34
1992-12-18,2.13,2.25,2.13,2.25,7200,0.36
1992-12-17,2.06,2.06,2.06,2.06,9600,0.33
1992-12-16,2.00,2.00,2.00,2.00,000,0.32
1992-12-15,2.00,2.00,2.00,2.00,12000,0.32
1992-12-14,2.00,2.00,2.00,2.00,6000,0.32
1992-12-11,2.00,2.00,1.88,1.88,24000,0.30
1992-12-10,2.13,2.13,2.13,2.13,000,0.34
1992-12-09,2.13,2.13,2.13,2.13,13800,0.34
1992-12-08,2.13,2.25,2.13,2.25,14400,0.36
1992-12-07,2.13,2.13,2.13,2.13,000,0.34
1992-12-04,2.19,2.19,2.13,2.13,912000,0.34
1992-12-03,2.37,2.37,2.37,2.37,6000,0.38
1992-12-02,2.50,2.50,2.50,2.50,6000,0.40
1992-12-01,2.50,2.50,2.37,2.37,15000,0.38
1992-11-30,2.75,2.75,2.50,2.50,279000,0.40
1992-11-27,2.62,2.62,2.62,2.62,12000,0.42
1992-11-25,2.62,2.62,2.62,2.62,30000,0.42
1992-11-24,2.62,2.62,2.62,2.62,000,0.42
1992-11-23,2.62,2.62,2.62,2.62,1800,0.42
1992-11-20,2.62,2.62,2.62,2.62,12000,0.42
1992-11-19,2.50,2.50,2.50,2.50,2400,0.40
1992-11-18,2.50,2.50,2.50,2.50,15600,0.40
1992-11-17,2.50,2.75,2.50,2.75,34800,0.44
1992-11-16,2.62,2.62,2.62,2.62,13800,0.42
1992-11-13,2.75,2.75,2.75,2.75,6000,0.44
1992-11-12,2.62,2.75,2.62,2.75,16200,0.44
1992-11-11,2.75,2.75,2.75,2.75,2400,0.44
1992-11-10,2.62,2.62,2.62,2.62,3000,0.42
1992-11-09,2.62,2.62,2.62,2.62,600,0.42
1992-11-06,2.62,2.75,2.62,2.75,7800,0.44
1992-11-05,2.62,2.62,2.62,2.62,6000,0.42
1992-11-04,2.50,2.50,2.50,2.50,600,0.40
1992-11-03,2.50,2.50,2.50,2.50,000,0.40
1992-11-02,2.50,2.50,2.50,2.50,000,0.40
1992-10-30,2.50,2.50,2.50,2.50,16200,0.40
1992-10-29,2.56,2.56,2.56,2.56,3000,0.41
1992-10-28,2.56,2.62,2.56,2.62,13800,0.42
1992-10-27,2.69,2.69,2.62,2.62,14400,0.42
1992-10-26,2.75,2.75,2.75,2.75,3000,0.44
1992-10-23,2.75,2.75,2.75,2.75,000,0.44
1992-10-22,2.88,2.88,2.75,2.75,10800,0.44
1992-10-21,2.75,2.75,2.75,2.75,33000,0.44
1992-10-20,2.88,2.88,2.75,2.75,9600,0.44
1992-10-19,2.75,3.00,2.75,2.88,43200,0.46
1992-10-16,2.50,2.75,2.50,2.75,10200,0.44
1992-10-15,2.37,2.50,2.37,2.50,63000,0.40
1992-10-14,2.25,2.25,2.25,2.25,2400,0.36
1992-10-13,2.37,2.37,2.37,2.37,1800,0.38
1992-10-12,2.25,2.37,2.25,2.37,1200,0.38
1992-10-09,2.25,2.37,2.25,2.37,60600,0.38
1992-10-08,2.25,2.25,2.13,2.13,23400,0.34
1992-10-07,2.37,2.37,2.37,2.37,000,0.38
1992-10-06,2.37,2.37,2.37,2.37,9000,0.38
1992-10-05,2.25,2.56,2.25,2.25,63600,0.36
1992-10-02,2.62,2.62,2.37,2.37,9000,0.38
1992-10-01,2.37,2.50,2.37,2.50,15000,0.40
1992-09-30,2.75,2.75,2.37,2.37,40800,0.38
1992-09-29,2.50,2.88,2.50,2.75,177000,0.44
1992-09-28,2.13,2.13,2.13,2.13,1800,0.34
1992-09-25,2.00,2.00,2.00,2.00,1200,0.32
1992-09-24,2.00,2.13,2.00,2.13,26400,0.34
1992-09-23,2.00,2.00,1.88,2.00,6600,0.32
1992-09-22,2.00,2.00,2.00,2.00,3000,0.32
1992-09-21,2.00,2.00,2.00,2.00,000,0.32
1992-09-18,2.00,2.00,2.00,2.00,3000,0.32
1992-09-17,2.00,2.00,2.00,2.00,30000,0.32
1992-09-16,2.00,2.00,1.88,1.88,14400,0.30
1992-09-15,1.88,1.88,1.88,1.88,000,0.30
1992-09-14,2.00,2.00,1.88,1.88,69000,0.30
1992-09-11,2.00,2.00,2.00,2.00,000,0.32
1992-09-10,2.00,2.00,2.00,2.00,6000,0.32
1992-09-09,2.00,2.00,2.00,2.00,30000,0.32
1992-09-08,2.00,2.00,2.00,2.00,000,0.32
1992-09-04,2.00,2.00,2.00,2.00,000,0.32
1992-09-03,2.00,2.00,2.00,2.00,39600,0.32
1992-09-02,2.06,2.06,2.06,2.06,3000,0.33
1992-09-01,2.00,2.00,2.00,2.00,6000,0.32
1992-08-31,2.00,2.00,2.00,2.00,1800,0.32
1992-08-28,2.00,2.00,2.00,2.00,000,0.32
1992-08-27,2.00,2.00,2.00,2.00,8400,0.32
1992-08-26,2.00,2.00,2.00,2.00,000,0.32
1992-08-25,2.00,2.00,2.00,2.00,1200,0.32
1992-08-24,2.00,2.00,2.00,2.00,000,0.32
1992-08-21,2.00,2.00,2.00,2.00,3000,0.32
1992-08-20,1.88,1.88,1.88,1.88,3000,0.30
1992-08-19,1.88,1.88,1.88,1.88,4200,0.30
1992-08-18,2.00,2.00,2.00,2.00,3000,0.32
1992-08-17,2.00,2.13,1.88,1.88,19800,0.30
1992-08-14,1.88,2.13,1.88,2.13,6000,0.34
1992-08-13,2.00,2.00,2.00,2.00,4800,0.32
1992-08-12,2.00,2.00,2.00,2.00,12000,0.32
1992-08-11,2.00,2.00,2.00,2.00,3000,0.32
1992-08-10,1.88,1.88,1.88,1.88,3000,0.30
1992-08-07,2.00,2.00,2.00,2.00,600,0.32
1992-08-06,2.00,2.00,2.00,2.00,000,0.32
1992-08-05,2.00,2.00,2.00,2.00,000,0.32
1992-08-04,2.00,2.00,2.00,2.00,7800,0.32
1992-08-03,2.13,2.13,2.13,2.13,3000,0.34
1992-07-31,2.00,2.00,2.00,2.00,9000,0.32
1992-07-30,2.13,2.13,2.13,2.13,3000,0.34
1992-07-29,2.13,2.13,2.13,2.13,000,0.34
1992-07-28,2.13,2.13,2.13,2.13,000,0.34
1992-07-27,2.00,2.13,2.00,2.13,18000,0.34
1992-07-24,2.00,2.00,2.00,2.00,000,0.32
1992-07-23,2.00,2.13,2.00,2.00,15600,0.32
1992-07-22,2.13,2.13,2.00,2.13,7200,0.34
1992-07-21,2.13,2.13,2.13,2.13,600,0.34
1992-07-20,2.13,2.13,2.00,2.00,9600,0.32
1992-07-17,2.13,2.13,2.13,2.13,600,0.34
1992-07-16,2.19,2.19,2.00,2.00,23400,0.32
1992-07-15,2.25,2.25,2.25,2.25,3000,0.36
1992-07-14,2.37,2.37,2.25,2.25,9000,0.36
1992-07-13,2.25,2.25,2.25,2.25,000,0.36
1992-07-10,2.25,2.25,2.25,2.25,000,0.36
1992-07-09,2.25,2.25,2.25,2.25,000,0.36
1992-07-08,2.25,2.25,2.25,2.25,34200,0.36
1992-07-07,2.25,2.25,2.25,2.25,3000,0.36
1992-07-06,2.37,2.37,2.37,2.37,1200,0.38
1992-07-02,2.37,2.37,2.37,2.37,000,0.38
1992-07-01,2.37,2.37,2.37,2.37,6000,0.38
1992-06-30,2.37,2.37,2.37,2.37,12000,0.38
1992-06-29,2.37,2.37,2.37,2.37,000,0.38
1992-06-26,2.50,2.50,2.37,2.37,31200,0.38
1992-06-25,2.62,2.62,2.50,2.62,4200,0.42
1992-06-24,2.75,2.75,2.75,2.75,6000,0.44
1992-06-23,2.62,2.62,2.62,2.62,1200,0.42
1992-06-22,2.62,2.62,2.62,2.62,000,0.42
1992-06-19,2.62,2.62,2.62,2.62,51600,0.42
1992-06-18,2.88,2.88,2.62,2.62,9000,0.42
1992-06-17,2.75,2.75,2.75,2.75,6000,0.44
1992-06-16,2.75,2.88,2.75,2.88,3600,0.46
1992-06-15,2.75,2.88,2.75,2.88,7800,0.46
1992-06-12,2.75,2.88,2.75,2.88,55800,0.46
1992-06-11,3.00,3.12,2.88,2.88,33600,0.46
1992-06-10,3.25,3.25,3.00,3.00,67200,0.48
1992-06-09,3.00,3.38,3.00,3.25,156000,0.52
1992-06-08,2.88,2.88,2.75,2.88,77400,0.46
1992-06-05,2.50,2.62,2.50,2.62,81000,0.42
1992-06-04,2.50,2.50,2.50,2.50,36000,0.40
1992-06-03,2.25,2.37,2.25,2.37,12600,0.38
1992-06-02,2.13,2.13,2.13,2.13,6000,0.34
1992-06-01,2.00,2.00,2.00,2.00,000,0.32
1992-05-29,2.00,2.00,2.00,2.00,000,0.32
1992-05-28,2.00,2.00,2.00,2.00,6000,0.32
1992-05-27,2.00,2.00,2.00,2.00,30000,0.32
1992-05-26,2.00,2.00,2.00,2.00,22200,0.32
1992-05-22,2.00,2.00,2.00,2.00,000,0.32
1992-05-21,2.00,2.00,2.00,2.00,6000,0.32
1992-05-20,2.13,2.13,2.00,2.13,16200,0.34
1992-05-19,2.00,2.13,2.00,2.00,9600,0.32
1992-05-18,2.00,2.13,2.00,2.00,32400,0.32
1992-05-15,1.88,1.88,1.88,1.88,6000,0.30
1992-05-14,1.75,1.75,1.75,1.75,39600,0.28
1992-05-13,1.88,1.88,1.88,1.88,34200,0.30
1992-05-12,1.88,2.00,1.88,1.88,16800,0.30
1992-05-11,2.13,2.13,2.00,2.00,18000,0.32
1992-05-08,2.37,2.37,2.13,2.13,51600,0.34
1992-05-07,1.88,2.50,1.88,2.13,189600,0.34
1992-05-06,1.50,1.88,1.50,1.88,61800,0.30
1992-05-05,1.50,1.50,1.50,1.50,18000,0.24
1992-05-04,1.50,1.50,1.38,1.38,14400,0.22
1992-05-01,1.38,1.38,1.38,1.38,4200,0.22
1992-04-30,1.38,1.50,1.38,1.50,6600,0.24
1992-04-29,1.50,1.62,1.50,1.50,36000,0.24
1992-04-28,1.25,1.25,1.25,1.25,000,0.20
1992-04-27,1.25,1.25,1.25,1.25,36000,0.20
1992-04-24,1.50,1.50,1.50,1.50,30000,0.24
1992-04-23,1.25,1.25,1.25,1.25,000,0.20
1992-04-22,1.25,1.25,1.25,1.25,000,0.20
1992-04-21,1.38,1.38,1.25,1.25,14400,0.20
1992-04-20,1.25,1.25,1.25,1.25,6000,0.20
1992-04-16,1.12,1.50,1.12,1.50,46200,0.24
1992-04-15,1.38,1.38,1.25,1.25,10800,0.20
1992-04-14,1.25,1.25,1.25,1.25,000,0.20
1992-04-13,1.25,1.25,1.25,1.25,46800,0.20
1992-04-10,1.38,1.38,1.38,1.38,3000,0.22
1992-04-09,1.38,1.38,1.38,1.38,3600,0.22
1992-04-08,1.38,1.38,1.38,1.38,3600,0.22
1992-04-07,1.62,1.62,1.50,1.50,7200,0.24
1992-04-06,1.25,1.50,1.25,1.50,48000,0.24
1992-04-03,1.38,1.38,1.38,1.38,1200,0.22
1992-04-02,1.38,1.38,1.38,1.38,4200,0.22
1992-04-01,1.50,1.50,1.50,1.50,6000,0.24
1992-03-31,1.38,1.38,1.38,1.38,7800,0.22
1992-03-30,1.38,1.38,1.38,1.38,6000,0.22
1992-03-27,1.38,1.38,1.38,1.38,4200,0.22
1992-03-26,1.38,1.38,1.38,1.38,6000,0.22
1992-03-25,1.38,1.38,1.38,1.38,33000,0.22
1992-03-24,1.38,1.38,1.00,1.00,312600,0.16
1992-03-23,1.38,1.38,1.38,1.38,30600,0.22
1992-03-20,1.25,1.25,1.25,1.25,000,0.20
1992-03-19,1.25,1.25,1.25,1.25,000,0.20
1992-03-18,1.25,1.25,1.25,1.25,31200,0.20
1992-03-17,1.38,1.38,1.38,1.38,48000,0.22
