Date,Open,High,Low,Close,Volume,Adj Close
2014-12-08,23.17,23.57,22.61,22.67,111000,22.67
2014-12-05,23.22,23.52,23.11,23.17,105200,23.17
2014-12-04,23.74,23.96,23.20,23.26,95900,23.26
2014-12-03,23.59,24.20,23.42,23.72,142700,23.72
2014-12-02,23.12,23.95,23.12,23.53,192300,23.53
2014-12-01,22.46,23.46,22.22,22.99,247600,22.99
2014-11-28,22.94,23.24,22.45,22.50,109400,22.50
2014-11-26,22.76,23.50,22.73,23.01,128700,23.01
2014-11-25,23.43,23.51,22.83,22.99,120900,22.99
2014-11-24,22.96,23.42,22.82,23.31,195400,23.31
2014-11-21,23.19,23.28,22.78,22.90,214400,22.90
2014-11-20,23.98,23.98,22.80,22.89,232900,22.89
2014-11-19,25.18,25.18,24.40,24.66,173900,24.66
2014-11-18,25.51,25.71,25.12,25.16,75100,25.16
2014-11-17,25.72,25.72,25.23,25.38,64900,25.38
2014-11-14,25.66,25.77,25.31,25.74,72000,25.74
2014-11-13,26.10,26.31,25.46,25.69,107900,25.69
2014-11-12,25.73,26.18,25.26,26.10,99900,26.10
2014-11-11,26.46,26.46,25.73,25.98,98900,25.98
2014-11-10,26.34,26.56,26.06,26.42,84600,26.42
2014-11-07,26.43,26.43,25.99,26.25,76800,26.25
2014-11-06,25.98,26.51,25.75,26.38,102800,26.38
2014-11-05,25.56,26.01,25.44,25.95,102800,25.95
2014-11-04,25.42,26.12,25.23,25.34,155600,25.34
2014-11-03,25.33,25.69,24.81,25.46,179700,25.46
2014-10-31,25.63,25.96,24.56,25.35,192800,25.35
2014-10-30,24.85,25.08,24.73,25.01,127500,25.01
2014-10-29,24.94,25.30,24.82,24.94,125600,24.94
2014-10-28,24.46,25.00,24.40,24.98,220300,24.98
2014-10-27,24.60,24.60,24.22,24.42,78100,24.42
2014-10-24,24.75,24.89,24.51,24.72,104700,24.72
2014-10-23,24.71,25.01,24.44,24.81,145800,24.81
2014-10-22,25.15,25.22,24.38,24.51,171200,24.51
2014-10-21,25.07,25.27,24.73,25.16,95900,25.16
2014-10-20,24.50,24.85,23.99,24.84,173800,24.84
2014-10-17,24.94,24.99,24.33,24.65,160800,24.65
2014-10-16,23.83,24.74,23.83,24.56,152900,24.56
2014-10-15,23.14,24.20,23.12,24.14,185100,24.14
2014-10-14,23.41,24.04,22.93,23.48,193800,23.48
2014-10-13,22.53,23.63,22.51,23.11,155300,23.11
2014-10-10,22.55,23.01,22.13,22.58,194800,22.58
2014-10-09,23.90,23.90,22.62,22.71,185500,22.71
2014-10-08,23.04,24.11,22.55,23.91,190500,23.91
2014-10-07,23.65,23.65,23.11,23.17,131900,23.04
2014-10-06,24.39,24.50,23.42,23.78,174800,23.65
2014-10-03,24.79,24.85,24.25,24.26,114300,24.12
2014-10-02,23.83,24.92,23.69,24.48,146300,24.34
2014-10-01,24.34,24.46,23.51,23.74,210800,23.61
2014-09-30,25.67,25.79,24.34,24.40,219800,24.26
2014-09-29,25.18,25.87,25.12,25.76,88600,25.62
2014-09-26,25.80,25.99,25.12,25.48,186900,25.34
2014-09-25,26.38,26.53,25.75,25.78,111600,25.64
2014-09-24,26.02,26.57,25.86,26.50,67500,26.35
2014-09-23,26.62,26.68,25.76,25.96,118000,25.81
2014-09-22,26.61,27.24,26.35,26.80,164700,26.65
2014-09-19,26.83,27.23,26.72,26.77,163500,26.62
2014-09-18,26.55,26.82,26.06,26.71,71800,26.56
2014-09-17,25.97,26.56,25.86,26.36,94400,26.21
2014-09-16,25.92,26.30,25.61,26.05,81100,25.90
2014-09-15,26.33,26.40,25.82,26.04,137800,25.89
2014-09-12,26.69,26.69,25.81,26.33,115900,26.18
2014-09-11,26.80,27.21,26.53,26.66,78100,26.51
2014-09-10,26.85,27.06,26.55,26.98,62000,26.83
2014-09-09,27.19,27.36,26.66,26.84,95900,26.69
2014-09-08,27.35,27.57,27.05,27.25,71300,27.10
2014-09-05,26.75,27.40,26.75,27.31,124500,27.16
2014-09-04,26.76,27.08,26.71,26.86,63700,26.71
2014-09-03,27.06,27.09,26.60,26.75,76200,26.60
2014-09-02,26.83,27.20,26.50,26.88,104800,26.73
2014-08-29,26.77,27.02,26.46,26.66,75300,26.51
2014-08-28,26.88,27.02,26.46,26.74,64500,26.59
2014-08-27,27.02,27.33,26.84,26.91,91600,26.76
2014-08-26,27.03,27.30,26.74,26.98,103100,26.83
2014-08-25,26.83,27.08,26.20,27.01,116400,26.86
2014-08-22,27.01,27.49,26.50,26.55,118900,26.40
2014-08-21,28.72,28.72,26.76,27.02,248000,26.87
2014-08-20,29.05,29.29,27.50,28.90,227800,28.74
2014-08-19,30.26,30.51,29.88,30.00,117300,29.83
2014-08-18,30.15,30.74,29.81,30.16,92800,29.99
2014-08-15,29.84,29.84,29.04,29.72,113700,29.55
2014-08-14,29.41,29.76,29.28,29.49,45000,29.32
2014-08-13,29.34,29.43,28.79,29.33,88400,29.17
2014-08-12,29.34,29.53,28.81,29.15,70300,28.99
2014-08-11,29.36,29.79,29.19,29.55,46300,29.38
2014-08-08,28.53,29.30,28.49,29.16,47600,29.00
2014-08-07,28.67,29.25,28.20,28.55,53000,28.39
2014-08-06,28.25,28.88,28.25,28.58,94600,28.42
2014-08-05,28.19,28.77,27.89,28.51,56200,28.35
2014-08-04,28.00,28.27,27.38,28.24,91000,28.08
2014-08-01,27.97,28.13,27.31,27.79,87100,27.63
2014-07-31,28.40,28.92,27.75,27.87,113600,27.71
2014-07-30,29.29,29.29,28.51,28.61,73500,28.45
2014-07-29,29.12,29.46,28.88,28.97,60000,28.81
2014-07-28,29.42,29.42,28.88,29.19,65800,29.03
2014-07-25,29.19,29.73,29.11,29.33,98100,29.17
2014-07-24,29.54,29.83,29.41,29.53,121000,29.36
2014-07-23,29.70,29.70,29.39,29.55,64600,29.38
2014-07-22,30.12,30.12,29.52,29.71,66600,29.54
2014-07-21,29.92,30.18,29.37,29.82,78900,29.65
2014-07-18,29.49,30.41,29.49,30.14,96500,29.97
2014-07-17,30.11,30.45,29.57,29.60,119800,29.43
2014-07-16,30.73,30.87,30.11,30.45,109800,30.28
2014-07-15,31.39,31.39,30.31,30.51,138100,30.34
2014-07-14,31.73,31.73,31.34,31.38,69500,31.20
2014-07-11,31.47,31.84,31.20,31.29,106200,31.11
2014-07-10,30.65,31.78,30.33,31.59,138900,31.41
2014-07-09,31.72,31.78,31.13,31.31,79000,31.13
2014-07-08,32.08,32.08,31.37,31.55,105000,31.37
2014-07-07,33.37,33.40,32.20,32.34,97100,32.04
2014-07-03,32.91,33.62,32.91,33.37,39100,33.06
2014-07-02,33.24,33.77,32.68,32.84,96100,32.53
2014-07-01,33.23,34.23,32.95,33.37,150000,33.06
2014-06-30,33.37,33.69,32.88,33.14,116600,32.83
2014-06-27,32.62,33.97,32.62,33.56,197200,33.25
2014-06-26,33.54,33.54,32.56,32.91,86300,32.60
2014-06-25,32.99,33.52,32.81,33.49,91500,33.18
2014-06-24,32.71,33.70,32.69,33.28,118600,32.97
2014-06-23,33.86,33.96,32.78,32.85,107000,32.54
2014-06-20,34.05,34.31,33.68,33.68,195300,33.37
2014-06-19,34.35,34.56,33.69,33.84,86700,33.53
2014-06-18,33.96,34.52,33.80,34.42,129500,34.10
2014-06-17,33.12,33.99,32.98,33.99,128700,33.67
2014-06-16,32.78,33.23,32.28,33.05,110000,32.74
2014-06-13,32.87,32.99,32.50,32.75,94900,32.45
2014-06-12,32.84,32.84,32.38,32.70,96000,32.40
2014-06-11,33.21,33.23,32.57,32.83,102900,32.52
2014-06-10,33.14,33.33,32.80,33.22,78500,32.91
2014-06-09,33.00,33.40,32.65,33.18,123300,32.87
2014-06-06,32.35,33.21,32.07,33.04,121500,32.73
2014-06-05,31.03,32.26,30.75,32.21,142800,31.91
2014-06-04,30.53,31.12,30.28,30.91,137800,30.62
2014-06-03,30.67,30.90,30.15,30.62,88100,30.34
2014-06-02,31.35,31.48,30.57,30.87,78400,30.58
2014-05-30,31.52,31.60,31.01,31.35,77500,31.06
2014-05-29,31.72,31.75,31.20,31.38,71500,31.09
2014-05-28,31.40,32.09,31.20,31.56,77200,31.27
2014-05-27,31.36,31.99,31.09,31.52,101000,31.23
2014-05-23,30.05,31.22,29.78,31.19,95600,30.90
2014-05-22,29.81,30.18,29.35,29.97,191100,29.69
2014-05-21,30.00,30.80,28.95,29.58,241500,29.30
2014-05-20,30.50,30.67,29.21,30.00,178400,29.72
2014-05-19,30.05,30.71,29.95,30.54,73800,30.26
2014-05-16,29.87,30.66,29.53,30.21,87700,29.93
2014-05-15,29.23,30.09,28.60,29.95,157000,29.67
2014-05-14,30.18,30.29,29.35,29.46,98200,29.19
2014-05-13,31.33,31.33,30.29,30.33,119600,30.05
2014-05-12,30.26,31.49,30.26,31.30,101400,31.01
2014-05-09,29.52,30.24,29.19,30.19,113400,29.91
2014-05-08,29.91,30.76,29.67,29.72,100100,29.44
2014-05-07,29.76,30.15,29.41,30.05,104800,29.77
2014-05-06,30.05,30.33,29.18,29.64,240000,29.36
2014-05-05,31.08,31.27,30.01,30.08,216200,29.80
2014-05-02,30.35,31.56,30.11,31.36,130500,31.07
2014-05-01,30.75,31.11,29.89,30.21,244400,29.93
2014-04-30,30.60,31.05,30.32,30.90,65700,30.61
2014-04-29,31.10,31.30,30.56,30.71,142900,30.42
2014-04-28,30.95,31.42,30.29,30.84,114500,30.55
2014-04-25,31.29,31.36,30.66,30.88,153500,30.59
2014-04-24,31.95,31.95,30.93,31.51,126700,31.22
2014-04-23,32.65,33.00,31.58,31.85,151900,31.55
2014-04-22,33.65,33.72,32.53,32.70,112900,32.40
2014-04-21,33.29,33.91,33.00,33.65,130100,33.34
2014-04-17,32.81,33.45,32.54,33.14,120600,32.83
2014-04-16,33.38,33.68,32.36,32.81,210000,32.50
2014-04-15,32.33,33.24,31.43,33.02,181900,32.71
2014-04-14,32.46,32.62,31.65,32.20,92000,31.90
2014-04-11,31.57,32.69,31.57,32.06,156900,31.76
2014-04-10,33.06,33.46,31.54,31.91,191400,31.61
2014-04-09,32.82,33.23,32.55,33.12,113100,32.81
2014-04-08,32.67,33.28,32.35,32.75,168900,32.45
2014-04-07,32.10,32.94,31.68,32.72,112400,32.30
2014-04-04,33.43,33.43,31.76,32.31,152800,31.89
2014-04-03,33.49,33.73,32.75,33.10,100200,32.67
2014-04-02,33.15,33.52,33.00,33.42,92200,32.99
2014-04-01,32.75,33.25,32.60,33.18,133700,32.75
2014-03-31,32.11,32.93,31.91,32.75,130600,32.33
2014-03-28,32.24,32.77,31.61,31.95,101200,31.54
2014-03-27,31.27,32.35,31.20,32.27,138500,31.85
2014-03-26,32.10,32.41,31.19,31.24,113600,30.84
2014-03-25,32.03,32.36,31.82,31.95,106300,31.54
2014-03-24,32.16,32.30,31.62,31.95,109400,31.54
2014-03-21,33.00,33.00,32.05,32.17,269900,31.75
2014-03-20,33.03,33.55,32.85,32.98,149200,32.55
2014-03-19,33.79,33.86,32.30,33.21,612800,32.78
2014-03-18,33.30,33.92,33.14,33.91,113800,33.47
2014-03-17,32.68,33.74,32.68,33.13,125800,32.70
2014-03-14,32.88,33.14,32.30,32.44,150900,32.02
2014-03-13,35.31,35.31,33.06,33.10,332900,32.67
2014-03-12,34.62,36.05,34.38,35.34,354700,34.88
2014-03-11,39.50,40.06,38.96,39.75,195500,39.24
2014-03-10,39.00,39.47,38.81,39.43,64300,38.92
2014-03-07,39.16,39.40,38.67,39.13,87200,38.62
2014-03-06,38.40,38.85,37.98,38.85,107200,38.35
2014-03-05,37.51,38.24,37.21,38.18,71500,37.69
2014-03-04,37.07,38.16,36.87,37.67,211400,37.18
2014-03-03,36.05,36.82,35.19,36.54,135100,36.07
2014-02-28,37.21,37.29,36.35,36.57,102900,36.10
2014-02-27,37.45,38.08,36.86,37.08,89100,36.60
2014-02-26,37.35,38.47,37.09,37.50,94200,37.01
2014-02-25,38.00,38.22,37.02,37.22,79400,36.74
2014-02-24,37.49,38.45,37.19,37.90,130700,37.41
2014-02-21,37.03,37.68,36.87,37.31,85900,36.83
2014-02-20,36.97,37.11,36.47,36.84,111600,36.36
2014-02-19,37.11,37.57,36.74,36.97,103100,36.49
2014-02-18,36.41,37.49,36.20,37.34,110100,36.86
2014-02-14,36.40,36.40,35.66,36.19,42200,35.72
2014-02-13,35.37,36.46,35.35,36.37,58100,35.90
2014-02-12,35.41,36.07,35.04,35.64,90000,35.18
2014-02-11,35.22,35.98,34.67,35.46,68600,35.00
2014-02-10,35.31,35.37,34.62,35.14,100900,34.69
2014-02-07,35.64,35.64,34.80,35.32,78600,34.86
2014-02-06,35.30,35.89,35.22,35.44,80500,34.98
2014-02-05,35.75,36.23,34.73,35.20,105900,34.74
2014-02-04,36.67,37.09,35.61,35.88,101900,35.42
2014-02-03,37.43,37.98,36.00,36.58,168400,36.11
2014-01-31,36.98,38.24,36.67,37.45,146000,36.97
2014-01-30,37.77,38.45,37.30,37.72,92300,37.23
2014-01-29,37.00,37.62,37.00,37.33,126900,36.85
2014-01-28,37.13,37.41,36.48,37.28,148200,36.80
2014-01-27,37.37,37.95,37.03,37.08,127900,36.60
2014-01-24,38.45,38.65,36.75,37.10,176600,36.62
2014-01-23,38.59,38.96,38.08,38.55,136100,38.05
2014-01-22,38.54,39.08,38.02,38.65,136000,38.15
2014-01-21,37.93,38.62,37.51,38.39,145300,37.89
2014-01-17,38.00,38.42,37.51,37.65,129600,37.16
2014-01-16,37.95,38.42,37.62,37.94,81000,37.45
2014-01-15,37.94,38.81,37.68,37.91,123800,37.42
2014-01-14,37.79,38.13,37.35,37.97,115000,37.48
2014-01-13,37.77,38.04,37.02,37.65,168600,37.16
2014-01-10,37.92,38.10,37.54,38.00,148900,37.51
2014-01-09,38.45,38.72,37.63,37.85,133000,37.36
2014-01-08,38.90,39.22,38.22,38.41,100900,37.91
2014-01-07,39.26,39.52,38.73,39.05,181000,38.43
2014-01-06,40.00,40.10,38.50,39.01,193100,38.39
2014-01-03,40.15,40.49,39.83,39.97,132600,39.33
2014-01-02,41.02,41.25,39.51,40.09,192000,39.45
2013-12-31,41.77,42.35,40.99,41.14,141200,40.48
2013-12-30,41.56,42.10,40.98,41.81,192500,41.14
2013-12-27,42.32,42.32,41.33,41.70,52200,41.03
2013-12-26,42.61,42.76,41.68,42.03,47400,41.36
2013-12-24,42.65,42.99,41.59,42.53,95700,41.85
2013-12-23,42.26,42.74,41.65,42.35,95000,41.67
2013-12-20,41.13,42.52,40.80,42.18,248200,41.51
2013-12-19,41.86,42.46,40.70,40.95,116600,40.30
2013-12-18,40.45,42.11,40.25,42.03,162700,41.36
2013-12-17,39.91,40.56,39.84,40.45,145300,39.80
2013-12-16,39.69,40.28,39.26,39.83,147200,39.19
2013-12-13,38.91,39.51,38.37,39.42,101300,38.79
2013-12-12,38.25,39.01,37.82,38.79,95300,38.17
2013-12-11,38.71,38.90,37.56,38.34,124100,37.73
2013-12-10,39.08,39.24,38.50,38.60,75600,37.98
2013-12-09,39.25,39.32,38.72,39.25,98300,38.62
2013-12-06,39.96,39.96,38.95,39.34,82000,38.71
2013-12-05,39.21,39.87,39.04,39.49,33200,38.86
2013-12-04,39.27,40.27,38.91,39.32,119000,38.69
2013-12-03,38.25,39.75,38.00,39.45,128400,38.82
2013-12-02,40.07,40.15,38.37,38.42,207800,37.81
2013-11-29,40.48,40.79,39.90,40.15,57200,39.51
2013-11-27,39.49,40.35,39.07,40.18,86600,39.54
2013-11-26,38.58,39.43,36.97,39.34,109000,38.71
2013-11-25,38.61,39.15,38.02,38.43,111600,37.82
2013-11-22,37.43,38.96,36.65,38.65,137000,38.03
2013-11-21,35.14,37.78,35.14,37.53,182600,36.93
2013-11-20,34.75,35.12,34.55,34.71,91500,34.16
2013-11-19,34.97,35.54,34.48,34.72,57800,34.17
2013-11-18,34.39,34.97,34.11,34.94,79800,34.38
2013-11-15,34.18,34.34,33.81,34.20,74100,33.65
2013-11-14,33.80,34.35,33.64,34.23,49600,33.68
2013-11-13,33.91,34.42,33.67,33.90,103900,33.36
2013-11-12,33.91,34.25,33.61,34.18,84400,33.63
2013-11-11,33.90,34.03,33.44,33.97,56500,33.43
2013-11-08,33.34,34.15,33.34,34.00,57900,33.46
2013-11-07,34.36,34.55,33.32,33.36,83500,32.83
2013-11-06,34.35,34.45,33.85,34.29,56700,33.74
2013-11-05,33.61,34.45,33.61,34.20,83400,33.65
2013-11-04,33.79,34.05,33.16,33.86,97500,33.32
2013-11-01,33.27,33.82,32.64,33.63,175000,33.09
2013-10-31,33.63,33.90,33.30,33.36,99100,32.83
2013-10-30,34.58,34.62,33.33,33.60,85500,33.06
2013-10-29,34.04,34.46,33.73,34.46,69000,33.91
2013-10-28,33.99,34.27,33.69,34.05,81200,33.51
2013-10-25,34.09,34.21,33.63,34.00,72700,33.46
2013-10-24,33.52,34.02,33.22,33.95,81300,33.41
2013-10-23,33.46,33.58,32.47,33.56,109400,33.02
2013-10-22,32.66,33.77,32.55,33.56,101700,33.02
2013-10-21,32.55,32.89,32.36,32.54,60800,32.02
2013-10-18,32.41,32.71,32.19,32.55,93800,32.03
2013-10-17,31.57,32.25,31.53,32.07,72700,31.56
2013-10-16,32.02,32.02,31.46,31.63,54300,31.12
2013-10-15,31.91,32.19,31.74,31.78,100100,31.27
2013-10-14,31.81,31.99,31.60,31.91,58100,31.40
2013-10-11,30.93,32.16,30.93,31.97,103600,31.46
2013-10-10,31.10,31.32,30.81,31.09,66000,30.59
2013-10-09,30.99,31.22,30.63,30.79,88100,30.30
2013-10-08,30.97,31.32,30.63,30.93,88300,30.44
2013-10-07,31.00,31.38,30.80,31.02,82000,30.41
2013-10-04,31.12,31.55,30.96,31.36,89700,30.74
2013-10-03,31.58,31.58,30.45,31.20,215100,30.58
2013-10-02,31.90,32.19,31.66,31.71,61600,31.08
2013-10-01,32.62,32.62,32.17,32.24,87100,31.60
2013-09-30,32.51,32.95,32.02,32.71,116400,32.06
2013-09-27,32.92,33.20,32.71,32.85,62800,32.20
2013-09-26,33.70,34.23,33.04,33.20,57400,32.54
2013-09-25,34.09,34.26,33.60,33.72,36900,33.05
2013-09-24,34.28,34.83,33.80,34.15,97100,33.47
2013-09-23,33.30,34.50,33.02,34.19,84900,33.51
2013-09-20,33.56,33.70,33.03,33.15,225900,32.49
2013-09-19,33.54,33.71,33.04,33.59,45800,32.93
2013-09-18,33.27,33.92,32.78,33.60,84100,32.94
2013-09-17,32.67,33.44,32.34,33.20,76000,32.54
2013-09-16,33.38,33.38,32.60,32.77,56300,32.12
2013-09-13,32.57,33.00,32.43,32.98,53600,32.33
2013-09-12,32.73,32.94,32.29,32.39,46900,31.75
2013-09-11,32.42,32.92,32.14,32.73,64200,32.08
2013-09-10,32.25,32.64,32.04,32.59,89100,31.95
2013-09-09,31.49,32.22,31.49,32.18,96100,31.54
2013-09-06,31.24,31.58,30.71,31.47,73300,30.85
2013-09-05,31.21,31.36,30.83,31.19,64500,30.57
2013-09-04,30.47,31.27,30.24,31.27,102200,30.65
2013-09-03,29.65,30.57,29.26,30.52,113700,29.92
2013-08-30,29.35,29.41,28.77,29.21,110000,28.63
2013-08-29,29.26,29.65,29.12,29.48,74600,28.90
2013-08-28,29.58,29.76,29.37,29.41,57000,28.83
2013-08-27,29.63,30.08,29.63,29.66,63700,29.07
2013-08-26,30.08,30.32,29.75,29.90,52800,29.31
2013-08-23,30.29,30.46,29.92,30.10,63200,29.50
2013-08-22,29.84,30.52,29.64,30.30,56900,29.70
2013-08-21,29.79,30.03,29.56,29.74,72000,29.15
2013-08-20,30.30,31.00,29.59,29.80,134300,29.21
2013-08-19,29.50,31.01,28.38,30.25,94900,29.65
2013-08-16,29.56,30.88,29.49,30.00,208500,29.41
2013-08-15,30.55,30.74,29.65,29.71,88100,29.12
2013-08-14,30.99,31.14,30.57,30.85,64800,30.24
2013-08-13,31.33,31.33,30.70,30.91,88400,30.30
2013-08-12,31.58,31.98,31.22,31.35,66600,30.73
2013-08-09,31.90,32.02,31.42,31.56,28400,30.94
2013-08-08,31.50,32.09,31.42,32.03,64900,31.40
2013-08-07,30.81,31.52,30.68,31.41,58200,30.79
2013-08-06,30.69,31.12,30.42,30.98,82400,30.37
2013-08-05,30.67,30.72,30.10,30.71,60100,30.10
2013-08-02,30.74,30.97,30.26,30.67,44900,30.06
2013-08-01,30.88,31.21,30.82,30.97,86600,30.36
2013-07-31,30.80,31.25,30.60,30.66,108400,30.05
2013-07-30,31.10,31.10,30.57,30.67,36000,30.06
2013-07-29,30.83,31.07,30.71,30.86,20000,30.25
2013-07-26,31.13,31.31,30.73,30.99,28000,30.38
2013-07-25,31.16,31.50,31.07,31.44,84300,30.82
2013-07-24,31.23,31.40,31.00,31.14,39400,30.52
2013-07-23,30.96,31.34,30.42,31.16,59100,30.54
2013-07-22,30.96,31.43,30.69,30.79,67900,30.18
2013-07-19,31.32,31.56,31.02,31.12,61900,30.50
2013-07-18,31.22,31.55,30.97,31.39,50000,30.77
2013-07-17,31.69,31.69,30.67,31.05,65000,30.44
2013-07-16,31.49,31.83,31.09,31.43,65100,30.81
2013-07-15,31.28,31.51,30.81,31.46,72400,30.84
2013-07-12,31.50,31.55,31.03,31.17,66800,30.55
2013-07-11,31.58,31.58,31.19,31.55,75200,30.93
2013-07-10,31.08,31.60,30.65,31.28,49100,30.66
2013-07-09,31.15,31.21,30.77,31.05,83400,30.44
2013-07-08,31.34,31.77,30.86,31.09,92000,30.48
2013-07-05,30.97,31.48,30.43,31.47,42600,30.73
2013-07-03,29.89,30.38,29.53,30.34,44400,29.63
2013-07-02,30.28,30.38,29.57,30.03,46700,29.32
2013-07-01,30.08,30.65,30.02,30.22,69600,29.51
2013-06-28,30.01,30.51,29.88,29.98,207600,29.28
2013-06-27,29.65,30.17,29.28,30.16,69300,29.45
2013-06-26,29.36,29.57,29.07,29.35,68300,28.66
2013-06-25,29.66,29.66,28.82,29.23,122500,28.54
2013-06-24,30.27,30.77,29.02,29.32,95900,28.63
2013-06-21,29.85,30.88,29.85,30.62,171600,29.90
2013-06-20,30.16,30.68,29.57,29.73,58700,29.03
2013-06-19,30.81,30.86,30.39,30.47,62200,29.75
2013-06-18,30.39,30.80,30.25,30.74,55300,30.02
2013-06-17,30.04,30.67,29.85,30.26,74100,29.55
2013-06-14,30.18,30.26,29.50,29.71,35400,29.01
2013-06-13,29.86,30.18,29.72,30.15,41600,29.44
2013-06-12,30.03,30.19,29.61,29.94,57500,29.24
2013-06-11,29.97,29.97,29.34,29.76,100200,29.06
2013-06-10,30.68,30.68,30.04,30.22,60800,29.51
2013-06-07,30.62,30.70,30.08,30.49,59500,29.77
2013-06-06,30.29,30.44,30.02,30.36,54700,29.65
2013-06-05,30.61,30.74,30.04,30.20,68000,29.49
2013-06-04,30.84,31.01,30.38,30.71,83900,29.99
2013-06-03,30.28,30.96,30.05,30.89,207400,30.16
2013-05-31,30.25,31.00,30.25,30.29,90000,29.58
2013-05-30,30.47,30.78,29.93,30.50,153900,29.78
2013-05-29,30.86,31.01,30.41,30.47,92700,29.75
2013-05-28,31.72,31.72,31.00,31.12,117000,30.39
2013-05-24,31.10,31.42,30.92,31.27,133300,30.53
2013-05-23,30.94,31.31,30.64,31.17,104300,30.44
2013-05-22,31.50,31.81,30.95,31.13,153600,30.40
2013-05-21,31.76,31.95,31.41,31.62,260400,30.88
2013-05-20,32.50,33.37,30.55,31.85,515200,31.10
2013-05-17,35.22,35.68,34.20,34.43,207700,33.62
2013-05-16,34.79,35.50,34.30,35.14,213300,34.31
2013-05-15,34.36,34.94,34.16,34.92,154200,34.10
2013-05-14,34.01,34.63,33.58,34.55,215400,33.74
2013-05-13,34.29,34.35,33.87,34.04,214800,33.24
2013-05-10,33.96,34.71,33.89,34.52,123600,33.71
2013-05-09,34.40,34.80,33.95,33.99,64500,33.19
2013-05-08,34.40,34.65,33.77,34.54,120100,33.73
2013-05-07,34.38,34.55,33.98,34.39,67800,33.58
2013-05-06,34.01,34.29,33.84,34.23,35300,33.43
2013-05-03,33.47,34.21,33.21,34.01,95200,33.21
2013-05-02,32.36,33.25,32.36,33.02,79200,32.24
2013-05-01,33.34,33.61,31.98,32.25,234000,31.49
2013-04-30,32.84,33.59,32.82,33.55,59800,32.76
2013-04-29,33.11,33.16,32.66,33.10,40200,32.32
2013-04-26,33.21,33.49,32.80,32.90,80400,32.13
2013-04-25,32.84,33.63,32.77,33.39,58300,32.60
2013-04-24,32.59,33.17,32.59,32.94,48900,32.17
2013-04-23,32.03,32.66,31.81,32.65,68900,31.88
2013-04-22,32.02,32.02,31.32,31.93,89900,31.18
2013-04-19,31.68,32.46,31.50,31.91,70200,31.16
2013-04-18,31.64,32.01,31.58,31.78,81400,31.03
2013-04-17,31.45,31.74,31.27,31.51,111400,30.77
2013-04-16,30.88,31.76,30.77,31.65,94400,30.91
2013-04-15,31.82,31.92,30.41,30.54,118000,29.82
2013-04-12,31.76,32.16,31.73,32.04,64200,31.29
2013-04-11,32.24,32.40,31.83,31.97,54800,31.22
2013-04-10,31.46,32.21,31.33,32.17,123300,31.41
2013-04-09,31.20,31.55,30.99,31.31,76700,30.57
2013-04-08,31.86,31.95,30.88,31.25,122800,30.52
2013-04-05,31.26,31.95,31.24,31.83,82200,30.96
2013-04-04,31.59,31.85,31.18,31.77,112900,30.91
2013-04-03,32.09,32.24,31.50,31.62,101300,30.76
2013-04-02,33.20,33.20,31.96,32.07,74800,31.20
2013-04-01,33.67,33.97,32.60,32.93,137400,32.03
2013-03-28,33.92,34.04,33.53,33.61,125200,32.70
2013-03-27,33.77,33.95,33.41,33.83,67700,32.91
2013-03-26,33.26,33.91,33.10,33.89,88800,32.97
2013-03-25,32.87,33.41,32.66,33.03,88600,32.13
2013-03-22,32.29,33.03,32.17,32.85,102200,31.96
2013-03-21,32.28,32.69,32.11,32.29,136400,31.41
2013-03-20,31.71,32.44,31.55,32.44,101900,31.56
2013-03-19,31.72,31.85,31.24,31.64,82600,30.78
2013-03-18,31.67,31.78,31.39,31.72,136200,30.86
2013-03-15,31.50,31.78,31.43,31.77,183300,30.91
2013-03-14,30.94,31.46,30.73,31.43,108500,30.58
2013-03-13,30.00,31.06,29.90,30.96,142900,30.12
2013-03-12,29.44,30.00,29.17,29.99,128700,29.17
2013-03-11,29.25,29.66,29.06,29.52,83500,28.72
2013-03-08,29.54,29.54,29.00,29.36,157900,28.56
2013-03-07,28.91,29.34,28.78,29.27,101900,28.47
2013-03-06,28.54,29.04,28.27,28.97,122300,28.18
2013-03-05,28.13,28.73,28.11,28.53,128700,27.75
2013-03-04,27.64,28.09,27.41,28.02,99900,27.26
2013-03-01,27.95,28.20,27.60,27.75,85300,27.00
2013-02-28,28.01,28.46,27.78,28.23,89400,27.46
2013-02-27,28.33,28.79,27.94,27.96,104200,27.20
2013-02-26,28.18,28.34,27.94,28.17,52000,27.40
2013-02-25,28.80,29.11,27.92,28.00,179000,27.24
2013-02-22,28.31,28.75,28.04,28.63,99900,27.85
2013-02-21,28.01,28.21,27.89,28.14,126300,27.37
2013-02-20,27.73,28.03,27.57,28.00,182100,27.24
2013-02-19,27.50,27.89,27.44,27.69,124100,26.94
2013-02-15,27.04,27.49,26.79,27.43,209600,26.68
2013-02-14,26.73,27.09,26.69,26.81,57800,26.08
2013-02-13,26.42,26.90,26.39,26.84,96500,26.11
2013-02-12,25.75,26.43,25.75,26.42,80300,25.70
2013-02-11,25.69,25.82,25.58,25.75,44400,25.05
2013-02-08,25.56,25.94,25.46,25.62,70100,24.92
2013-02-07,25.66,25.82,25.48,25.60,143100,24.90
2013-02-06,25.67,25.78,25.52,25.74,181200,25.04
2013-02-05,26.02,26.08,25.63,25.69,134400,24.99
2013-02-04,26.85,26.85,25.72,25.83,119500,25.13
2013-02-01,26.95,27.85,26.89,26.99,144200,26.26
2013-01-31,27.53,27.98,26.74,26.93,195800,26.20
2013-01-30,27.46,27.72,27.33,27.51,86400,26.76
2013-01-29,27.48,27.54,27.19,27.51,139500,26.76
2013-01-28,28.01,28.01,27.51,27.58,102000,26.83
2013-01-25,27.94,28.16,27.76,28.04,80400,27.28
2013-01-24,27.81,28.09,27.50,27.75,91700,27.00
2013-01-23,27.43,27.88,27.35,27.81,137400,27.05
2013-01-22,27.36,27.45,27.15,27.43,78800,26.68
2013-01-18,27.06,27.50,26.90,27.42,242500,26.67
2013-01-17,26.60,27.39,26.56,27.06,170200,26.32
2013-01-16,26.39,26.76,26.14,26.45,131500,25.73
2013-01-15,27.10,27.22,26.40,26.53,174100,25.81
2013-01-14,26.76,27.40,26.76,27.25,82400,26.51
2013-01-11,26.95,27.08,26.61,26.80,85700,26.07
2013-01-10,26.72,27.05,26.55,26.86,30700,26.13
2013-01-09,26.74,26.86,26.55,26.63,59400,25.91
2013-01-08,26.84,27.16,26.29,26.59,102400,25.87
2013-01-07,26.86,27.06,26.57,26.94,183900,26.21
2013-01-04,27.47,27.47,26.84,26.91,104100,26.18
2013-01-03,27.02,27.49,26.61,27.29,99500,26.55
2013-01-02,26.98,27.00,26.45,26.90,198500,26.17
2012-12-31,25.63,26.42,25.52,26.36,99200,25.64
2012-12-28,25.74,26.00,25.44,25.68,137900,24.98
2012-12-27,26.27,26.45,25.65,25.88,95200,25.18
2012-12-26,26.30,26.53,25.91,26.18,61500,25.47
2012-12-24,26.66,26.66,26.17,26.32,25600,25.60
2012-12-21,26.13,26.81,25.55,26.72,239000,25.99
2012-12-20,26.45,26.45,26.00,26.24,90900,25.53
2012-12-19,26.82,26.86,26.34,26.50,175000,25.78
2012-12-18,26.36,27.03,26.07,26.77,210500,26.04
2012-12-17,25.63,26.40,25.63,26.39,69000,25.67
2012-12-14,26.00,26.40,25.55,25.59,100500,24.89
2012-12-13,26.31,26.40,26.01,26.13,68300,25.42
2012-12-12,26.92,26.97,26.03,26.28,72400,25.57
2012-12-11,26.79,27.09,26.49,26.89,238300,26.06
2012-12-10,26.56,26.70,26.41,26.70,61300,25.87
2012-12-07,26.40,26.72,26.24,26.59,75600,25.77
2012-12-06,26.34,26.50,26.06,26.32,71100,25.50
2012-12-05,26.15,26.69,25.93,26.50,94500,25.68
2012-12-04,26.09,26.47,26.03,26.14,107300,25.33
2012-12-03,26.21,26.28,25.66,26.15,83100,25.34
2012-11-30,26.37,26.63,25.81,25.99,153000,25.18
2012-11-29,26.11,26.64,25.97,26.26,174000,25.45
2012-11-28,26.25,26.25,25.71,25.95,130200,25.15
2012-11-27,25.74,26.56,25.74,25.97,150600,25.17
2012-11-26,24.30,25.74,24.30,25.64,243600,24.85
2012-11-23,24.20,24.56,24.06,24.29,72500,23.54
2012-11-21,24.22,24.40,23.95,24.08,109400,23.33
2012-11-20,24.27,24.80,23.01,24.22,413700,23.47
2012-11-19,26.32,26.60,25.57,25.73,167300,24.93
2012-11-16,25.53,26.45,25.14,26.00,162000,25.19
2012-11-15,26.20,26.20,25.11,25.64,94300,24.85
2012-11-14,27.44,27.45,25.75,26.29,131300,25.48
2012-11-13,27.62,27.88,27.32,27.38,97000,26.53
2012-11-12,27.54,28.03,27.44,27.73,43000,26.87
2012-11-09,27.25,27.66,27.12,27.40,52700,26.55
2012-11-08,27.51,27.80,27.31,27.44,95800,26.59
2012-11-07,27.51,27.84,27.31,27.56,186700,26.71
2012-11-06,27.63,28.19,27.36,27.88,153900,27.02
2012-11-05,26.91,27.59,26.81,27.18,298100,26.34
2012-11-02,27.56,27.56,26.96,26.98,157900,26.14
2012-11-01,27.33,27.69,27.24,27.39,154900,26.54
2012-10-31,27.37,28.10,26.95,27.29,73200,26.44
2012-10-26,27.53,27.61,27.09,27.27,69400,26.42
2012-10-25,27.48,27.49,27.23,27.49,97100,26.64
2012-10-24,27.34,27.60,27.11,27.27,100100,26.42
2012-10-23,27.06,27.31,26.78,27.26,72700,26.42
2012-10-22,27.26,27.36,27.10,27.29,66000,26.44
2012-10-19,27.82,27.82,27.04,27.25,116400,26.41
2012-10-18,27.73,27.86,27.67,27.77,55400,26.91
2012-10-17,28.03,28.24,27.45,27.73,168700,26.87
2012-10-16,27.88,28.23,27.65,27.95,47700,27.08
2012-10-15,27.70,27.88,27.36,27.73,74000,26.87
2012-10-12,27.83,28.10,27.32,27.68,72500,26.82
2012-10-11,28.50,29.17,27.85,27.85,74500,26.99
2012-10-10,28.28,28.50,28.05,28.40,41800,27.52
2012-10-09,28.71,28.75,28.01,28.32,95500,27.44
2012-10-08,29.05,29.12,28.69,28.86,95500,27.97
2012-10-05,29.81,29.85,29.10,29.17,98300,28.27
2012-10-04,29.89,29.89,29.16,29.78,92300,28.76
2012-10-03,29.90,30.00,29.61,29.70,138900,28.68
2012-10-02,30.00,30.01,29.50,29.90,92200,28.87
2012-10-01,29.55,30.20,29.55,29.81,95000,28.78
2012-09-28,29.67,29.68,29.16,29.43,115200,28.42
2012-09-27,30.20,30.21,29.71,29.88,82800,28.85
2012-09-26,30.07,30.30,29.86,29.99,167700,28.96
2012-09-25,30.24,30.80,29.90,29.96,225200,28.93
2012-09-24,30.00,30.21,29.85,29.98,182400,28.95
2012-09-21,30.67,30.67,30.00,30.15,174700,29.11
2012-09-20,30.32,30.38,30.07,30.23,57100,29.19
2012-09-19,30.79,30.99,30.41,30.47,81500,29.42
2012-09-18,31.10,31.35,30.69,30.76,253200,29.70
2012-09-17,30.85,31.23,30.65,31.22,78500,30.15
2012-09-14,31.26,31.62,30.92,31.03,263500,29.96
2012-09-13,30.93,31.62,30.57,31.03,140700,29.96
2012-09-12,31.04,31.04,30.56,30.90,141100,29.84
2012-09-11,31.00,31.20,30.79,31.05,55500,29.98
2012-09-10,31.02,31.02,30.43,30.90,137600,29.84
2012-09-07,30.94,31.18,30.56,31.06,79900,29.99
2012-09-06,30.23,31.22,30.14,30.87,105700,29.81
2012-09-05,30.27,30.30,29.82,30.15,133800,29.11
2012-09-04,30.28,30.71,29.54,30.43,111200,29.38
2012-08-31,30.68,30.68,30.11,30.37,95400,29.33
2012-08-30,30.14,30.62,30.13,30.35,88000,29.31
2012-08-29,30.03,30.50,30.03,30.33,116500,29.29
2012-08-28,30.22,30.27,29.83,30.15,127400,29.11
2012-08-27,29.95,30.23,29.82,30.03,157400,29.00
2012-08-24,29.61,30.22,29.59,29.82,160300,28.79
2012-08-23,29.01,29.90,29.01,29.76,255600,28.74
2012-08-22,29.00,29.37,27.82,28.98,221600,27.98
2012-08-21,32.11,32.11,28.94,29.15,527600,28.15
2012-08-20,33.08,33.08,31.71,32.11,196000,31.01
2012-08-17,31.94,33.13,31.93,33.08,86000,31.94
2012-08-16,31.52,32.30,31.41,32.00,126900,30.90
2012-08-15,32.14,32.17,31.28,31.51,112900,30.43
2012-08-14,32.85,32.98,32.08,32.35,60300,31.24
2012-08-13,32.22,32.68,31.51,32.65,88500,31.53
2012-08-10,32.94,33.13,32.19,32.41,60300,31.29
2012-08-09,33.09,33.27,32.86,33.01,48300,31.87
2012-08-08,33.00,33.37,32.95,33.03,84200,31.89
2012-08-07,33.87,33.89,33.07,33.29,87300,32.14
2012-08-06,34.12,34.53,33.40,33.48,75400,32.33
2012-08-03,33.54,34.61,33.11,33.98,99000,32.81
2012-08-02,32.58,33.14,32.12,33.07,87100,31.93
2012-08-01,33.06,33.68,32.56,32.59,118000,31.47
2012-07-31,33.83,34.25,32.63,32.73,158200,31.60
2012-07-30,34.59,34.59,33.44,33.91,59500,32.74
2012-07-27,32.28,35.16,32.11,34.38,175700,33.20
2012-07-26,33.91,33.91,31.64,32.01,174400,30.91
2012-07-25,67.87,67.87,66.26,66.47,100200,32.09
2012-07-24,68.60,68.60,66.60,67.11,75400,32.40
2012-07-23,67.79,69.26,67.00,68.18,111600,32.92
2012-07-20,69.41,69.92,68.61,69.07,78200,33.35
2012-07-19,70.87,70.87,69.72,70.19,54800,33.89
2012-07-18,69.94,70.74,68.80,70.70,110400,34.13
2012-07-17,71.70,71.82,69.76,70.05,120000,33.82
2012-07-16,74.07,74.07,71.16,71.37,85800,34.46
2012-07-13,72.81,75.46,72.81,74.21,65800,35.83
2012-07-12,70.63,73.11,69.50,72.73,65600,35.11
2012-07-11,72.00,72.31,70.79,71.57,62400,34.55
2012-07-10,74.10,74.61,71.35,71.70,81000,34.62
2012-07-09,72.31,73.79,72.11,73.24,88400,35.36
2012-07-06,71.67,72.97,71.56,72.69,114400,35.09
2012-07-05,71.75,73.07,71.67,72.71,66200,35.00
2012-07-03,70.97,72.35,70.38,72.07,58800,34.69
2012-07-02,69.96,71.01,67.75,71.01,105000,34.18
2012-06-29,69.92,70.45,68.94,69.59,146400,33.50
2012-06-28,67.55,68.41,65.41,68.39,65400,32.92
2012-06-27,66.74,68.83,66.74,68.44,73200,32.95
2012-06-26,66.97,67.65,66.50,66.74,114200,32.13
2012-06-25,65.58,67.86,65.58,66.95,56000,32.23
2012-06-22,66.06,67.15,65.97,66.94,138200,32.23
2012-06-21,68.10,68.28,65.43,65.60,67600,31.58
2012-06-20,70.00,70.08,68.05,68.37,50200,32.91
2012-06-19,67.91,70.92,67.91,70.29,109200,33.84
2012-06-18,66.69,68.75,66.69,67.75,102400,32.61
2012-06-15,67.26,67.92,67.18,67.21,166800,32.35
2012-06-14,66.31,67.93,66.31,67.49,79200,32.49
2012-06-13,67.90,68.97,66.03,66.40,104800,31.97
2012-06-12,67.28,68.16,66.59,68.16,58200,32.81
2012-06-11,69.16,69.16,66.62,66.62,100200,32.07
2012-06-08,67.47,68.90,66.93,68.04,99400,32.75
2012-06-07,69.04,69.25,67.30,67.52,112000,32.50
2012-06-06,66.58,68.19,66.58,68.03,59000,32.75
2012-06-05,64.69,66.79,64.63,66.21,102200,31.87
2012-06-04,65.40,65.58,64.10,65.38,62800,31.47
2012-06-01,64.71,66.53,64.71,65.27,84800,31.42
2012-05-31,65.74,66.86,64.86,66.62,96800,32.07
2012-05-30,66.76,67.16,65.60,65.85,94800,31.70
2012-05-29,67.62,69.00,66.65,67.39,77400,32.44
2012-05-25,67.75,67.77,66.75,67.19,66200,32.35
2012-05-24,67.73,68.75,65.79,67.66,102000,32.57
2012-05-23,64.91,67.75,64.91,67.52,146000,32.50
2012-05-22,64.54,67.80,64.51,65.95,106000,31.75
2012-05-21,63.96,65.61,62.58,64.39,169400,31.00
2012-05-18,58.32,64.73,57.17,63.29,311800,30.47
2012-05-17,59.77,60.25,58.34,58.34,185400,28.08
2012-05-16,60.24,60.24,58.62,58.88,51200,28.34
2012-05-15,60.23,60.51,58.80,59.73,102000,28.75
2012-05-14,59.54,60.95,59.19,60.06,59800,28.91
2012-05-11,60.81,61.58,59.91,60.57,89800,29.16
2012-05-10,62.29,62.29,60.59,61.34,192000,29.53
2012-05-09,61.78,62.40,61.50,61.51,110000,29.61
2012-05-08,61.50,62.96,61.50,62.82,70400,30.24
2012-05-07,61.78,62.28,61.46,61.82,62000,29.76
2012-05-04,62.48,62.70,61.16,61.97,128000,29.83
2012-05-03,63.38,63.67,62.31,62.97,120000,30.31
2012-05-02,61.36,64.10,61.21,63.68,172600,30.66
2012-05-01,60.03,62.69,60.00,62.09,210000,29.89
2012-04-30,60.72,61.12,60.18,60.25,84000,29.00
2012-04-27,58.97,61.28,58.72,60.97,80200,29.35
2012-04-26,58.59,58.97,58.26,58.95,55800,28.38
2012-04-25,59.58,59.58,58.18,58.84,69600,28.33
2012-04-24,56.98,58.84,56.98,58.57,55800,28.20
2012-04-23,57.69,57.97,56.70,57.14,82600,27.51
2012-04-20,59.37,59.58,58.18,59.01,116000,28.41
2012-04-19,58.61,59.36,56.82,57.63,104200,27.74
2012-04-18,60.08,60.71,58.04,58.46,86000,28.14
2012-04-17,60.26,61.67,60.01,60.53,68400,29.14
2012-04-16,59.46,60.19,58.89,59.67,51400,28.73
2012-04-13,60.35,60.73,58.82,58.92,78600,28.36
2012-04-12,58.80,60.92,58.52,60.78,99200,29.26
2012-04-11,57.20,58.86,57.06,58.83,100800,28.32
2012-04-10,58.69,58.69,56.31,56.47,123600,27.18
2012-04-09,59.79,60.52,58.44,58.59,125800,28.21
2012-04-05,61.26,61.92,60.81,61.23,167600,29.48
2012-04-04,61.81,62.25,61.13,61.48,111600,29.50
2012-04-03,63.30,63.32,62.05,62.70,172000,30.08
2012-04-02,60.90,63.87,60.69,63.31,160600,30.37
2012-03-30,60.89,61.28,60.00,61.01,115600,29.27
2012-03-29,59.60,60.46,59.10,60.16,82600,28.86
2012-03-28,61.61,61.61,59.56,60.27,71800,28.91
2012-03-27,62.53,63.13,61.19,61.37,64600,29.44
2012-03-26,60.51,62.39,60.37,62.24,105600,29.86
2012-03-23,58.74,60.22,58.44,59.87,62600,28.72
2012-03-22,59.32,60.09,58.40,58.82,110800,28.22
2012-03-21,60.57,60.73,59.83,60.17,53400,28.87
2012-03-20,60.07,61.01,59.97,60.50,119200,29.03
2012-03-19,60.23,61.56,60.22,60.77,139000,29.15
2012-03-16,61.66,61.66,59.98,60.09,207400,28.83
2012-03-15,60.23,61.50,59.75,61.37,136600,29.44
2012-03-14,63.50,63.50,58.58,59.91,181200,28.74
2012-03-13,64.01,64.99,62.12,63.83,170400,30.62
2012-03-12,61.70,61.82,60.94,61.43,46000,29.47
2012-03-09,59.84,61.81,59.84,61.26,57200,29.39
2012-03-08,59.39,60.04,58.86,59.92,63600,28.75
2012-03-07,59.49,60.08,58.63,58.98,67800,28.30
2012-03-06,59.09,60.26,58.66,59.45,143400,28.52
2012-03-05,58.43,60.72,58.29,59.88,131400,28.73
2012-03-02,62.32,62.48,58.46,58.69,216600,28.16
2012-03-01,63.73,64.10,62.00,62.08,160600,29.78
2012-02-29,65.80,66.20,63.04,63.05,142800,30.25
2012-02-28,67.14,67.57,65.06,65.62,60000,31.48
2012-02-27,65.77,66.87,65.05,66.74,39400,32.02
2012-02-24,67.82,67.84,66.37,66.65,43600,31.98
2012-02-23,66.17,67.96,65.53,67.82,61000,32.54
2012-02-22,66.52,66.96,65.92,65.98,34600,31.65
2012-02-21,67.99,68.39,66.36,66.85,41800,32.07
2012-02-17,67.76,67.87,67.15,67.87,45800,32.56
2012-02-16,64.63,67.88,64.36,67.82,82800,32.54
2012-02-15,66.27,66.58,64.58,64.79,64400,31.08
2012-02-14,66.93,67.01,65.65,65.96,42600,31.64
2012-02-13,66.78,67.46,65.96,67.35,76400,32.31
2012-02-10,65.95,66.54,65.23,65.71,58800,31.52
2012-02-09,68.80,68.91,66.74,66.74,53400,32.02
2012-02-08,68.82,68.93,67.47,68.69,31600,32.95
2012-02-07,68.02,69.18,67.05,68.73,35800,32.97
2012-02-06,69.10,69.71,67.54,67.97,39600,32.61
2012-02-03,69.48,71.12,68.71,69.72,147800,33.45
2012-02-02,67.31,69.06,67.00,67.95,112800,32.60
2012-02-01,65.56,68.15,64.75,67.55,135600,32.41
2012-01-31,65.29,65.60,64.24,64.89,64600,31.13
2012-01-30,64.83,65.22,63.85,64.72,59200,31.05
2012-01-27,64.19,65.62,63.82,65.61,48600,31.48
2012-01-26,65.49,65.74,63.69,64.69,65200,31.04
2012-01-25,64.70,65.38,63.65,65.15,50400,31.26
2012-01-24,64.55,65.74,64.24,64.78,73600,31.08
2012-01-23,65.80,66.09,64.58,65.08,47000,31.22
2012-01-20,64.92,66.38,64.73,65.94,49200,31.64
2012-01-19,65.45,65.45,64.72,65.12,27800,31.24
2012-01-18,64.31,65.40,62.99,65.29,56000,31.32
2012-01-17,65.90,66.41,64.11,64.23,91400,30.81
2012-01-13,64.24,65.48,64.22,64.96,69200,31.17
2012-01-12,64.50,65.94,63.00,65.35,68600,31.35
2012-01-11,63.80,64.81,63.75,64.46,75600,30.93
2012-01-10,67.19,67.28,63.63,64.08,111000,30.74
2012-01-09,66.91,69.30,65.64,65.93,456800,31.63
2012-01-06,65.24,68.23,64.60,66.36,326600,31.84
2012-01-05,64.36,65.70,63.50,65.10,105200,31.23
2012-01-04,62.94,64.86,62.32,64.74,114000,31.06
2012-01-03,63.85,64.11,62.12,63.32,94000,30.38
2011-12-30,62.35,62.86,61.60,61.90,98200,29.70
2011-12-29,60.90,62.93,58.84,62.60,71800,30.03
2011-12-28,62.33,62.79,60.31,60.46,73400,29.01
2011-12-27,61.97,62.97,61.28,62.47,64600,29.88
2011-12-23,63.39,63.39,61.23,62.17,52400,29.74
2011-12-22,63.19,63.93,61.79,62.97,76000,30.12
2011-12-21,64.89,64.89,61.73,63.08,93400,30.18
2011-12-20,62.25,65.65,60.94,64.93,189600,31.06
2011-12-19,59.10,61.05,59.10,60.79,301400,29.08
2011-12-16,59.67,60.67,58.20,58.58,192000,28.02
2011-12-15,58.30,59.08,57.43,58.95,62200,28.20
2011-12-14,57.21,58.27,56.81,57.32,84400,27.42
2011-12-13,59.70,59.90,57.23,57.73,60800,27.62
2011-12-12,59.49,59.49,58.47,59.17,86000,28.31
2011-12-09,58.58,61.18,58.58,60.65,87200,29.01
2011-12-08,59.01,59.85,58.17,58.21,112200,27.85
2011-12-07,59.45,60.39,58.28,59.56,71200,28.49
2011-12-06,60.03,60.84,59.50,59.99,81800,28.70
2011-12-05,61.43,61.43,59.57,60.09,131200,28.75
2011-12-02,59.73,60.90,59.41,60.12,139800,28.76
2011-12-01,59.34,60.17,58.46,58.53,141600,28.00
2011-11-30,57.98,60.32,57.04,60.24,263600,28.82
2011-11-29,54.84,55.80,54.50,55.04,88600,26.33
2011-11-28,52.94,54.70,51.62,54.68,149600,26.16
2011-11-25,51.09,52.04,50.18,50.62,97000,24.22
2011-11-23,54.79,55.75,51.00,51.21,168400,24.50
2011-11-22,58.00,58.99,55.00,55.27,167800,26.44
2011-11-21,58.94,60.24,58.01,58.01,81800,27.75
2011-11-18,61.31,61.50,60.37,60.60,49200,28.99
2011-11-17,60.87,62.60,60.81,61.28,95400,29.31
2011-11-16,61.53,63.50,60.85,60.87,73600,29.12
2011-11-15,59.96,62.90,59.96,62.71,98000,30.00
2011-11-14,61.00,61.00,59.46,60.11,61800,28.76
2011-11-11,59.41,61.38,59.34,61.18,79400,29.27
2011-11-10,59.65,59.87,58.40,58.78,61200,28.12
2011-11-09,60.78,61.32,58.11,58.11,96200,27.80
2011-11-08,61.77,62.85,60.98,62.69,73200,29.99
2011-11-07,60.35,61.13,58.07,61.01,66200,29.19
2011-11-04,62.01,62.01,59.84,60.71,67000,29.04
2011-11-03,61.15,62.87,59.58,62.69,83800,29.99
2011-11-02,58.94,60.39,57.91,60.07,97000,28.74
2011-11-01,59.52,60.15,57.04,57.64,132200,27.57
2011-10-31,60.40,61.93,59.56,60.01,97000,28.71
2011-10-28,62.72,63.43,61.50,61.78,124400,29.55
2011-10-27,62.22,64.88,60.85,63.16,272800,30.21
2011-10-26,59.37,60.93,57.01,60.08,130600,28.74
2011-10-25,60.41,60.90,58.06,58.51,88200,27.99
2011-10-24,60.12,61.98,60.01,60.99,110000,29.18
2011-10-21,59.97,60.25,58.52,60.10,120000,28.75
2011-10-20,57.29,58.86,56.15,58.57,123200,28.02
2011-10-19,60.28,60.95,56.92,57.08,199200,27.31
2011-10-18,57.42,61.15,57.01,60.59,135600,28.98
2011-10-17,61.07,61.07,57.04,57.34,152800,27.43
2011-10-14,59.02,61.49,58.00,61.04,154600,29.20
2011-10-13,57.84,58.18,56.40,57.98,86400,27.74
2011-10-12,55.55,58.63,55.55,58.27,210600,27.87
2011-10-11,54.36,55.46,53.38,55.32,149600,26.46
2011-10-10,52.44,54.86,51.49,54.84,153200,26.23
2011-10-07,51.81,52.71,49.39,51.29,126800,24.54
2011-10-06,50.04,51.94,48.63,51.76,115000,24.76
2011-10-05,48.24,50.41,47.34,50.06,95600,23.95
2011-10-04,45.39,48.56,45.39,47.99,196800,22.96
2011-10-03,47.54,49.18,45.86,45.88,156000,21.95
2011-09-30,48.57,50.46,48.13,48.20,137000,23.06
2011-09-29,49.47,49.71,47.81,49.65,129000,23.75
2011-09-28,51.50,51.50,47.55,47.85,142400,22.89
2011-09-27,51.61,53.52,50.46,51.50,118800,24.55
2011-09-26,49.25,50.55,48.01,50.37,59600,24.01
2011-09-23,48.05,49.97,47.86,48.64,130600,23.19
2011-09-22,47.18,48.73,46.54,48.00,228000,22.88
2011-09-21,50.96,51.73,49.01,49.20,148400,23.45
2011-09-20,52.42,52.42,50.33,50.88,134000,24.25
2011-09-19,51.63,52.45,50.68,52.16,85200,24.86
2011-09-16,52.20,52.85,51.84,52.82,130800,25.18
2011-09-15,52.38,52.44,50.73,51.75,76600,24.67
2011-09-14,50.02,52.47,48.88,51.62,156600,24.61
2011-09-13,48.61,49.90,48.09,49.38,131000,23.54
2011-09-12,46.68,48.89,46.68,48.41,79800,23.08
2011-09-09,48.99,48.99,46.62,47.51,167200,22.65
2011-09-08,51.09,51.67,49.10,49.54,86400,23.62
2011-09-07,50.68,51.76,50.27,51.46,99200,24.53
2011-09-06,48.14,50.15,48.00,49.63,104400,23.66
2011-09-02,51.38,52.39,49.70,50.14,125200,23.90
2011-09-01,54.54,55.17,52.10,52.94,130400,25.24
2011-08-31,55.71,55.71,53.36,54.33,100400,25.90
2011-08-30,54.55,55.83,53.49,55.42,63400,26.42
2011-08-29,53.25,55.05,52.65,54.96,115200,26.20
2011-08-26,50.59,53.09,50.41,52.60,126800,25.07
2011-08-25,54.93,54.93,50.81,50.95,122000,24.29
2011-08-24,52.68,54.71,52.44,54.54,143400,26.00
2011-08-23,47.39,53.14,47.26,52.94,239000,25.24
2011-08-22,46.86,49.33,45.71,47.08,128400,22.44
2011-08-19,44.30,47.05,44.30,45.28,125000,21.59
2011-08-18,46.82,47.76,44.18,44.56,153800,21.24
2011-08-17,48.49,49.61,48.00,48.76,69800,23.24
2011-08-16,49.14,49.82,47.49,48.08,99200,22.92
2011-08-15,49.09,50.20,48.59,49.61,66800,23.65
2011-08-12,48.78,48.92,47.13,48.29,77800,23.02
2011-08-11,45.23,48.99,45.01,48.14,142200,22.95
2011-08-10,47.57,48.33,44.45,44.76,140400,21.34
2011-08-09,47.90,51.39,43.41,49.23,298000,23.47
2011-08-08,49.36,52.81,46.19,46.24,321400,22.04
2011-08-05,50.08,51.56,48.10,51.44,173600,24.52
2011-08-04,51.09,52.10,49.38,49.38,111600,23.54
2011-08-03,51.47,52.56,49.54,51.97,75400,24.77
2011-08-02,52.01,53.62,51.22,51.25,104200,24.43
2011-08-01,53.67,53.77,51.88,52.58,97400,25.07
2011-07-29,50.88,53.08,50.84,52.83,60400,25.18
2011-07-28,51.99,52.90,51.40,51.74,48800,24.66
2011-07-27,53.82,54.55,51.66,51.79,105400,24.69
2011-07-26,55.89,55.89,54.02,54.15,50800,25.81
2011-07-25,56.20,57.30,55.40,55.93,59000,26.66
2011-07-22,56.81,57.40,55.74,56.82,32400,27.09
2011-07-21,55.99,56.98,55.28,56.75,75600,27.05
2011-07-20,56.75,56.75,55.28,55.68,33800,26.54
2011-07-19,55.11,57.35,55.00,56.87,73000,27.11
2011-07-18,55.31,55.36,54.00,54.61,47000,26.03
2011-07-15,55.66,56.44,55.17,55.51,90600,26.46
2011-07-14,56.25,56.75,54.87,55.50,58000,26.46
2011-07-13,56.84,57.26,55.39,56.22,93400,26.80
2011-07-12,56.49,57.48,56.06,56.22,66200,26.80
2011-07-11,57.88,58.19,56.72,56.93,61400,27.14
2011-07-08,58.30,58.98,57.63,58.69,46800,27.98
2011-07-07,58.80,59.60,57.63,59.49,92400,28.36
2011-07-06,56.94,58.00,56.90,57.96,68600,27.63
2011-07-05,56.81,57.17,56.00,57.11,68800,27.22
2011-07-01,55.81,57.26,54.00,56.81,99600,27.08
2011-06-30,55.20,56.44,55.20,55.71,60000,26.56
2011-06-29,55.19,55.35,54.44,54.97,54600,26.20
2011-06-28,54.54,55.22,53.89,55.17,130000,26.30
2011-06-27,53.51,54.70,53.24,54.58,75600,25.93
2011-06-24,53.97,54.75,52.54,53.26,457600,25.31
2011-06-23,52.35,54.04,51.92,53.99,94200,25.65
2011-06-22,53.67,54.52,53.25,53.25,59400,25.30
2011-06-21,53.10,54.18,53.10,54.02,106800,25.67
2011-06-20,51.93,52.81,51.93,52.76,73200,25.07
2011-06-17,52.24,53.11,51.23,52.15,151200,24.78
2011-06-16,50.85,52.23,50.00,51.88,122600,24.65
2011-06-15,51.00,51.60,50.44,50.83,100200,24.15
2011-06-14,50.59,52.01,50.23,51.61,93400,24.52
2011-06-13,50.24,50.54,49.35,50.12,88000,23.81
2011-06-10,51.08,51.52,49.76,49.96,111600,23.74
2011-06-09,50.76,52.09,50.72,51.55,73800,24.49
2011-06-08,50.21,50.87,50.21,50.60,80600,24.04
2011-06-07,50.78,51.18,50.20,50.60,76000,24.04
2011-06-06,50.75,50.99,50.03,50.37,129800,23.93
2011-06-03,51.15,52.03,50.31,50.71,114000,24.09
2011-06-02,52.34,53.18,51.50,52.10,75600,24.75
2011-06-01,55.65,56.00,52.10,52.26,248000,24.83
2011-05-31,55.88,56.00,55.02,56.00,191600,26.61
2011-05-27,54.72,55.43,54.45,55.17,72400,26.21
2011-05-26,53.74,54.75,52.03,54.32,68000,25.81
2011-05-25,51.70,54.63,51.70,54.05,88200,25.68
2011-05-24,53.41,54.24,51.48,51.89,110600,24.65
2011-05-23,54.15,54.67,52.81,53.06,80600,25.21
2011-05-20,55.34,56.05,54.24,55.10,125200,26.18
2011-05-19,53.09,56.80,51.72,56.08,208200,26.65
2011-05-18,51.02,52.07,50.89,51.71,80800,24.57
2011-05-17,50.10,50.94,49.51,50.67,78800,24.07
2011-05-16,51.44,51.79,50.18,50.28,68800,23.89
2011-05-13,53.23,53.97,51.56,51.72,48000,24.57
2011-05-12,53.27,53.27,51.62,53.05,44400,25.21
2011-05-11,53.82,54.26,51.96,52.68,132200,25.03
2011-05-10,53.85,54.60,53.47,53.86,66600,25.59
2011-05-09,52.51,53.75,52.42,53.52,42000,25.43
2011-05-06,52.71,53.44,51.53,52.52,74000,24.95
2011-05-05,52.05,54.35,51.50,51.87,102600,24.65
2011-05-04,50.78,52.89,50.01,52.34,150800,24.87
2011-05-03,52.76,53.19,50.55,50.78,160000,24.13
2011-05-02,54.12,54.49,52.46,52.89,106000,25.13
2011-04-29,53.47,54.63,53.25,54.36,280000,25.83
2011-04-28,52.43,53.45,52.33,53.44,134000,25.39
2011-04-27,52.98,53.33,52.34,52.74,116000,25.06
2011-04-26,52.47,54.00,52.03,52.98,146200,25.17
2011-04-25,52.74,53.20,51.88,52.41,149200,24.90
2011-04-21,54.46,54.46,51.54,53.02,174800,25.19
2011-04-20,53.83,54.60,53.46,53.92,93800,25.62
2011-04-19,54.42,54.68,52.35,52.82,130000,25.10
2011-04-18,54.22,54.43,53.13,54.29,106000,25.79
2011-04-15,54.81,55.49,54.04,55.33,137600,26.29
2011-04-14,55.00,55.42,53.89,55.08,144400,26.17
2011-04-13,56.59,56.97,55.33,55.40,170800,26.32
2011-04-12,57.67,57.83,56.06,56.19,68400,26.70
2011-04-11,57.97,59.80,57.65,58.15,151400,27.63
2011-04-08,58.60,59.47,56.96,57.85,102800,27.49
2011-04-07,59.99,59.99,58.75,58.95,58200,28.01
2011-04-06,60.00,60.02,59.42,60.00,43800,28.51
2011-04-05,59.54,60.00,58.60,59.91,84200,28.47
2011-04-04,59.77,60.20,59.19,59.34,105800,28.19
2011-04-01,61.91,61.91,59.17,59.41,204400,28.23
2011-03-31,60.51,61.92,60.51,61.42,110400,29.18
2011-03-30,59.95,61.27,59.95,60.50,115600,28.75
2011-03-29,59.56,60.51,59.27,59.92,117200,28.47
2011-03-28,58.78,60.06,58.63,59.80,138200,28.33
2011-03-25,59.46,60.30,58.57,58.65,125600,27.78
2011-03-24,58.97,59.21,58.22,58.98,83600,27.94
2011-03-23,58.02,58.99,57.04,58.58,76600,27.75
2011-03-22,56.80,58.14,56.65,57.90,153200,27.43
2011-03-21,54.92,56.55,54.76,56.54,113600,26.78
2011-03-18,54.13,54.67,53.59,54.18,179400,25.67
2011-03-17,55.25,55.25,53.33,53.53,158800,25.36
2011-03-16,55.74,55.74,53.73,53.91,116400,25.54
2011-03-15,52.02,56.42,52.02,55.90,177200,26.48
2011-03-14,53.49,54.49,53.40,54.13,77000,25.64
2011-03-11,52.93,54.57,52.93,54.08,114600,25.62
2011-03-10,55.43,56.55,53.10,53.50,157600,25.34
2011-03-09,55.46,56.44,54.72,54.75,83200,25.94
2011-03-08,54.06,56.55,54.03,55.69,119800,26.38
2011-03-07,54.82,55.31,53.50,54.10,206000,25.63
2011-03-04,55.22,55.22,53.75,54.66,46200,25.89
2011-03-03,55.00,55.69,54.50,55.00,106400,26.05
2011-03-02,53.47,54.83,53.01,54.12,105600,25.64
2011-03-01,54.47,54.84,53.25,53.60,248800,25.39
2011-02-28,54.72,54.88,53.28,54.26,88000,25.70
2011-02-25,51.42,54.15,51.24,54.05,123800,25.60
2011-02-24,51.80,52.26,50.45,51.37,102800,24.33
2011-02-23,52.82,53.31,51.29,51.32,251800,24.31
2011-02-22,53.05,54.28,52.56,52.67,158600,24.95
2011-02-18,52.91,53.98,52.33,53.97,192000,25.57
2011-02-17,52.06,52.73,52.02,52.62,101000,24.93
2011-02-16,52.60,53.05,51.87,52.35,70600,24.80
2011-02-15,52.00,52.82,51.82,52.51,91200,24.87
2011-02-14,52.71,53.20,51.82,52.29,103400,24.77
2011-02-11,52.07,53.15,51.99,52.56,168600,24.90
2011-02-10,52.11,53.00,51.82,52.29,186000,24.77
2011-02-09,53.24,53.80,51.82,52.42,89200,24.83
2011-02-08,52.43,53.62,51.79,53.62,92800,25.40
2011-02-07,50.32,53.14,50.32,52.77,159200,25.00
2011-02-04,49.68,50.56,49.56,50.42,71600,23.88
2011-02-03,50.34,50.77,49.00,49.85,76600,23.61
2011-02-02,49.80,52.03,49.80,50.25,134600,23.80
2011-02-01,47.67,50.50,47.19,50.12,160000,23.74
2011-01-31,47.24,47.34,45.22,47.24,142800,22.38
2011-01-28,47.64,47.81,45.05,45.42,106200,21.52
2011-01-27,47.52,47.83,47.04,47.56,46800,22.53
2011-01-26,47.18,47.83,46.56,47.58,119000,22.54
2011-01-25,47.76,47.87,46.01,46.93,98600,22.23
2011-01-24,46.82,48.29,46.28,47.95,149800,22.71
2011-01-21,47.84,47.84,46.46,46.65,106800,22.10
2011-01-20,47.08,47.96,46.43,47.60,75800,22.55
2011-01-19,48.67,48.93,47.31,47.38,63400,22.44
2011-01-18,48.64,49.17,48.07,48.84,64800,23.14
2011-01-14,47.95,49.17,47.41,49.04,192800,23.23
2011-01-13,47.53,48.12,47.45,47.93,41000,22.70
2011-01-12,48.70,48.87,47.63,47.99,72200,22.73
2011-01-11,47.45,48.49,46.99,48.40,101400,22.93
2011-01-10,46.75,47.45,46.35,47.31,41600,22.41
2011-01-07,47.74,47.74,45.84,46.96,55600,22.24
2011-01-06,47.78,47.89,47.15,47.57,24800,22.53
2011-01-05,47.14,47.87,46.72,47.85,32600,22.67
2011-01-04,48.42,48.49,46.75,47.12,117600,22.32
2011-01-03,48.04,48.32,47.92,48.16,102000,22.81
2010-12-31,48.01,48.42,47.44,47.69,33800,22.59
2010-12-30,48.40,48.87,48.15,48.19,36200,22.83
2010-12-29,48.04,48.49,48.00,48.21,22400,22.84
2010-12-28,47.55,48.31,47.27,47.97,37000,22.65
2010-12-27,45.96,47.85,45.96,47.63,116000,22.49
2010-12-23,47.95,48.71,46.65,47.07,112600,22.22
2010-12-22,49.50,49.50,47.07,47.75,201800,22.54
2010-12-21,48.15,49.59,47.97,49.32,56800,23.28
2010-12-20,45.60,48.88,45.60,47.79,79800,22.56
2010-12-17,49.04,49.04,47.50,48.11,193800,22.71
2010-12-16,47.41,49.45,47.05,49.10,115000,23.18
2010-12-15,46.86,48.51,46.45,47.35,101600,22.35
2010-12-14,46.29,46.99,46.16,46.81,53600,22.10
2010-12-13,46.80,47.04,45.58,46.00,66800,21.72
2010-12-10,46.09,46.48,45.66,46.47,85600,21.94
2010-12-09,46.46,46.75,45.49,45.86,76800,21.65
2010-12-08,46.67,47.21,45.61,45.85,115400,21.65
2010-12-07,47.08,47.25,46.07,46.44,118400,21.93
2010-12-06,45.33,46.96,45.33,46.65,74000,22.02
2010-12-03,46.41,46.94,46.08,46.62,64400,22.01
2010-12-02,45.39,47.01,45.25,46.89,76200,22.14
2010-12-01,45.35,45.54,44.96,45.51,94600,21.49
2010-11-30,43.65,44.50,42.98,44.40,171400,20.96
2010-11-29,44.41,44.41,42.93,44.09,56800,20.82
2010-11-26,44.46,45.34,44.12,44.73,20600,21.12
2010-11-24,43.91,45.00,43.90,44.91,71400,21.20
2010-11-23,41.54,43.56,41.11,43.40,70800,20.49
2010-11-22,44.05,44.67,41.44,41.96,120000,19.81
2010-11-19,42.03,42.03,41.47,41.86,74800,19.76
2010-11-18,41.81,42.85,41.15,42.00,81800,19.83
2010-11-17,41.96,42.29,40.73,41.32,55400,19.51
2010-11-16,42.27,42.31,41.08,41.96,62400,19.81
2010-11-15,43.65,43.90,42.76,42.76,85800,20.19
2010-11-12,44.40,44.57,43.03,43.16,61800,20.38
2010-11-11,45.03,45.35,44.89,44.95,48400,21.22
2010-11-10,45.39,45.85,44.15,45.67,77400,21.56
2010-11-09,45.50,45.89,44.82,45.14,48200,21.31
2010-11-08,44.96,45.69,44.87,45.56,31800,21.51
2010-11-05,45.55,45.55,45.02,45.30,62600,21.39
2010-11-04,43.52,45.44,43.10,45.39,110200,21.43
2010-11-03,42.25,42.78,41.94,42.76,62400,20.19
2010-11-02,41.28,42.27,40.80,42.27,73200,19.96
2010-11-01,41.40,42.00,40.01,40.64,49800,19.19
2010-10-29,40.04,41.19,40.04,41.12,42000,19.41
2010-10-28,41.67,41.75,40.88,40.95,41800,19.33
2010-10-27,41.30,41.55,40.12,41.23,42200,19.47
2010-10-26,41.38,41.88,40.93,41.63,39800,19.65
2010-10-25,41.02,42.11,41.02,41.85,39600,19.76
2010-10-22,41.48,41.48,40.41,40.80,51800,19.26
2010-10-21,41.52,41.90,40.41,41.05,60400,19.38
2010-10-20,40.42,41.46,39.92,41.17,35200,19.44
2010-10-19,40.17,41.01,39.45,40.06,69200,18.91
2010-10-18,40.51,41.03,40.10,40.97,53600,19.34
2010-10-15,40.59,40.59,39.33,40.28,114800,19.02
2010-10-14,39.52,40.30,39.33,39.81,48000,18.80
2010-10-13,38.12,39.97,38.01,39.69,87600,18.74
2010-10-12,37.82,38.16,37.13,38.02,49600,17.95
2010-10-11,38.06,38.60,37.75,38.06,52600,17.97
2010-10-08,37.80,38.49,37.00,38.12,53000,18.00
2010-10-07,37.90,38.23,37.49,37.68,28200,17.79
2010-10-06,37.78,37.79,37.01,37.50,75000,17.70
2010-10-05,36.70,38.01,36.49,37.98,102200,17.93
2010-10-04,36.62,38.15,36.33,36.38,106000,17.18
2010-10-01,38.24,38.71,37.68,38.36,50000,18.11
2010-09-30,37.85,37.99,36.75,37.89,93800,17.89
2010-09-29,37.15,37.44,36.60,37.17,49400,17.55
2010-09-28,36.33,37.42,35.53,37.39,50800,17.65
2010-09-27,36.69,36.69,35.50,36.34,61200,17.08
2010-09-24,34.61,36.75,34.29,36.59,115000,17.20
2010-09-23,34.93,35.28,33.88,34.01,62600,15.99
2010-09-22,35.61,35.90,35.00,35.32,46000,16.60
2010-09-21,36.25,36.31,35.26,35.86,53600,16.86
2010-09-20,34.35,36.54,34.04,36.47,116400,17.14
2010-09-17,34.89,34.89,34.01,34.31,122200,16.13
2010-09-16,35.27,35.30,34.23,34.42,29200,16.18
2010-09-15,35.25,35.74,35.03,35.54,34400,16.71
2010-09-14,35.60,36.24,35.17,35.34,73400,16.61
2010-09-13,34.43,35.95,34.20,35.62,102400,16.74
2010-09-10,35.17,35.57,35.00,35.41,48600,16.06
2010-09-09,35.86,35.86,34.80,35.17,43800,15.95
2010-09-08,35.16,35.75,35.15,35.49,42200,16.09
2010-09-07,35.45,35.76,34.95,35.02,72400,15.88
2010-09-03,35.25,35.67,34.85,35.46,78600,16.08
2010-09-02,34.88,35.09,34.48,34.89,50000,15.82
2010-09-01,34.35,35.42,34.28,35.03,83800,15.88
2010-08-31,34.18,34.30,33.38,33.71,61800,15.29
2010-08-30,34.49,34.75,33.90,34.10,84600,15.46
2010-08-27,34.31,34.71,33.35,34.55,84400,15.67
2010-08-26,34.18,34.54,33.67,33.77,87600,15.31
2010-08-25,31.70,34.96,31.70,34.03,186000,15.43
2010-08-24,30.76,32.15,30.76,31.48,153200,14.27
2010-08-23,31.35,31.85,30.81,31.16,126600,14.13
2010-08-20,31.28,31.36,30.00,30.97,113200,14.04
2010-08-19,32.64,32.75,31.52,31.52,89800,14.29
2010-08-18,32.61,32.95,32.24,32.85,50800,14.90
2010-08-17,33.09,33.12,32.25,32.75,77800,14.85
2010-08-16,32.03,32.78,32.03,32.54,88600,14.76
2010-08-13,32.75,32.97,31.87,32.31,78800,14.65
2010-08-12,31.60,33.20,31.60,32.96,115400,14.95
2010-08-11,33.69,33.96,31.84,31.94,101000,14.48
2010-08-10,35.10,35.21,34.33,34.51,61200,15.65
2010-08-09,35.12,35.94,34.91,35.66,43600,16.17
2010-08-06,35.01,35.40,33.87,34.75,68400,15.76
2010-08-05,36.24,36.52,35.31,35.46,73400,16.08
2010-08-04,35.55,36.75,35.55,36.65,87400,16.62
2010-08-03,35.00,35.91,35.00,35.43,73600,16.07
2010-08-02,35.55,36.02,35.06,35.20,102200,15.96
2010-07-30,34.88,35.78,34.56,35.03,89000,15.88
2010-07-29,35.92,36.30,35.05,35.53,51200,16.11
2010-07-28,36.92,36.92,35.62,35.69,66400,16.18
2010-07-27,37.23,37.83,36.72,37.02,82600,16.79
2010-07-26,36.51,37.37,36.08,37.07,100800,16.81
2010-07-23,34.41,36.26,34.41,36.16,83400,16.40
2010-07-22,33.53,34.78,33.43,34.69,135200,15.73
2010-07-21,34.31,34.45,32.86,32.92,127600,14.93
2010-07-20,33.03,33.99,32.98,33.97,64600,15.40
2010-07-19,33.50,33.71,32.93,33.55,46800,15.21
2010-07-16,34.25,34.53,33.39,33.48,118400,15.18
2010-07-15,34.66,34.80,34.10,34.63,77600,15.70
2010-07-14,34.32,34.64,34.09,34.52,58400,15.65
2010-07-13,33.98,34.69,33.75,34.57,110400,15.68
2010-07-12,33.98,34.28,33.28,33.37,59000,15.13
2010-07-09,34.27,34.45,33.71,34.21,70000,15.51
2010-07-08,34.73,34.73,33.50,34.24,111400,15.53
2010-07-07,33.25,34.46,33.25,34.38,82800,15.59
2010-07-06,34.00,34.22,32.69,33.01,106600,14.97
2010-07-02,34.04,34.59,33.18,33.58,100200,15.23
2010-07-01,33.93,34.45,32.67,33.67,87200,15.27
2010-06-30,34.43,34.81,33.61,33.71,91800,15.29
2010-06-29,35.61,35.70,33.90,34.32,158000,15.56
2010-06-28,36.94,37.11,36.25,36.36,47600,16.49
2010-06-25,36.55,37.28,36.26,37.06,172200,16.73
2010-06-24,36.31,36.96,35.74,36.26,56000,16.37
2010-06-23,36.83,37.20,36.17,36.70,64000,16.57
2010-06-22,37.09,37.80,36.69,36.99,123200,16.70
2010-06-21,37.52,38.18,36.30,36.83,97800,16.63
2010-06-18,37.49,37.53,36.81,37.08,244200,16.74
2010-06-17,36.47,37.47,36.02,37.21,136800,16.80
2010-06-16,35.35,36.52,35.35,36.14,60200,16.32
2010-06-15,35.03,35.81,34.70,35.62,98200,16.08
2010-06-14,34.91,35.29,34.34,34.56,68800,15.60
2010-06-11,33.64,34.73,33.55,34.67,44600,15.65
2010-06-10,34.02,34.34,33.43,34.12,70800,15.40
2010-06-09,33.72,34.41,32.84,33.31,78400,15.04
2010-06-08,32.86,33.74,32.75,33.36,76800,15.06
2010-06-07,33.50,33.71,32.73,32.79,104000,14.80
2010-06-04,34.74,34.96,33.01,33.17,134000,14.98
2010-06-03,34.25,34.97,33.78,34.88,125400,15.75
2010-06-02,33.94,34.43,33.37,34.43,212000,15.54
2010-06-01,35.25,35.47,33.80,33.87,133800,15.29
2010-05-28,35.75,36.07,34.76,35.42,132800,15.99
2010-05-27,36.08,36.63,35.44,35.77,330600,16.15
2010-05-26,35.18,37.07,34.96,35.72,175600,16.13
2010-05-25,34.48,35.58,33.39,34.96,132400,15.78
2010-05-24,36.76,37.49,35.15,35.20,210600,15.89
2010-05-21,32.67,36.99,32.67,36.68,270200,16.56
2010-05-20,32.10,33.95,32.10,32.72,239800,14.77
2010-05-19,32.82,33.73,32.64,32.85,95600,14.83
2010-05-18,33.99,34.38,32.88,33.02,82200,14.91
2010-05-17,33.58,33.93,32.50,33.85,59000,15.28
2010-05-14,33.38,33.61,32.40,33.24,119000,15.01
2010-05-13,33.90,34.09,33.14,33.67,54800,15.20
2010-05-12,32.15,34.28,32.01,34.11,135800,15.40
2010-05-11,31.32,32.72,30.91,32.15,93200,14.52
2010-05-10,30.55,31.97,30.55,31.78,101800,14.35
2010-05-07,29.55,30.50,29.07,29.35,121200,13.25
2010-05-06,30.53,30.63,28.66,29.53,132400,13.33
2010-05-05,30.71,31.21,30.41,30.57,59800,13.80
2010-05-04,30.98,31.49,30.40,30.77,89800,13.89
2010-05-03,30.61,31.86,30.52,31.53,67400,14.24
2010-04-30,31.64,31.79,30.30,30.36,67800,13.71
2010-04-29,31.37,31.65,30.93,31.63,70600,14.28
2010-04-28,30.75,31.39,30.54,30.85,30000,13.93
2010-04-27,30.78,31.43,30.09,30.46,55400,13.75
2010-04-26,30.85,31.45,30.39,31.01,41800,14.00
2010-04-23,31.14,31.17,30.71,30.98,37600,13.99
2010-04-22,30.50,31.20,30.28,31.17,29800,14.07
2010-04-21,30.83,30.98,30.50,30.93,65800,13.96
2010-04-20,30.48,31.12,30.43,31.04,40400,14.01
2010-04-19,29.81,30.74,29.81,30.24,104600,13.65
2010-04-16,29.61,30.17,29.15,30.04,109600,13.56
2010-04-15,28.86,29.62,28.86,29.62,83400,13.37
2010-04-14,28.75,29.00,28.58,28.80,73000,13.00
2010-04-13,28.38,28.69,28.25,28.50,45600,12.87
2010-04-12,28.39,29.28,28.19,28.37,54200,12.81
2010-04-09,28.92,28.92,28.00,28.36,67600,12.80
2010-04-08,28.96,29.19,28.33,28.84,98600,13.02
2010-04-07,29.67,29.76,28.62,29.01,103000,13.10
2010-04-06,29.80,29.96,29.50,29.79,48800,13.45
2010-04-05,29.60,30.01,29.44,29.90,78600,13.50
2010-04-01,29.69,29.95,28.88,29.40,178600,13.27
2010-03-31,29.57,30.09,29.48,29.49,77400,13.31
2010-03-30,29.65,30.14,29.65,29.78,46800,13.45
2010-03-29,29.70,30.19,29.60,29.70,171000,13.41
2010-03-26,30.17,30.54,29.57,29.70,31200,13.34
2010-03-25,30.56,31.27,30.05,30.14,59000,13.53
2010-03-24,30.66,31.05,29.82,30.43,44800,13.66
2010-03-23,30.75,31.00,30.11,30.90,50200,13.88
2010-03-22,30.40,30.92,30.13,30.75,50200,13.81
2010-03-19,30.44,30.70,30.06,30.58,137600,13.73
2010-03-18,29.61,30.43,29.61,30.26,27400,13.59
2010-03-17,29.60,30.24,29.36,30.09,48800,13.51
2010-03-16,29.26,29.56,29.07,29.55,86200,13.27
2010-03-15,29.99,30.44,28.82,29.02,97400,13.03
2010-03-12,31.61,31.61,30.36,30.63,61800,13.75
2010-03-11,30.80,30.80,30.14,30.58,99200,13.73
2010-03-10,31.14,31.25,30.76,31.10,70600,13.97
2010-03-09,31.03,31.33,31.02,31.23,48400,14.02
2010-03-08,31.09,31.24,30.96,31.24,61000,14.03
2010-03-05,31.30,31.30,30.92,31.19,72400,14.01
2010-03-04,31.01,31.25,31.01,31.21,70000,14.02
2010-03-03,31.25,31.26,31.00,31.03,96400,13.93
2010-03-02,30.81,31.12,30.80,31.10,119000,13.97
2010-03-01,29.57,31.19,29.57,30.78,119600,13.82
2010-02-26,29.58,29.58,28.96,29.30,80400,13.16
2010-02-25,29.51,29.91,29.45,29.62,30000,13.30
2010-02-24,30.00,30.33,29.72,30.00,50800,13.47
2010-02-23,29.80,30.00,29.49,29.90,69400,13.43
2010-02-22,30.15,30.15,29.88,29.91,31000,13.43
2010-02-19,30.77,30.84,29.80,29.96,103000,13.45
2010-02-18,30.42,30.86,29.80,30.84,56400,13.85
2010-02-17,30.05,30.44,29.90,30.39,73400,13.65
2010-02-16,29.09,29.64,28.95,29.63,46000,13.31
2010-02-12,28.25,29.00,28.25,28.98,62600,13.01
2010-02-11,27.64,28.61,27.52,28.54,57200,12.82
2010-02-10,27.33,27.84,26.77,27.82,40400,12.49
2010-02-09,27.65,27.76,27.15,27.53,37000,12.36
2010-02-08,27.53,27.91,27.30,27.37,48200,12.29
2010-02-05,26.81,27.65,26.54,27.62,93800,12.40
2010-02-04,28.04,28.04,26.60,26.67,106200,11.98
2010-02-03,28.22,28.75,27.94,28.19,73000,12.66
2010-02-02,28.35,28.77,28.05,28.27,69400,12.69
2010-02-01,28.64,28.70,27.96,28.40,43000,12.75
2010-01-29,28.63,29.13,28.48,28.58,88200,12.83
2010-01-28,29.02,29.04,28.07,28.51,74400,12.80
2010-01-27,27.87,28.93,27.86,28.87,71800,12.96
2010-01-26,29.00,29.16,27.99,28.02,52600,12.58
2010-01-25,29.65,29.68,28.43,29.20,51000,13.11
2010-01-22,29.60,30.01,29.25,29.28,82600,13.15
2010-01-21,30.52,30.97,29.56,29.80,88600,13.38
2010-01-20,31.84,31.84,30.00,31.00,62200,13.92
2010-01-19,31.88,32.26,31.02,32.22,188600,14.47
2010-01-15,31.89,32.11,31.42,31.77,121200,14.27
2010-01-14,31.87,32.01,31.20,31.74,50400,14.25
2010-01-13,31.64,32.27,31.63,32.16,99400,14.44
2010-01-12,31.21,31.74,30.93,31.60,105000,14.19
2010-01-11,31.82,31.93,31.26,31.39,84000,14.10
2010-01-08,31.47,31.59,31.20,31.54,66600,14.16
2010-01-07,31.48,31.69,30.52,31.68,71200,14.23
2010-01-06,32.16,32.24,30.99,31.77,75800,14.27
2010-01-05,32.93,33.18,31.92,32.15,50800,14.44
2010-01-04,32.28,33.17,31.68,32.93,53200,14.79
2009-12-31,32.40,32.55,31.69,31.69,57800,14.23
2009-12-30,32.35,32.49,31.98,32.49,48400,14.59
2009-12-29,32.93,33.04,32.27,32.47,58400,14.58
2009-12-28,32.46,33.12,32.45,32.75,44400,14.71
2009-12-24,32.45,33.12,32.40,32.85,22400,14.75
2009-12-23,32.36,32.62,32.07,32.39,52000,14.55
2009-12-22,32.25,32.43,32.00,32.21,69600,14.46
2009-12-21,32.37,32.47,32.05,32.28,86600,14.43
2009-12-18,32.44,32.50,31.71,32.26,347800,14.42
2009-12-17,32.35,32.40,31.96,32.06,99600,14.33
2009-12-16,32.40,32.48,31.86,32.47,101200,14.52
2009-12-15,32.02,32.36,32.00,32.05,87800,14.33
2009-12-14,31.49,32.48,31.22,32.31,84200,14.45
2009-12-11,31.00,31.41,30.87,31.40,80400,14.04
2009-12-10,30.46,31.00,30.20,30.93,107000,13.83
2009-12-09,30.05,30.46,29.82,30.42,68000,13.60
2009-12-08,30.17,30.50,29.76,29.94,95200,13.39
2009-12-07,30.13,30.28,29.56,30.25,170400,13.53
2009-12-04,29.14,30.11,29.14,30.05,113000,13.44
2009-12-03,28.43,29.50,28.24,28.59,183400,12.78
2009-12-02,27.02,28.57,26.90,28.24,169400,12.63
2009-12-01,27.24,27.30,26.40,26.93,183200,12.04
2009-11-30,27.02,27.28,25.85,26.99,153800,12.07
2009-11-27,26.85,27.56,26.64,27.14,64400,12.13
2009-11-25,28.59,28.59,27.85,27.89,42600,12.47
2009-11-24,28.84,28.84,28.15,28.54,68200,12.76
2009-11-23,27.32,28.97,27.32,28.84,127800,12.89
2009-11-20,27.19,27.19,26.52,27.00,123400,12.07
2009-11-19,26.83,27.14,26.01,26.35,131600,11.78
2009-11-18,27.00,27.15,26.13,27.14,72400,12.13
2009-11-17,27.47,27.65,26.46,27.14,48600,12.13
2009-11-16,26.80,27.93,26.50,27.69,116800,12.38
2009-11-13,26.01,26.94,25.05,26.56,103800,11.88
2009-11-12,26.24,26.98,25.42,25.99,142600,11.62
2009-11-11,26.07,26.44,25.85,26.37,93000,11.79
2009-11-10,25.82,26.13,25.75,25.96,72000,11.61
2009-11-09,25.62,26.11,24.77,26.10,56400,11.67
2009-11-06,25.13,25.52,24.93,25.31,54400,11.32
2009-11-05,24.73,25.64,24.73,25.51,66000,11.41
2009-11-04,24.93,25.12,24.36,24.53,92200,10.97
2009-11-03,24.05,24.88,24.05,24.82,100600,11.10
2009-11-02,25.34,25.39,24.04,24.63,61000,11.01
2009-10-30,25.42,25.58,24.47,24.70,127800,11.04
2009-10-29,25.30,26.16,25.00,25.71,121000,11.50
2009-10-28,25.79,26.17,25.09,25.11,112400,11.23
2009-10-27,26.05,26.53,25.86,26.05,92000,11.65
2009-10-26,26.56,26.84,25.66,25.92,87800,11.59
2009-10-23,27.65,27.75,26.24,26.57,154800,11.88
2009-10-22,27.19,27.70,26.76,27.57,64200,12.33
2009-10-21,27.30,28.35,27.30,27.34,99200,12.22
2009-10-20,27.89,27.89,27.22,27.59,76200,12.34
2009-10-19,27.63,28.11,27.14,27.93,45600,12.49
2009-10-16,27.74,27.97,26.72,27.45,90000,12.27
2009-10-15,28.03,28.36,27.70,27.94,45200,12.49
2009-10-14,27.90,28.26,27.63,28.15,66800,12.59
2009-10-13,27.89,28.02,27.17,27.51,56200,12.30
2009-10-12,27.84,28.41,27.55,27.93,65800,12.49
2009-10-09,27.64,27.96,27.18,27.84,70200,12.45
2009-10-08,27.72,28.24,27.49,27.62,82200,12.35
2009-10-07,27.45,27.72,27.35,27.52,68600,12.30
2009-10-06,26.71,27.73,26.66,27.68,76000,12.38
2009-10-05,26.15,26.68,26.06,26.46,63800,11.83
2009-10-02,25.66,26.36,25.47,26.18,102400,11.71
2009-10-01,26.55,26.58,25.78,25.83,88600,11.55
2009-09-30,27.39,27.40,26.22,26.73,99800,11.95
2009-09-29,28.01,28.45,27.67,27.68,55600,12.38
2009-09-28,28.20,28.80,27.85,28.38,61200,12.69
2009-09-25,27.91,28.23,27.80,27.98,66800,12.51
2009-09-24,28.72,28.89,27.75,27.91,57000,12.48
2009-09-23,28.93,29.41,28.50,28.51,29200,12.75
2009-09-22,29.52,29.74,28.77,28.97,58000,12.89
2009-09-21,29.96,30.16,29.09,29.39,68000,13.08
2009-09-18,29.78,30.45,29.33,30.34,216800,13.50
2009-09-17,28.97,29.97,28.96,29.56,77800,13.15
2009-09-16,28.55,29.01,28.39,28.97,113200,12.89
2009-09-15,28.36,28.72,28.25,28.37,78600,12.62
2009-09-14,27.81,28.50,27.81,28.49,66200,12.68
2009-09-11,28.23,28.42,27.85,28.10,51000,12.50
2009-09-10,28.05,28.55,27.62,28.50,54400,12.68
2009-09-09,28.33,28.65,28.15,28.50,66600,12.68
2009-09-08,28.81,28.83,28.18,28.49,75400,12.68
2009-09-04,28.07,28.65,27.44,28.48,75200,12.67
2009-09-03,28.01,28.06,27.32,28.05,52600,12.48
2009-09-02,27.64,28.16,27.64,27.93,64000,12.43
2009-09-01,28.75,29.51,27.55,27.89,86200,12.41
2009-08-31,29.00,29.16,28.65,28.90,90600,12.86
2009-08-28,30.62,30.62,28.80,29.22,60800,13.00
2009-08-27,30.20,30.82,29.59,30.41,40000,13.53
2009-08-26,30.67,31.35,29.58,30.35,109600,13.50
2009-08-25,31.21,31.58,30.62,30.82,75600,13.71
2009-08-24,31.93,32.43,30.50,31.14,126000,13.86
2009-08-21,30.44,32.19,30.00,31.95,293200,14.22
2009-08-20,29.41,30.19,29.25,30.00,154200,13.35
2009-08-19,28.22,29.84,27.93,29.63,126400,13.18
2009-08-18,27.69,29.00,27.69,28.67,135800,12.76
2009-08-17,27.30,27.85,26.54,27.68,152000,12.32
2009-08-14,28.60,28.93,27.47,27.87,93000,12.40
2009-08-13,28.50,29.00,27.96,28.62,219400,12.73
2009-08-12,27.87,28.70,27.87,28.25,170200,12.57
2009-08-11,28.11,28.81,27.31,27.76,57600,12.35
2009-08-10,28.51,28.69,27.99,28.28,41400,12.58
2009-08-07,28.47,29.10,28.34,28.61,74600,12.73
2009-08-06,28.63,28.70,27.90,27.93,59800,12.43
2009-08-05,29.51,29.51,27.90,28.41,83000,12.64
2009-08-04,28.79,30.00,28.79,29.40,75000,13.08
2009-08-03,28.87,29.11,28.32,29.09,82400,12.94
2009-07-31,29.24,29.63,28.66,28.70,84200,12.77
2009-07-30,29.04,30.36,28.32,29.45,112600,13.10
2009-07-29,28.71,29.56,28.57,28.85,55800,12.84
2009-07-28,28.84,28.99,28.09,28.87,76400,12.85
2009-07-27,28.52,29.03,28.41,28.96,62200,12.89
2009-07-24,28.24,29.03,28.12,28.65,64600,12.75
2009-07-23,27.43,29.10,27.39,28.56,184800,12.71
2009-07-22,27.36,28.13,27.10,27.53,125400,12.25
2009-07-21,26.62,27.71,26.19,27.42,125000,12.20
2009-07-20,26.45,26.99,26.04,26.39,73000,11.74
2009-07-17,27.28,27.28,26.13,26.28,144000,11.69
2009-07-16,26.42,27.48,26.42,27.20,104200,12.10
2009-07-15,25.19,26.53,25.10,26.49,161600,11.79
2009-07-14,25.31,25.55,24.31,24.86,126400,11.06
2009-07-13,24.64,25.49,24.37,25.40,98400,11.30
2009-07-10,24.38,24.82,24.14,24.61,58600,10.95
2009-07-09,24.89,24.89,24.30,24.60,125600,10.95
2009-07-08,25.22,25.38,24.28,24.80,161200,11.03
2009-07-07,25.42,25.57,24.95,25.03,123400,11.14
2009-07-06,25.81,26.37,25.39,25.48,151200,11.34
2009-07-02,26.38,26.63,25.79,25.84,156600,11.50
2009-07-01,25.67,27.09,25.19,26.91,154400,11.97
2009-06-30,26.18,26.41,25.57,25.60,185800,11.39
2009-06-29,26.05,26.27,25.58,25.77,182200,11.47
2009-06-26,25.58,26.18,25.37,26.11,227400,11.62
2009-06-25,24.61,25.69,24.48,25.67,146600,11.42
2009-06-24,24.33,25.25,23.99,24.86,229400,11.06
2009-06-23,24.93,24.97,24.27,24.54,223800,10.92
2009-06-22,26.48,26.59,24.79,24.80,224000,10.97
2009-06-19,27.35,27.50,26.54,26.69,278800,11.81
2009-06-18,27.16,27.57,26.77,26.91,120200,11.91
2009-06-17,26.62,27.77,26.38,27.28,126800,12.07
2009-06-16,27.33,27.56,26.47,26.49,160400,11.72
2009-06-15,27.46,27.72,26.64,27.12,160600,12.00
2009-06-12,28.00,28.43,27.19,27.87,213400,12.33
2009-06-11,27.56,28.78,27.56,28.16,115200,12.46
2009-06-10,28.53,28.53,27.14,27.40,250800,12.12
2009-06-09,28.49,28.75,28.00,28.35,134000,12.54
2009-06-08,28.63,29.07,28.00,28.40,134800,12.57
2009-06-05,29.36,29.83,28.54,28.72,154400,12.71
2009-06-04,28.82,29.35,28.40,29.26,221200,12.95
2009-06-03,28.25,28.79,28.24,28.78,258600,12.73
2009-06-02,28.50,28.95,28.30,28.33,275000,12.53
2009-06-01,27.58,29.08,27.52,28.68,260400,12.69
2009-05-29,27.04,27.48,26.65,27.46,208600,12.15
2009-05-28,27.22,27.81,26.35,27.00,236000,11.95
2009-05-27,27.52,28.13,26.71,27.19,351600,12.03
2009-05-26,28.94,31.00,28.94,29.50,297400,13.05
2009-05-22,28.13,29.91,28.13,29.16,203400,12.90
2009-05-21,26.95,28.17,26.92,28.02,195200,12.40
2009-05-20,26.24,28.43,26.24,27.08,206000,11.98
2009-05-19,25.19,26.65,24.54,26.10,252800,11.55
2009-05-18,24.73,25.77,24.64,25.73,155000,11.38
2009-05-15,24.65,25.24,24.10,24.46,133800,10.82
2009-05-14,24.64,25.26,24.39,24.74,104000,10.95
2009-05-13,25.30,25.52,24.35,24.45,189200,10.82
2009-05-12,25.64,25.97,25.16,25.84,179600,11.43
2009-05-11,25.22,25.69,25.05,25.55,106400,11.30
2009-05-08,24.89,25.65,24.72,25.55,276800,11.30
2009-05-07,25.31,25.39,24.34,24.57,159800,10.87
2009-05-06,25.21,25.32,24.55,25.05,107400,11.08
2009-05-05,25.82,25.95,24.61,25.00,141000,11.06
2009-05-04,24.76,26.78,24.76,26.00,243600,11.50
2009-05-01,24.00,25.11,24.00,24.64,308000,10.90
2009-04-30,23.19,24.65,23.11,23.90,282400,10.57
2009-04-29,21.74,23.60,21.40,23.03,241600,10.19
2009-04-28,20.97,21.98,20.92,21.49,184400,9.51
2009-04-27,21.08,21.59,20.83,21.25,293600,9.40
2009-04-24,20.46,21.92,20.29,21.54,235800,9.53
2009-04-23,20.62,20.62,19.76,20.25,254400,8.96
2009-04-22,19.94,21.18,19.94,20.58,196200,9.11
2009-04-21,19.41,20.45,19.41,20.33,284800,8.99
2009-04-20,20.40,20.40,19.43,19.43,222600,8.60
2009-04-17,20.74,20.91,20.50,20.81,218600,9.21
2009-04-16,20.06,20.89,19.55,20.63,255200,9.13
2009-04-15,20.50,20.50,18.70,19.80,350200,8.76
2009-04-14,21.00,21.16,20.36,20.74,189600,9.18
2009-04-13,22.38,22.57,21.04,21.36,254000,9.45
2009-04-09,21.43,22.73,20.99,22.60,263800,10.00
2009-04-08,20.77,21.33,20.26,21.30,204000,9.42
2009-04-07,20.65,21.37,20.23,20.55,221000,9.09
2009-04-06,21.57,21.57,20.61,20.94,172800,9.26
2009-04-03,21.85,22.28,21.22,21.93,85000,9.70
2009-04-02,21.72,22.88,21.00,21.85,205600,9.67
2009-04-01,20.45,21.34,20.19,21.23,218400,9.39
2009-03-31,20.45,21.61,20.21,20.78,239000,9.19
2009-03-30,21.12,21.12,19.96,20.40,279800,9.03
2009-03-27,21.96,22.77,21.28,21.29,126800,9.42
2009-03-26,21.58,22.79,21.38,22.46,285400,9.88
2009-03-25,20.60,21.56,20.02,21.29,185800,9.37
2009-03-24,21.81,22.13,20.49,20.49,204600,9.01
2009-03-23,20.35,22.09,20.20,22.08,344000,9.71
2009-03-20,20.85,21.40,19.85,19.85,220000,8.73
2009-03-19,21.39,21.61,20.38,20.63,169200,9.07
2009-03-18,20.29,21.38,19.91,21.20,151000,9.33
2009-03-17,19.45,20.45,19.12,20.45,106800,9.00
2009-03-16,19.87,20.15,18.97,19.04,199200,8.38
2009-03-13,18.84,20.00,18.41,19.84,245600,8.73
2009-03-12,17.43,18.99,17.43,18.80,271600,8.27
2009-03-11,17.59,18.69,17.18,17.57,193200,7.73
2009-03-10,16.34,17.82,16.27,17.53,399400,7.71
2009-03-09,16.30,16.65,15.37,15.42,138400,6.78
2009-03-06,16.67,16.97,16.01,16.43,135800,7.23
2009-03-05,16.82,16.99,16.50,16.52,203600,7.27
2009-03-04,16.70,17.32,16.56,17.15,153000,7.54
2009-03-03,17.36,18.09,16.33,16.41,233600,7.22
2009-03-02,17.98,18.00,17.05,17.21,287600,7.57
2009-02-27,18.21,18.74,18.05,18.18,222000,8.00
2009-02-26,18.80,19.13,18.34,18.43,184000,8.11
2009-02-25,19.60,19.63,18.61,18.76,219800,8.25
2009-02-24,19.37,19.70,18.51,19.61,202200,8.63
2009-02-23,20.26,20.40,19.12,19.19,187600,8.44
2009-02-20,20.27,20.91,19.36,20.08,225600,8.83
2009-02-19,21.18,21.40,20.50,20.56,100800,9.04
2009-02-18,20.88,21.47,20.59,20.98,132600,9.23
2009-02-17,20.49,21.16,20.12,20.74,198600,9.12
2009-02-13,21.47,21.47,20.36,21.03,293000,9.25
2009-02-12,21.01,21.81,20.78,21.73,135800,9.56
2009-02-11,21.17,21.61,21.00,21.29,90400,9.37
2009-02-10,22.04,22.40,21.01,21.12,161200,9.29
2009-02-09,22.30,22.83,21.89,22.16,70200,9.75
2009-02-06,21.60,22.68,21.60,22.48,113600,9.89
2009-02-05,21.43,22.06,21.14,21.69,76800,9.54
2009-02-04,22.42,22.42,21.40,21.52,152400,9.47
2009-02-03,22.40,22.75,22.01,22.38,108600,9.84
2009-02-02,21.57,22.35,21.36,22.28,163600,9.80
2009-01-30,22.57,22.78,21.44,21.81,125600,9.59
2009-01-29,23.28,23.56,22.23,22.27,84600,9.80
2009-01-28,23.03,23.62,23.03,23.46,150200,10.32
2009-01-27,22.31,23.24,22.31,22.80,95800,10.03
2009-01-26,21.94,22.74,21.72,22.17,141800,9.75
2009-01-23,21.38,22.13,20.99,21.74,95000,9.56
2009-01-22,22.51,22.54,21.32,21.90,148400,9.63
2009-01-21,21.70,23.20,21.45,23.07,179000,10.15
2009-01-20,21.58,22.89,21.35,21.46,264600,9.44
2009-01-16,21.75,22.23,21.18,21.95,132200,9.66
2009-01-15,21.59,21.82,20.60,21.57,257400,9.49
2009-01-14,22.79,22.87,21.50,21.60,187200,9.50
2009-01-13,22.75,23.25,22.40,23.14,143000,10.18
2009-01-12,23.16,24.14,22.58,22.78,231400,10.02
2009-01-09,25.04,25.04,23.23,23.27,136400,10.24
2009-01-08,24.60,25.20,24.46,25.11,109600,11.05
2009-01-07,25.21,25.40,24.25,24.77,112200,10.90
2009-01-06,24.98,25.93,24.85,25.53,202600,11.23
2009-01-05,24.10,24.90,23.97,24.71,305000,10.87
2009-01-02,24.17,24.45,23.67,23.95,365400,10.54
2008-12-31,24.24,24.95,23.84,24.10,323400,10.60
2008-12-30,23.53,24.48,22.83,24.18,183800,10.64
2008-12-29,23.65,23.65,22.82,23.28,133400,10.24
2008-12-26,23.67,24.13,23.33,23.77,46000,10.46
2008-12-24,23.02,23.74,23.02,23.48,40600,10.33
2008-12-23,24.01,24.38,23.16,23.48,107400,10.33
2008-12-22,24.29,24.59,22.91,23.79,172600,10.46
2008-12-19,25.32,25.89,24.17,24.35,266400,10.65
2008-12-18,25.92,25.94,24.30,24.80,194200,10.85
2008-12-17,25.50,26.59,25.13,25.92,310000,11.34
2008-12-16,24.29,25.93,23.64,25.88,212800,11.32
2008-12-15,24.47,24.68,23.60,23.83,203800,10.43
2008-12-12,23.15,24.62,23.11,24.19,231800,10.58
2008-12-11,24.75,25.10,23.44,23.72,196200,10.38
2008-12-10,25.18,25.87,24.48,25.15,163000,11.00
2008-12-09,24.57,25.60,24.01,24.89,560400,10.89
2008-12-08,25.02,25.71,23.32,24.78,475600,10.84
2008-12-05,22.60,24.62,22.00,24.51,371200,10.72
2008-12-04,24.18,24.98,22.57,23.09,295000,10.10
2008-12-03,22.39,24.50,22.39,24.39,366400,10.67
2008-12-02,23.50,23.96,21.74,23.11,551800,10.11
2008-12-01,25.00,25.10,22.71,23.02,414200,10.07
2008-11-28,23.09,25.60,23.09,25.55,146200,11.18
2008-11-26,22.13,24.48,21.71,24.24,249800,10.61
2008-11-25,23.10,23.10,21.22,22.78,478000,9.97
2008-11-24,23.79,23.79,21.89,22.93,539200,10.03
2008-11-21,23.40,23.85,21.29,23.44,545600,10.26
2008-11-20,26.10,26.42,23.45,23.52,484600,10.29
2008-11-19,28.47,28.90,26.04,26.04,272400,11.39
2008-11-18,29.39,30.28,27.30,28.46,322200,12.45
2008-11-17,29.61,29.95,28.49,29.22,298400,12.78
2008-11-14,31.62,32.04,29.28,29.58,265200,12.94
2008-11-13,29.82,32.24,27.69,31.91,319600,13.96
2008-11-12,30.69,31.53,29.56,29.65,249400,12.97
2008-11-11,30.52,32.43,30.48,31.01,254000,13.57
2008-11-10,31.94,32.10,30.50,30.73,238400,13.45
2008-11-07,30.42,32.17,30.06,31.20,283800,13.65
2008-11-06,31.17,31.40,30.03,30.15,275000,13.19
2008-11-05,32.58,32.88,31.11,31.38,246400,13.73
2008-11-04,31.76,33.18,30.90,32.79,198000,14.35
2008-11-03,32.14,33.24,30.64,31.23,189400,13.66
2008-10-31,29.48,32.80,29.16,32.19,207400,14.08
2008-10-30,28.83,29.76,28.30,29.69,198200,12.99
2008-10-29,29.09,29.38,27.44,27.97,338800,12.24
2008-10-28,26.44,29.16,25.79,28.81,210000,12.61
2008-10-27,27.08,28.23,26.04,26.18,223400,11.45
2008-10-24,28.69,29.87,27.56,27.56,421600,12.06
2008-10-23,30.28,31.81,28.52,30.18,191200,13.20
2008-10-22,31.77,32.13,29.50,30.02,181400,13.13
2008-10-21,33.27,34.18,32.53,32.91,208000,13.85
2008-10-20,32.00,33.97,31.69,33.67,207400,14.17
2008-10-17,31.39,33.80,30.23,31.62,291400,13.31
2008-10-16,29.07,32.46,28.52,32.34,329000,13.61
2008-10-15,31.75,31.75,28.38,28.72,371200,12.09
2008-10-14,31.80,32.13,29.74,30.51,261400,12.84
2008-10-13,32.84,33.70,31.16,31.81,327600,13.39
2008-10-10,27.62,32.98,26.51,31.79,377800,13.38
2008-10-09,32.08,32.81,28.67,28.81,256400,12.13
2008-10-08,29.87,32.00,28.63,31.47,410800,13.25
2008-10-07,33.65,34.13,30.37,30.56,291600,12.86
2008-10-06,33.47,33.83,31.17,32.91,301000,13.85
2008-10-03,36.71,36.90,33.96,33.98,220600,14.30
2008-10-02,37.66,37.66,35.57,36.00,220200,15.15
2008-10-01,38.51,38.68,36.22,37.79,174000,15.91
2008-09-30,36.95,39.49,36.08,39.35,253000,16.56
2008-09-29,39.53,41.36,36.08,36.81,250600,15.49
2008-09-26,38.98,41.00,38.81,40.34,219400,16.98
2008-09-25,41.14,42.73,40.34,40.48,296400,17.04
2008-09-24,44.52,45.99,40.90,40.90,284600,17.22
2008-09-23,44.89,46.92,44.12,44.51,212600,18.73
2008-09-22,46.08,47.82,44.00,44.94,174200,18.86
2008-09-19,45.35,47.69,44.47,46.14,573800,19.36
2008-09-18,42.29,44.15,40.60,43.92,345000,18.43
2008-09-17,42.94,43.22,40.01,41.50,209600,17.42
2008-09-16,42.57,43.64,42.25,43.13,280200,18.10
2008-09-15,40.79,43.18,40.79,43.01,234000,18.05
2008-09-12,41.86,43.43,41.86,42.30,211800,17.75
2008-09-11,40.51,42.18,40.00,42.18,214000,17.70
2008-09-10,40.91,41.43,40.10,40.97,243400,17.19
2008-09-09,42.69,42.75,40.18,40.19,232000,16.87
2008-09-08,42.94,43.93,42.22,42.55,221400,17.86
2008-09-05,42.25,42.70,41.74,42.18,242200,17.70
2008-09-04,42.74,43.32,42.00,42.35,297400,17.77
2008-09-03,43.99,44.38,42.68,43.08,456000,18.08
2008-09-02,45.41,46.58,43.71,44.00,259200,18.47
2008-08-29,44.82,46.26,44.82,45.21,187800,18.97
2008-08-28,44.25,44.94,43.71,44.93,287800,18.86
2008-08-27,42.06,44.60,41.55,44.43,295200,18.65
2008-08-26,41.99,42.72,41.59,41.97,215000,17.61
2008-08-25,41.72,42.74,41.45,41.93,169000,17.60
2008-08-22,41.97,42.48,41.38,41.78,343600,17.53
2008-08-21,41.48,42.15,41.20,41.29,339800,17.33
2008-08-20,40.81,43.32,40.65,41.49,235800,17.41
2008-08-19,42.00,43.59,40.00,40.65,262400,17.06
2008-08-18,41.96,42.27,40.72,41.24,255400,17.31
2008-08-15,43.00,43.00,41.10,41.67,180400,17.49
2008-08-14,41.10,42.81,40.70,42.60,105800,17.88
2008-08-13,41.04,41.85,40.40,41.41,142800,17.38
2008-08-12,41.46,41.51,40.34,41.14,141600,17.27
2008-08-11,40.16,42.84,39.90,41.60,210800,17.46
2008-08-08,38.10,40.31,37.84,40.16,122400,16.85
2008-08-07,38.34,39.00,38.04,38.25,102000,16.05
2008-08-06,37.60,39.00,36.68,38.76,105200,16.27
2008-08-05,36.57,37.98,36.26,37.87,95400,15.89
2008-08-04,37.44,37.44,35.66,35.91,129000,15.07
2008-08-01,38.24,38.24,36.69,37.54,153200,15.76
2008-07-31,37.94,38.61,37.60,38.05,206200,15.97
2008-07-30,37.88,38.69,37.25,38.69,265000,16.24
2008-07-29,36.46,37.96,36.41,37.38,107400,15.69
2008-07-28,37.26,37.35,35.96,35.99,110600,15.10
2008-07-25,37.56,38.44,37.12,37.49,103600,15.73
2008-07-24,37.43,37.88,36.33,37.01,96400,15.53
2008-07-23,37.63,37.80,36.92,37.18,191400,15.60
2008-07-22,35.17,37.63,34.93,37.63,175800,15.79
2008-07-21,34.80,35.57,34.36,35.49,127400,14.89
2008-07-18,35.56,35.58,34.59,34.64,160200,14.54
2008-07-17,35.48,35.67,34.25,35.58,115000,14.93
2008-07-16,33.73,35.50,33.33,35.19,253800,14.77
2008-07-15,32.96,34.53,32.59,33.46,255400,14.04
2008-07-14,33.88,34.00,33.00,33.26,88000,13.96
2008-07-11,32.57,33.71,32.09,33.66,232200,14.13
2008-07-10,30.88,32.93,30.88,32.93,165800,13.82
2008-07-09,33.02,33.04,30.94,30.95,217400,12.99
2008-07-08,31.80,33.45,31.59,33.44,175000,14.03
2008-07-07,32.41,32.89,31.10,31.68,103400,13.30
2008-07-03,32.41,32.95,31.93,32.10,86600,13.47
2008-07-02,33.53,33.65,32.10,32.33,188600,13.57
2008-07-01,32.37,33.77,32.27,33.62,243000,14.11
2008-06-30,32.86,33.02,32.48,32.78,185600,13.76
2008-06-27,32.68,33.05,32.10,32.69,299400,13.72
2008-06-26,32.96,33.62,32.40,32.73,231400,13.74
2008-06-25,32.95,33.96,32.92,33.41,216600,14.02
2008-06-24,33.73,34.44,33.17,33.17,179000,13.92
2008-06-23,34.20,34.32,33.00,34.05,191600,14.29
2008-06-20,35.42,35.86,34.33,34.54,315600,14.44
2008-06-19,35.96,36.42,35.44,35.67,183600,14.91
2008-06-18,36.25,36.38,35.47,35.98,214800,15.04
2008-06-17,37.35,37.49,36.48,36.50,89000,15.26
2008-06-16,37.54,37.54,36.17,37.33,123200,15.61
2008-06-13,36.36,37.61,36.36,37.61,102200,15.73
2008-06-12,36.21,36.98,35.73,35.87,80800,15.00
2008-06-11,36.72,36.72,35.55,35.81,89000,14.97
2008-06-10,36.52,37.30,35.98,36.91,161000,15.43
2008-06-09,36.59,37.58,36.12,36.87,135600,15.42
2008-06-06,38.41,38.41,36.18,36.38,140400,15.21
2008-06-05,37.46,38.77,37.25,38.77,176800,16.21
2008-06-04,36.60,37.76,36.35,37.59,140600,15.72
2008-06-03,37.27,37.69,36.31,36.82,141200,15.39
2008-06-02,36.93,37.62,35.81,37.05,253400,15.49
2008-05-30,38.66,38.66,37.24,37.75,235200,15.78
2008-05-29,37.54,38.88,37.54,38.70,137600,16.18
2008-05-28,37.00,38.11,36.78,37.72,223800,15.77
2008-05-27,36.43,37.01,36.22,37.00,250000,15.47
2008-05-23,36.83,37.00,35.46,36.47,241000,15.25
2008-05-22,36.65,37.00,35.79,37.00,291800,15.47
2008-05-21,36.64,37.15,35.03,36.65,402800,15.32
2008-05-20,34.55,37.46,34.55,36.34,860600,15.19
2008-05-19,33.69,39.50,33.69,34.38,921200,14.37
2008-05-16,32.94,33.21,31.77,32.41,275400,13.55
2008-05-15,32.93,32.93,32.14,32.66,185800,13.66
2008-05-14,33.09,33.49,32.89,33.11,262400,13.84
2008-05-13,32.98,33.30,32.32,33.03,171000,13.81
2008-05-12,31.97,33.13,31.73,32.88,218000,13.75
2008-05-09,30.64,31.95,30.51,31.82,112000,13.30
2008-05-08,31.03,31.28,30.65,31.08,92600,12.99
2008-05-07,31.03,31.90,30.66,31.00,158200,12.96
2008-05-06,29.85,31.08,29.71,30.87,149800,12.91
2008-05-05,30.61,30.93,29.46,30.10,139200,12.59
2008-05-02,32.00,32.00,30.69,30.75,91400,12.86
2008-05-01,30.68,31.97,30.68,31.85,127200,13.32
2008-04-30,30.70,31.77,30.62,30.64,111600,12.81
2008-04-29,31.19,31.66,30.41,30.56,73400,12.78
2008-04-28,30.49,31.62,30.40,31.18,171000,13.04
2008-04-25,30.57,30.90,30.00,30.47,212800,12.74
2008-04-24,29.56,30.52,28.98,30.47,107600,12.74
2008-04-23,29.72,29.99,29.32,29.49,69200,12.33
2008-04-22,30.25,30.25,28.98,29.58,122800,12.37
2008-04-21,30.06,30.71,29.84,30.46,95400,12.74
2008-04-18,29.89,30.59,29.44,30.28,121600,12.66
2008-04-17,30.32,30.32,29.22,29.23,244000,12.22
2008-04-16,29.73,30.61,29.65,30.52,130400,12.76
2008-04-15,29.60,29.60,28.91,29.38,98800,12.28
2008-04-14,28.66,29.63,28.61,29.34,145800,12.27
2008-04-11,30.07,30.13,28.61,28.71,136800,12.00
2008-04-10,29.94,31.12,29.75,30.19,177200,12.62
2008-04-09,30.93,30.99,29.82,29.94,123800,12.52
2008-04-08,30.32,31.05,30.32,30.83,234200,12.89
2008-04-07,31.31,31.57,30.47,30.47,386200,12.74
2008-04-04,31.41,31.48,30.86,30.97,291000,12.95
2008-04-03,31.53,31.92,30.92,31.26,249600,13.07
2008-04-02,31.44,31.93,30.79,31.88,230000,13.33
2008-04-01,30.90,31.44,30.36,31.30,251000,13.09
2008-03-31,30.48,30.82,29.76,30.30,165400,12.67
2008-03-28,31.02,31.18,30.31,30.37,159400,12.70
2008-03-27,31.30,31.46,30.18,30.91,87000,12.92
2008-03-26,30.19,31.40,29.99,31.29,205800,13.03
2008-03-25,30.81,31.49,30.23,30.40,218200,12.66
2008-03-24,29.90,31.62,29.90,30.75,240400,12.80
2008-03-20,29.74,30.30,28.28,29.73,529800,12.38
2008-03-19,30.10,30.42,29.11,29.30,213600,12.20
2008-03-18,29.29,30.42,28.79,29.94,251200,12.47
2008-03-17,27.18,29.41,26.85,28.46,222400,11.85
2008-03-14,28.36,29.11,27.42,27.99,423200,11.65
2008-03-13,28.00,29.99,25.94,28.06,964000,11.68
2008-03-12,30.41,31.51,27.84,28.00,233200,11.66
2008-03-11,29.50,30.33,27.76,30.33,321200,12.63
2008-03-10,29.67,29.67,28.27,28.27,190000,11.77
2008-03-07,28.96,30.10,28.78,29.62,218200,12.33
2008-03-06,29.88,31.15,29.11,29.11,241600,12.12
2008-03-05,30.37,31.25,29.63,30.10,189200,12.53
2008-03-04,29.12,30.34,28.71,30.20,167800,12.57
2008-03-03,29.97,29.97,28.64,29.49,168000,12.28
2008-02-29,30.30,30.84,29.20,29.28,230200,12.19
2008-02-28,31.79,32.00,30.44,30.73,188400,12.80
2008-02-27,30.26,32.10,30.13,32.09,254000,13.36
2008-02-26,30.45,30.91,30.23,30.49,207800,12.70
2008-02-25,30.50,30.79,29.56,30.45,164400,12.68
2008-02-22,30.05,30.55,29.42,30.44,194000,12.67
2008-02-21,31.25,32.02,29.93,30.06,197800,12.52
2008-02-20,30.96,31.63,30.73,30.97,190600,12.90
2008-02-19,31.28,32.29,30.78,31.18,251800,12.98
2008-02-15,31.24,31.65,29.92,30.93,419600,12.88
2008-02-14,32.61,32.80,31.42,31.47,209400,13.10
2008-02-13,30.28,32.73,30.22,32.54,271400,13.55
2008-02-12,30.17,30.79,29.46,29.93,148800,12.46
2008-02-11,30.01,30.28,29.42,30.00,134600,12.49
2008-02-08,30.43,30.57,29.33,29.97,201400,12.48
2008-02-07,29.75,30.70,29.44,29.95,122600,12.47
2008-02-06,29.93,30.94,29.75,29.97,138600,12.48
2008-02-05,31.25,31.61,29.56,29.63,232800,12.34
2008-02-04,31.75,32.54,30.57,32.01,213000,13.33
2008-02-01,30.20,31.78,30.07,31.77,263400,13.23
2008-01-31,28.02,30.66,27.57,30.02,448000,12.50
2008-01-30,29.44,29.78,28.15,28.26,196200,11.77
2008-01-29,30.19,30.28,28.87,29.71,210200,12.37
2008-01-28,29.14,30.70,28.06,30.06,631400,12.52
2008-01-25,32.60,33.05,31.80,32.15,175200,13.39
2008-01-24,33.87,34.81,31.94,32.07,219600,13.35
2008-01-23,31.34,34.52,31.02,34.03,250800,14.17
2008-01-22,30.12,32.60,29.64,31.80,209200,13.24
2008-01-18,31.50,32.76,30.81,30.88,255600,12.86
2008-01-17,34.20,34.90,31.61,31.63,170400,13.17
2008-01-16,32.93,35.00,32.63,34.11,201400,14.20
2008-01-15,33.05,33.67,32.58,32.99,155400,13.74
2008-01-14,33.36,33.98,32.28,33.56,187200,13.97
2008-01-11,34.30,34.69,32.65,33.02,162000,13.75
2008-01-10,35.31,35.31,34.29,34.53,343800,14.38
2008-01-09,33.63,35.85,33.34,35.80,242000,14.91
2008-01-08,35.26,35.95,33.80,33.80,217400,14.07
2008-01-07,34.87,35.95,33.97,35.19,210000,14.65
2008-01-04,35.66,36.24,34.64,34.64,179400,14.42
2008-01-03,37.38,37.62,35.95,36.05,154600,15.01
2008-01-02,38.25,38.96,36.99,37.23,162600,15.50
2007-12-31,38.31,39.26,37.80,38.39,108800,15.98
2007-12-28,38.36,39.12,37.81,38.80,161400,16.16
2007-12-27,38.99,39.61,37.86,37.97,131800,15.81
2007-12-26,39.77,40.25,38.66,38.93,237400,16.21
2007-12-24,38.61,40.42,38.00,40.28,87000,16.77
2007-12-21,37.66,38.94,36.70,38.74,502800,16.13
2007-12-20,36.29,37.33,35.53,37.00,271800,15.41
2007-12-19,35.21,36.19,34.63,35.77,150400,14.85
2007-12-18,33.85,35.35,33.24,35.24,139400,14.63
2007-12-17,33.05,34.89,32.80,33.37,165000,13.85
2007-12-14,34.00,34.64,33.12,33.32,169800,13.83
2007-12-13,34.66,35.08,34.09,34.49,101600,14.32
2007-12-12,35.43,36.28,33.96,34.99,143800,14.52
2007-12-11,35.80,36.81,34.26,34.30,178000,14.24
2007-12-10,36.66,37.16,35.34,35.54,121200,14.75
2007-12-07,35.96,37.52,35.17,36.50,175800,15.15
2007-12-06,33.57,35.95,33.57,35.79,203800,14.86
2007-12-05,34.93,34.93,33.32,33.59,103200,13.94
2007-12-04,32.96,34.54,32.13,34.34,182200,14.25
2007-12-03,34.80,34.80,33.13,33.13,98400,13.75
2007-11-30,34.65,34.77,33.36,34.73,193600,14.42
2007-11-29,34.35,34.64,33.51,34.09,77400,14.15
2007-11-28,33.74,34.75,33.74,34.39,211600,14.28
2007-11-27,32.95,33.63,32.32,33.22,136000,13.79
2007-11-26,34.49,34.49,32.44,32.83,136200,13.63
2007-11-23,34.47,34.84,33.95,34.51,62200,14.32
2007-11-21,34.86,34.90,33.57,34.07,154600,14.14
2007-11-20,34.65,35.66,33.12,34.99,344400,14.52
2007-11-19,36.55,36.63,33.05,34.50,406400,14.32
2007-11-16,38.76,39.00,36.81,36.97,388400,15.35
2007-11-15,41.77,41.77,38.13,38.66,239200,16.05
2007-11-14,41.99,42.00,41.02,41.32,143000,17.15
2007-11-13,41.64,41.95,40.64,41.93,266800,17.40
2007-11-12,40.92,42.27,40.49,41.17,86400,17.09
2007-11-09,40.97,41.90,39.74,41.00,128400,17.02
2007-11-08,39.27,41.70,39.02,41.46,176200,17.21
2007-11-07,40.54,41.09,38.86,38.92,157000,16.16
2007-11-06,41.04,41.22,39.37,41.19,70200,17.10
2007-11-05,40.12,40.92,39.48,40.82,74000,16.94
2007-11-02,40.34,41.40,39.71,40.83,76800,16.95
2007-11-01,42.75,42.75,39.44,39.77,194200,16.51
2007-10-31,42.63,44.62,42.11,43.21,140800,17.94
2007-10-30,41.75,43.29,41.50,42.35,111800,17.58
2007-10-29,42.44,42.55,41.67,42.10,121600,17.48
2007-10-26,41.75,42.44,41.44,42.30,111200,17.56
2007-10-25,41.66,42.57,41.06,41.64,98000,17.28
2007-10-24,41.87,41.99,39.86,41.60,110600,17.27
2007-10-23,41.00,42.35,40.50,42.35,195600,17.58
2007-10-22,39.13,41.00,38.16,40.90,131400,16.98
2007-10-19,40.99,40.99,39.65,39.88,123200,16.55
2007-10-18,40.61,41.00,40.21,41.00,96200,17.02
2007-10-17,41.00,41.06,39.91,40.83,88400,16.95
2007-10-16,40.17,40.70,39.81,40.59,76600,16.85
2007-10-15,41.00,41.00,39.65,40.36,112800,16.75
2007-10-12,40.24,41.18,40.24,41.00,82800,17.02
2007-10-11,41.18,41.55,39.29,40.10,174600,16.65
2007-10-10,41.52,41.52,40.44,41.00,63200,17.02
2007-10-09,41.00,41.97,40.34,41.51,130800,17.23
2007-10-08,42.04,42.04,40.13,41.00,154200,17.02
2007-10-05,42.00,42.75,41.64,42.36,121200,17.58
2007-10-04,40.82,41.71,40.36,41.69,62000,17.31
2007-10-03,41.32,41.82,40.23,40.58,69000,16.84
2007-10-02,40.67,41.75,40.12,41.50,78000,17.23
2007-10-01,40.12,41.23,39.96,40.70,153800,16.89
2007-09-28,41.46,41.46,39.96,40.05,85200,16.62
2007-09-27,41.86,41.96,40.87,41.41,103200,17.19
2007-09-26,41.49,42.00,41.13,41.59,112800,17.26
2007-09-25,41.71,41.71,40.59,41.13,126200,17.07
2007-09-24,42.92,43.43,41.73,41.94,141000,17.41
2007-09-21,42.06,44.00,42.06,43.04,256200,17.87
2007-09-20,42.74,43.60,41.83,42.00,118200,17.39
2007-09-19,42.22,43.99,41.59,42.99,158000,17.80
2007-09-18,39.37,42.48,38.72,41.95,183000,17.37
2007-09-17,39.31,39.41,38.04,39.17,320600,16.22
2007-09-14,38.33,39.62,38.10,39.26,132600,16.25
2007-09-13,39.22,39.51,38.25,38.88,104000,16.10
2007-09-12,39.79,40.20,38.83,38.90,139800,16.10
2007-09-11,39.67,40.09,39.01,39.97,107600,16.55
2007-09-10,38.89,40.13,37.84,39.38,145200,16.30
2007-09-07,39.04,39.47,38.21,38.57,100200,15.97
2007-09-06,40.84,41.39,39.56,39.76,135400,16.46
2007-09-05,41.05,41.05,40.09,40.74,117200,16.87
2007-09-04,40.49,41.74,40.49,41.48,131200,17.17
2007-08-31,41.29,41.58,39.91,40.75,108400,16.87
2007-08-30,40.08,41.74,40.08,40.54,126400,16.78
2007-08-29,39.50,40.78,38.87,40.72,234400,16.86
2007-08-28,38.63,39.74,38.30,39.08,262800,16.18
2007-08-27,37.54,39.72,37.10,38.97,369800,16.13
2007-08-24,37.92,38.10,37.67,38.00,156200,15.73
2007-08-23,38.80,38.98,37.19,37.97,339200,15.72
2007-08-22,39.35,39.50,38.27,38.49,186200,15.94
2007-08-21,39.30,40.00,38.75,38.87,120400,16.09
2007-08-20,39.33,40.46,38.50,39.53,122200,16.37
2007-08-17,39.93,40.10,38.88,39.33,304600,16.28
2007-08-16,37.51,39.29,36.21,38.95,234800,16.13
2007-08-15,35.16,38.00,35.16,36.09,183800,14.94
2007-08-14,37.42,37.59,35.57,35.57,187200,14.73
2007-08-13,38.19,38.19,36.07,37.00,199400,15.32
2007-08-10,39.33,40.73,37.00,37.49,271200,15.52
2007-08-09,40.65,42.88,39.53,39.99,350200,16.56
2007-08-08,39.64,45.85,38.65,41.45,894400,17.16
2007-08-07,37.64,39.60,36.26,39.46,484600,16.34
2007-08-06,34.86,38.18,34.78,38.01,245200,15.74
2007-08-03,36.52,37.17,34.54,34.69,170400,14.36
2007-08-02,35.65,36.63,35.48,36.55,207200,15.13
2007-08-01,33.79,36.32,33.42,35.37,165200,14.64
2007-07-31,34.70,35.23,34.00,34.02,127800,14.08
2007-07-30,33.61,34.87,32.65,34.22,200800,14.17
2007-07-27,34.53,35.13,33.70,33.77,177800,13.98
2007-07-26,34.65,35.80,33.64,34.72,170000,14.37
2007-07-25,35.59,35.88,34.73,35.29,148000,14.61
2007-07-24,36.43,36.50,35.00,35.26,194600,14.60
2007-07-23,36.92,37.60,36.68,37.00,208400,15.32
2007-07-20,37.43,37.48,36.19,36.75,316400,15.21
2007-07-19,37.24,37.77,37.01,37.51,113600,15.53
2007-07-18,37.20,38.12,36.46,37.00,158600,15.32
2007-07-17,37.74,38.45,37.62,37.66,128000,15.59
2007-07-16,38.50,38.80,37.36,37.70,151600,15.61
2007-07-13,38.72,39.36,38.18,38.61,84600,15.98
2007-07-12,38.75,39.00,37.50,38.73,105000,16.03
2007-07-11,37.72,38.77,37.25,38.50,194000,15.94
2007-07-10,37.02,38.34,36.16,37.51,262000,15.53
2007-07-09,37.12,37.67,36.63,37.45,104000,15.50
2007-07-06,37.23,37.30,36.70,37.14,55400,15.38
2007-07-05,37.25,37.50,36.51,37.33,128600,15.45
2007-07-03,37.10,37.22,36.80,37.15,47800,15.38
2007-07-02,36.05,37.15,35.66,37.07,193600,15.35
2007-06-29,37.31,37.60,35.68,35.71,131200,14.78
2007-06-28,36.58,37.97,35.54,36.98,225400,15.31
2007-06-27,35.07,36.73,34.75,36.50,163600,15.11
2007-06-26,35.48,36.00,34.84,35.43,188000,14.67
2007-06-25,34.80,36.60,34.80,35.20,205600,14.57
2007-06-22,34.85,35.24,34.38,35.01,370200,14.49
2007-06-21,34.32,35.15,33.94,34.99,144600,14.49
2007-06-20,35.45,35.45,34.54,34.66,119000,14.30
2007-06-19,34.79,35.66,34.50,35.14,109200,14.50
2007-06-18,35.26,35.43,34.69,35.01,64000,14.45
2007-06-15,35.74,36.00,35.22,35.24,266200,14.54
2007-06-14,35.54,35.54,34.86,35.04,118000,14.46
2007-06-13,34.31,35.75,34.31,35.38,127400,14.60
2007-06-12,34.32,34.73,33.91,34.16,133600,14.10
2007-06-11,35.12,35.40,34.40,34.61,109400,14.28
2007-06-08,34.00,35.39,34.00,35.29,84200,14.56
2007-06-07,34.21,34.50,33.40,34.06,148200,14.06
2007-06-06,33.93,34.53,33.68,34.45,173600,14.22
2007-06-05,35.46,35.46,34.00,34.20,178600,14.11
2007-06-04,35.51,36.22,35.26,35.57,116800,14.68
2007-06-01,35.66,35.88,35.18,35.73,147800,14.75
2007-05-31,35.90,35.90,35.01,35.22,147200,14.54
2007-05-30,35.06,36.00,34.93,35.97,206600,14.84
2007-05-29,35.28,35.47,34.90,35.23,147000,14.54
2007-05-25,35.20,35.50,34.82,35.21,141400,14.53
2007-05-24,35.53,36.02,34.13,35.00,195400,14.44
2007-05-23,36.32,36.57,35.27,35.53,99200,14.66
2007-05-22,35.72,36.50,35.45,36.40,120600,15.02
2007-05-21,35.18,36.46,34.49,36.35,207200,15.00
2007-05-18,32.10,35.42,31.31,35.37,645600,14.60
2007-05-17,30.73,32.83,30.70,31.95,435200,13.19
2007-05-16,29.15,29.71,28.97,29.70,162800,12.26
2007-05-15,29.30,29.40,28.98,29.11,141200,12.01
2007-05-14,30.07,30.07,29.16,29.37,111000,12.12
2007-05-11,29.18,30.40,29.18,30.18,49200,12.46
2007-05-10,29.70,29.80,29.11,29.20,96600,12.05
2007-05-09,29.59,29.95,29.17,29.95,140200,12.36
2007-05-08,30.30,30.46,29.54,29.73,65400,12.27
2007-05-07,29.94,30.72,29.94,30.45,59200,12.57
2007-05-04,30.28,30.28,29.74,30.12,45000,12.43
2007-05-03,30.06,30.54,30.02,30.30,120000,12.50
2007-05-02,29.10,30.34,28.52,30.14,106000,12.44
2007-05-01,28.87,29.72,28.39,29.14,66800,12.03
2007-04-30,30.56,30.56,28.78,28.89,209200,11.92
2007-04-27,29.94,30.50,29.91,30.44,146000,12.56
2007-04-26,29.61,29.90,29.01,29.90,92000,12.34
2007-04-25,29.24,29.87,28.97,29.70,59800,12.26
2007-04-24,30.10,30.10,28.85,29.06,79000,11.99
2007-04-23,29.53,30.24,29.53,30.12,94400,12.43
2007-04-20,29.87,29.99,29.03,29.69,100200,12.25
2007-04-19,29.50,29.67,28.85,29.42,100200,12.14
2007-04-18,29.40,29.75,29.22,29.51,103600,12.18
2007-04-17,29.79,29.79,28.98,29.59,76400,12.21
2007-04-16,29.29,29.71,28.72,29.71,103400,12.26
2007-04-13,28.00,29.22,28.00,29.22,99800,12.06
2007-04-12,27.91,28.16,27.83,28.12,71200,11.60
2007-04-11,28.61,28.61,27.89,28.03,132000,11.57
2007-04-10,27.95,28.75,27.94,28.54,51600,11.78
2007-04-09,27.92,28.11,27.82,28.01,82000,11.56
2007-04-05,27.80,28.21,27.73,28.03,51000,11.57
2007-04-04,27.80,27.87,27.40,27.86,280400,11.50
2007-04-03,28.13,28.20,27.71,27.80,161400,11.47
2007-04-02,28.11,28.11,27.56,28.08,162800,11.59
2007-03-30,28.73,29.15,27.87,28.05,207400,11.58
2007-03-29,27.85,28.21,27.76,28.04,157800,11.57
2007-03-28,28.06,28.39,27.44,27.54,142800,11.37
2007-03-27,30.07,30.07,28.27,28.32,356600,11.64
2007-03-26,29.60,30.25,29.60,30.10,109200,12.37
2007-03-23,29.25,29.69,29.25,29.57,115600,12.16
2007-03-22,29.09,29.35,29.00,29.32,156200,12.05
2007-03-21,27.33,28.97,27.27,28.94,152600,11.90
2007-03-20,26.92,27.37,26.90,27.35,212600,11.24
2007-03-19,26.88,27.18,26.68,26.88,155000,11.05
2007-03-16,26.86,27.15,26.33,26.69,339400,10.97
2007-03-15,26.63,27.04,26.54,26.89,191200,11.05
2007-03-14,26.69,27.14,26.20,26.59,214200,10.93
2007-03-13,27.77,28.00,26.77,26.78,248400,11.01
2007-03-12,27.99,28.74,27.15,27.89,350200,11.47
2007-03-09,28.25,28.58,27.67,28.13,188000,11.56
2007-03-08,28.21,28.59,27.77,27.91,102200,11.47
2007-03-07,28.25,28.64,28.20,28.29,136000,11.63
2007-03-06,28.65,28.93,28.29,28.29,160200,11.63
2007-03-05,28.20,29.50,28.00,28.53,117800,11.73
2007-03-02,29.01,29.12,28.23,28.42,127800,11.68
2007-03-01,28.14,29.68,28.02,29.18,75600,12.00
2007-02-28,29.08,29.50,28.01,28.91,127400,11.88
2007-02-27,30.10,30.24,28.47,29.25,184800,12.02
2007-02-26,30.47,30.84,30.25,30.61,79400,12.58
2007-02-23,30.59,30.60,30.21,30.46,41400,12.52
2007-02-22,30.55,30.70,30.24,30.60,54800,12.58
2007-02-21,30.63,30.63,30.20,30.54,50000,12.55
2007-02-20,30.10,30.70,30.00,30.70,46400,12.62
2007-02-16,30.06,30.30,29.70,30.30,91200,12.46
2007-02-15,30.11,30.11,29.42,30.05,87600,12.35
2007-02-14,29.70,30.10,29.07,30.01,211400,12.34
2007-02-13,29.33,29.87,28.97,29.77,149200,12.24
2007-02-12,28.43,29.39,28.30,29.30,102800,12.05
2007-02-09,29.16,29.16,28.37,28.59,128800,11.75
2007-02-08,28.60,29.21,28.25,29.12,72000,11.97
2007-02-07,28.60,28.85,28.29,28.76,45000,11.82
2007-02-06,28.45,28.90,28.20,28.62,68200,11.77
2007-02-05,28.43,28.49,28.07,28.36,100200,11.66
2007-02-02,28.65,29.02,28.32,28.42,106200,11.68
2007-02-01,28.53,28.79,28.17,28.65,75600,11.78
2007-01-31,28.18,29.02,27.70,28.43,118600,11.69
2007-01-30,28.17,28.47,27.75,28.35,48200,11.65
2007-01-29,27.79,28.42,27.55,28.20,110400,11.59
2007-01-26,27.44,27.92,27.15,27.92,51000,11.48
2007-01-25,27.94,28.26,27.41,27.58,100000,11.34
2007-01-24,27.52,28.25,27.50,28.22,110600,11.60
2007-01-23,26.77,27.78,26.65,27.59,192400,11.34
2007-01-22,27.05,27.05,26.69,26.71,85400,10.98
2007-01-19,27.00,27.21,26.90,27.05,56400,11.12
2007-01-18,27.02,27.18,26.70,26.94,105200,11.07
2007-01-17,27.13,27.34,26.83,27.10,105000,11.14
2007-01-16,27.97,27.97,27.23,27.34,157000,11.24
2007-01-12,27.28,28.04,27.18,27.87,267400,11.46
2007-01-11,26.25,27.32,26.25,27.24,211600,11.20
2007-01-10,26.08,26.42,26.00,26.30,219800,10.81
2007-01-09,25.85,26.43,25.73,26.30,239400,10.81
2007-01-08,26.12,26.18,25.46,25.89,118200,10.64
2007-01-05,26.91,27.21,26.02,26.19,129400,10.77
2007-01-04,26.26,27.17,26.22,27.09,99600,11.14
2007-01-03,26.83,27.55,26.00,26.26,200200,10.80
2006-12-29,27.53,28.00,26.75,26.80,140800,11.02
2006-12-28,27.82,28.31,27.54,27.56,166800,11.33
2006-12-27,26.37,27.96,26.37,27.96,211400,11.49
2006-12-26,26.38,26.79,26.32,26.47,125200,10.88
2006-12-22,26.21,26.56,26.14,26.30,92800,10.81
2006-12-21,26.54,26.91,26.20,26.26,171400,10.80
2006-12-20,26.77,27.00,26.35,26.46,93400,10.88
2006-12-19,26.63,26.94,26.28,26.68,84400,10.93
2006-12-18,27.28,27.40,26.61,26.78,134400,10.97
2006-12-15,28.17,28.17,27.10,27.25,174000,11.16
2006-12-14,27.59,28.15,27.58,27.96,93400,11.46
2006-12-13,27.18,27.71,27.02,27.45,119000,11.25
2006-12-12,28.09,28.10,27.03,27.22,167800,11.15
2006-12-11,28.06,28.31,27.93,28.03,68400,11.48
2006-12-08,28.11,28.54,27.71,28.09,122400,11.51
2006-12-07,29.02,29.02,28.12,28.13,154800,11.53
2006-12-06,28.37,29.26,28.37,29.05,119400,11.90
2006-12-05,28.56,28.76,28.26,28.52,71400,11.68
2006-12-04,27.55,28.69,27.55,28.53,125000,11.69
2006-12-01,27.82,28.05,27.01,27.56,128400,11.29
2006-11-30,27.97,28.21,27.84,27.86,142200,11.41
2006-11-29,28.19,28.39,27.75,27.90,121800,11.43
2006-11-28,27.65,28.47,27.56,28.04,118600,11.49
2006-11-27,28.38,28.49,27.50,27.72,215800,11.36
2006-11-24,28.00,28.57,28.00,28.43,43000,11.65
2006-11-22,28.43,28.91,28.10,28.21,171800,11.56
2006-11-21,28.10,28.74,27.94,28.40,228000,11.64
2006-11-20,28.04,28.17,27.68,28.01,295400,11.48
2006-11-17,29.28,29.30,27.71,27.97,972200,11.46
2006-11-16,33.49,33.60,29.20,29.30,760800,12.00
2006-11-15,33.98,35.35,33.90,35.27,137800,14.45
2006-11-14,33.00,33.96,32.30,33.93,171400,13.90
2006-11-13,32.24,32.83,32.01,32.83,74400,13.45
2006-11-10,31.21,32.18,31.21,32.09,59600,13.15
2006-11-09,32.46,32.46,30.94,31.25,88200,12.80
2006-11-08,31.80,32.66,31.54,32.31,64000,13.24
2006-11-07,31.67,32.79,31.48,32.02,87200,13.12
2006-11-06,30.76,31.83,30.72,31.73,74200,13.00
2006-11-03,31.12,31.47,30.71,30.72,76200,12.59
2006-11-02,31.42,31.81,31.16,31.46,111800,12.89
2006-11-01,32.29,32.48,31.75,31.79,131600,13.02
2006-10-31,32.50,32.50,31.80,32.09,86800,13.15
2006-10-30,31.80,32.54,31.70,32.54,83600,13.33
2006-10-27,32.31,32.50,31.76,31.81,64600,13.03
2006-10-26,32.05,32.64,31.73,32.33,67200,13.25
2006-10-25,31.78,32.19,31.40,31.75,60000,13.01
2006-10-24,31.28,31.85,30.85,31.81,59600,13.03
2006-10-23,31.14,31.51,31.05,31.35,68400,12.84
2006-10-20,31.20,31.42,31.00,31.16,153800,12.77
2006-10-19,30.91,31.48,30.91,31.10,80000,12.74
2006-10-18,31.22,31.61,30.65,30.95,112600,12.68
2006-10-17,31.90,31.90,30.72,30.88,146400,12.65
2006-10-16,31.89,32.35,31.85,32.28,66800,13.23
2006-10-13,31.07,31.81,31.07,31.81,69600,13.03
2006-10-12,30.24,31.03,30.24,31.00,110200,12.70
2006-10-11,30.40,30.40,29.68,30.06,107000,12.32
2006-10-10,30.01,30.50,29.73,30.50,115000,12.50
2006-10-09,29.98,29.98,29.46,29.85,108600,12.23
2006-10-06,29.76,30.01,29.52,29.96,90800,12.27
2006-10-05,30.14,30.36,29.76,30.04,194000,12.31
2006-10-04,29.02,30.22,29.02,30.00,123200,12.29
2006-10-03,28.96,29.43,28.25,28.86,95200,11.82
2006-10-02,30.06,30.06,28.97,28.97,61000,11.87
2006-09-29,29.93,30.15,29.64,30.01,66400,12.30
2006-09-28,30.09,30.50,29.45,30.02,96200,12.30
2006-09-27,29.75,30.48,29.75,30.09,49200,12.33
2006-09-26,29.92,30.48,29.76,29.90,97400,12.25
2006-09-25,29.07,29.99,29.00,29.86,188600,12.23
2006-09-22,28.80,29.30,28.53,29.07,122000,11.91
2006-09-21,29.22,29.46,28.48,29.00,264000,11.88
2006-09-20,28.00,29.00,28.00,29.00,181800,11.84
2006-09-19,27.63,27.82,26.71,27.75,117800,11.33
2006-09-18,27.88,28.14,27.24,27.49,113200,11.23
2006-09-15,28.58,28.59,27.81,28.10,261400,11.48
2006-09-14,27.62,28.55,27.39,28.30,121000,11.56
2006-09-13,27.70,28.24,27.60,27.66,93000,11.30
2006-09-12,27.56,28.01,27.53,27.79,76600,11.35
2006-09-11,27.75,28.32,27.26,27.53,86400,11.24
2006-09-08,27.91,28.27,27.78,27.85,103400,11.37
2006-09-07,27.89,28.80,27.77,28.00,145400,11.44
2006-09-06,28.03,28.46,27.85,28.18,104600,11.51
2006-09-05,27.96,28.32,27.51,28.30,78200,11.56
2006-09-01,28.11,28.37,27.80,27.82,71200,11.36
2006-08-31,28.34,28.37,27.87,27.93,130600,11.41
2006-08-30,28.15,28.53,27.73,28.15,96000,11.50
2006-08-29,27.37,28.20,27.15,28.01,104400,11.44
2006-08-28,26.72,27.64,26.70,27.18,106400,11.10
2006-08-25,26.82,26.95,26.35,26.73,72400,10.92
2006-08-24,27.22,27.33,25.89,26.85,108600,10.97
2006-08-23,27.19,27.35,26.90,27.02,98200,11.04
2006-08-22,27.30,27.44,26.71,27.08,99600,11.06
2006-08-21,27.35,27.82,27.21,27.45,101000,11.21
2006-08-18,28.31,28.31,27.25,27.57,147000,11.26
2006-08-17,28.43,28.92,26.70,28.13,153800,11.49
2006-08-16,29.00,29.80,28.84,29.31,140000,11.97
2006-08-15,28.68,29.11,28.63,29.00,209200,11.84
2006-08-14,28.49,29.16,27.89,28.25,76600,11.54
2006-08-11,28.12,28.45,27.49,28.25,168000,11.54
2006-08-10,27.04,28.42,27.00,28.33,290400,11.57
2006-08-09,27.95,28.47,27.12,27.19,240000,11.11
2006-08-08,28.69,28.98,27.60,27.63,153600,11.29
2006-08-07,28.69,29.01,28.08,28.69,75000,11.72
2006-08-04,29.01,29.98,28.38,28.97,105800,11.83
2006-08-03,28.84,29.87,28.51,29.68,58800,12.12
2006-08-02,28.98,29.59,28.84,29.15,198600,11.91
2006-08-01,29.49,29.73,28.14,28.71,333000,11.73
2006-07-31,29.72,29.97,29.31,29.81,153400,12.18
2006-07-28,29.12,30.33,29.07,29.96,79400,12.24
2006-07-27,29.49,30.43,28.77,28.88,181800,11.80
2006-07-26,30.01,30.01,28.79,29.25,226400,11.95
2006-07-25,30.08,30.69,29.53,30.28,592800,12.37
2006-07-24,29.34,30.20,29.34,29.95,96200,12.23
2006-07-21,28.68,29.29,27.94,29.15,172600,11.91
2006-07-20,29.95,30.24,28.40,28.86,157200,11.79
2006-07-19,28.10,30.17,28.10,29.66,149800,12.11
2006-07-18,27.01,28.11,26.59,27.97,158400,11.42
2006-07-17,26.71,26.98,25.89,26.81,116000,10.95
2006-07-14,26.75,27.24,26.09,26.75,115600,10.93
2006-07-13,27.59,27.76,26.74,26.94,106600,11.00
2006-07-12,28.78,28.80,27.61,27.83,63000,11.37
2006-07-11,28.98,28.98,28.14,28.85,124000,11.78
2006-07-10,29.95,30.18,28.42,29.20,208800,11.93
2006-07-07,30.78,31.20,29.75,29.75,84400,12.15
2006-07-06,30.74,31.29,30.56,30.80,87000,12.58
2006-07-05,31.55,31.63,30.04,30.67,99800,12.53
2006-07-03,31.60,31.99,31.60,31.86,50000,13.01
2006-06-30,31.33,31.85,31.04,31.50,273200,12.87
2006-06-29,29.52,31.37,29.35,31.36,135000,12.81
2006-06-28,28.99,29.40,28.75,29.33,95600,11.98
2006-06-27,30.28,30.56,28.89,28.89,86800,11.80
2006-06-26,29.63,30.62,29.28,30.35,130000,12.40
2006-06-23,29.50,29.95,29.18,29.35,84200,11.99
2006-06-22,28.91,29.70,28.70,29.57,509600,12.08
2006-06-21,28.52,29.55,28.51,29.09,57200,11.84
2006-06-20,29.04,29.42,28.54,28.60,191600,11.65
2006-06-19,29.96,30.20,28.78,28.99,107600,11.80
2006-06-16,29.47,30.41,29.07,29.89,561600,12.17
2006-06-15,28.01,29.56,27.63,29.45,141000,11.99
2006-06-14,27.45,27.87,27.04,27.67,149800,11.27
2006-06-13,27.99,29.10,27.29,27.67,266600,11.27
2006-06-12,28.85,29.14,28.08,28.08,145800,11.43
2006-06-09,30.53,30.54,29.00,29.07,184200,11.84
2006-06-08,29.55,30.49,28.67,30.28,327400,12.33
2006-06-07,29.43,31.12,28.88,29.71,253400,12.10
2006-06-06,29.95,32.03,28.82,29.43,224600,11.98
2006-06-05,31.70,31.81,29.75,29.76,327600,12.12
2006-06-02,32.29,32.50,31.42,31.92,152200,13.00
2006-06-01,31.63,32.13,31.35,32.00,128000,13.03
2006-05-31,32.70,32.70,31.13,31.57,184800,12.85
2006-05-30,32.90,33.00,32.42,32.63,301600,13.29
2006-05-26,33.09,33.15,32.40,32.85,122400,13.38
2006-05-25,32.80,33.04,32.04,32.92,136800,13.40
2006-05-24,32.06,32.60,30.24,32.29,355200,13.15
2006-05-23,32.37,33.47,31.97,32.06,315200,13.05
2006-05-22,31.25,32.48,31.22,32.00,413600,13.03
2006-05-19,32.02,33.04,29.75,31.55,903600,12.85
2006-05-18,33.36,33.77,31.86,32.24,745200,13.13
2006-05-17,38.25,38.25,36.73,36.73,128400,14.96
2006-05-16,37.40,38.81,37.40,38.41,169400,15.64
2006-05-15,38.65,38.98,37.15,37.55,183400,15.29
2006-05-12,39.39,39.70,37.79,39.28,237800,15.99
2006-05-11,40.72,40.83,39.46,39.46,107400,16.07
2006-05-10,40.87,41.67,40.19,40.97,93200,16.68
2006-05-09,41.33,41.33,40.71,41.23,90400,16.79
2006-05-08,41.60,41.60,40.79,41.28,122400,16.81
2006-05-05,42.05,42.70,41.61,41.73,141800,16.99
2006-05-04,41.37,41.79,40.66,41.66,99000,16.96
2006-05-03,40.65,41.74,39.90,41.16,91200,16.76
2006-05-02,40.21,40.84,39.90,40.60,85200,16.53
2006-05-01,40.70,41.05,40.10,40.22,123400,16.38
2006-04-28,40.40,41.78,40.01,40.53,74800,16.50
2006-04-27,40.87,42.03,40.29,40.54,98600,16.51
2006-04-26,41.37,41.49,40.81,41.25,69600,16.80
2006-04-25,41.27,41.40,39.84,41.37,197000,16.84
2006-04-24,41.37,41.85,40.71,41.23,142000,16.79
2006-04-21,41.82,42.16,41.40,41.65,155200,16.96
2006-04-20,41.41,41.76,40.94,41.46,141200,16.88
2006-04-19,39.74,41.46,39.74,41.13,219400,16.75
2006-04-18,38.64,39.49,38.30,39.49,171000,16.08
2006-04-17,38.50,38.71,37.95,38.42,140000,15.64
2006-04-13,38.62,38.77,38.28,38.56,72400,15.70
2006-04-12,38.60,39.16,38.09,38.78,59600,15.79
2006-04-11,38.84,39.10,38.20,38.54,169800,15.69
2006-04-10,38.73,39.65,38.65,38.82,128800,15.81
2006-04-07,39.73,39.94,38.71,38.81,145800,15.80
2006-04-06,39.79,39.79,38.70,39.34,181600,16.02
2006-04-05,39.34,39.93,38.77,39.56,181400,16.11
2006-04-04,39.00,39.73,38.31,39.00,213400,15.88
2006-04-03,38.93,39.31,38.79,39.00,146400,15.88
2006-03-31,38.46,39.33,37.56,39.11,258600,15.92
2006-03-30,39.00,39.00,37.68,38.12,127800,15.52
2006-03-29,37.72,39.49,37.67,38.98,179800,15.87
2006-03-28,38.01,38.01,37.50,37.51,69600,15.27
2006-03-27,37.80,38.47,37.77,38.18,152400,15.55
2006-03-24,36.56,37.86,36.56,37.77,149400,15.38
2006-03-23,37.37,37.63,36.44,36.46,155200,14.85
2006-03-22,35.32,37.30,35.16,37.30,270600,15.15
2006-03-21,35.50,37.42,35.36,35.50,354600,14.42
2006-03-20,35.58,35.71,35.01,35.46,125200,14.40
2006-03-17,35.56,35.94,35.39,35.59,425000,14.46
2006-03-16,35.00,35.84,34.92,35.55,150400,14.44
2006-03-15,34.90,35.00,34.43,34.94,106000,14.19
2006-03-14,33.92,34.73,33.19,34.73,168000,14.11
2006-03-13,34.18,34.25,33.80,34.01,120800,13.81
2006-03-10,33.00,33.99,31.22,33.79,225800,13.73
2006-03-09,34.77,35.00,33.04,33.04,368600,13.42
2006-03-08,35.49,35.49,33.25,34.62,196800,14.06
2006-03-07,35.39,36.24,34.54,34.81,209400,14.14
2006-03-06,35.16,35.70,34.62,35.62,94200,14.47
2006-03-03,35.50,36.39,34.91,35.55,93400,14.44
2006-03-02,36.13,36.30,35.45,35.70,151200,14.50
2006-03-01,35.59,36.24,35.25,36.00,141000,14.62
2006-02-28,36.00,36.19,34.58,35.28,141000,14.33
2006-02-27,35.90,36.77,35.83,36.01,133600,14.63
2006-02-24,35.91,35.91,34.14,35.69,175000,14.50
2006-02-23,35.85,36.00,35.01,35.70,135600,14.50
2006-02-22,35.10,36.00,34.75,35.78,219200,14.53
2006-02-21,36.50,36.50,34.00,34.95,262200,14.20
2006-02-17,36.31,36.31,35.27,36.27,183800,14.73
2006-02-16,35.06,36.29,35.06,36.13,232600,14.68
2006-02-15,32.52,35.70,32.17,34.75,446600,14.12
2006-02-14,32.20,32.73,32.17,32.30,201000,13.12
2006-02-13,32.44,32.62,32.30,32.44,134200,13.18
2006-02-10,32.29,32.71,32.05,32.67,132600,13.27
2006-02-09,32.00,32.75,31.65,32.17,180800,13.07
2006-02-08,31.97,31.99,31.75,31.99,92600,12.99
2006-02-07,31.94,32.60,31.68,31.72,102000,12.88
2006-02-06,31.69,32.29,31.56,31.95,101200,12.98
2006-02-03,31.42,32.49,31.42,31.56,102800,12.82
2006-02-02,32.00,32.28,31.74,31.86,151800,12.94
2006-02-01,31.64,32.41,31.50,32.07,121200,13.03
2006-01-31,31.20,31.71,31.00,31.60,150200,12.84
2006-01-30,31.60,31.75,31.08,31.28,80800,12.71
2006-01-27,31.65,31.65,30.92,31.32,246600,12.72
2006-01-26,30.90,31.48,30.81,31.36,106000,12.74
2006-01-25,30.05,31.30,30.04,30.70,344600,12.47
2006-01-24,29.31,29.99,28.96,29.92,264200,12.15
2006-01-23,28.75,29.79,28.61,29.07,175200,11.81
2006-01-20,28.38,28.72,28.00,28.68,258000,11.65
2006-01-19,27.34,28.50,27.34,28.20,221200,11.45
2006-01-18,27.95,27.95,26.75,27.37,310200,11.12
2006-01-17,28.04,28.74,27.50,28.06,110000,11.40
2006-01-13,29.12,29.12,28.11,28.22,184800,11.46
2006-01-12,29.24,29.59,28.89,28.92,121800,11.75
2006-01-11,29.54,29.94,29.33,29.35,144800,11.92
2006-01-10,29.61,29.75,29.50,29.62,98200,12.03
2006-01-09,29.22,30.03,29.01,29.95,147000,12.17
2006-01-06,29.74,30.00,29.25,29.30,194000,11.90
2006-01-05,29.63,30.00,29.63,29.81,112200,12.11
2006-01-04,29.96,30.18,29.50,29.65,152400,12.04
2006-01-03,29.25,30.03,28.60,29.78,221600,12.10
2005-12-30,29.29,29.39,28.80,28.85,123600,11.72
2005-12-29,29.80,29.80,29.06,29.24,100200,11.88
2005-12-28,28.99,29.79,28.50,29.59,104000,12.02
2005-12-27,29.74,30.45,28.76,29.04,200600,11.80
2005-12-23,30.35,30.35,29.68,29.74,61400,12.08
2005-12-22,30.37,30.41,29.93,30.14,127200,12.24
2005-12-21,29.93,30.70,29.85,30.06,136800,12.21
2005-12-20,31.27,31.27,30.09,30.09,178200,12.19
2005-12-19,32.33,32.33,30.75,31.00,112200,12.56
2005-12-16,31.90,32.53,31.77,31.99,285800,12.96
2005-12-15,32.70,32.77,31.15,31.80,136200,12.89
2005-12-14,31.95,32.93,31.80,32.45,223600,13.15
2005-12-13,30.94,31.83,30.62,31.79,137400,12.88
2005-12-12,31.94,32.17,31.36,31.42,84200,12.73
2005-12-09,31.50,31.94,31.23,31.85,106000,12.91
2005-12-08,31.02,31.58,30.79,31.23,121600,12.66
2005-12-07,31.74,31.79,31.33,31.56,119200,12.79
2005-12-06,31.59,31.87,31.37,31.65,149600,12.83
2005-12-05,31.82,31.97,31.24,31.69,88600,12.84
2005-12-02,31.87,32.09,31.21,31.65,104000,12.83
2005-12-01,30.90,31.95,30.90,31.87,159600,12.92
2005-11-30,30.41,30.87,29.37,30.44,361000,12.34
2005-11-29,30.35,31.23,30.16,30.51,102800,12.36
2005-11-28,30.99,31.10,30.17,30.32,183400,12.29
2005-11-25,31.37,31.48,30.80,31.19,69200,12.64
2005-11-23,31.74,31.79,31.00,31.13,75000,12.62
2005-11-22,32.35,32.39,31.63,31.90,163000,12.93
2005-11-21,30.93,32.44,30.93,32.28,357200,13.08
2005-11-18,30.23,31.18,30.01,31.05,213200,12.58
2005-11-17,28.92,29.80,28.92,29.79,480600,12.07
2005-11-16,30.25,30.57,27.53,27.95,899800,11.33
2005-11-15,30.92,31.50,30.16,30.29,166800,12.27
2005-11-14,32.18,32.18,30.56,31.04,153600,12.58
2005-11-11,31.46,32.26,31.31,32.17,96000,13.04
2005-11-10,31.91,32.12,30.44,31.67,255200,12.83
2005-11-09,31.36,32.42,30.14,31.91,249200,12.93
2005-11-08,32.73,32.73,30.79,31.35,242200,12.70
2005-11-07,33.05,33.15,32.46,32.71,142200,13.26
2005-11-04,32.26,32.75,31.95,32.75,199600,13.27
2005-11-03,32.42,32.99,31.52,31.94,276000,12.94
2005-11-02,30.75,32.05,30.50,31.93,316800,12.94
2005-11-01,31.66,31.70,30.20,30.34,427800,12.30
2005-10-31,30.00,31.99,29.44,31.44,824800,12.74
2005-10-28,27.91,29.00,27.91,28.90,173400,11.71
2005-10-27,28.72,28.76,27.62,27.90,98000,11.31
2005-10-26,28.81,29.10,28.40,28.71,123000,11.63
2005-10-25,29.33,29.33,27.60,28.75,281400,11.65
2005-10-24,29.47,29.59,29.07,29.33,270200,11.89
2005-10-21,30.00,30.00,28.88,29.26,267600,11.86
2005-10-20,30.00,30.15,29.50,30.00,212000,12.16
2005-10-19,29.52,29.97,28.83,29.82,200200,12.08
2005-10-18,29.55,29.55,29.23,29.51,139400,11.96
2005-10-17,28.99,29.52,28.95,29.48,165400,11.95
2005-10-14,28.92,29.00,28.50,28.98,122600,11.74
2005-10-13,28.17,28.77,28.00,28.55,165800,11.57
2005-10-12,29.04,29.11,28.40,28.69,103000,11.63
2005-10-11,29.45,29.60,28.90,29.03,94200,11.76
2005-10-10,29.12,29.56,28.74,29.42,84400,11.92
2005-10-07,28.24,29.40,28.24,28.92,78200,11.72
2005-10-06,29.30,29.68,27.31,28.39,325200,11.50
2005-10-05,29.38,30.28,29.20,29.41,188000,11.92
2005-10-04,30.08,30.26,29.43,29.51,221800,11.96
2005-10-03,29.06,30.00,28.80,29.86,121600,12.10
2005-09-30,30.97,30.97,28.99,29.25,322400,11.85
2005-09-29,30.20,30.84,29.63,30.82,283600,12.49
2005-09-28,29.83,30.19,29.60,29.98,255600,12.15
2005-09-27,29.40,29.99,28.80,29.98,263600,12.15
2005-09-26,29.10,29.68,28.81,29.25,339200,11.85
2005-09-23,27.66,29.45,27.66,28.81,310800,11.68
2005-09-22,26.95,28.28,26.95,27.80,202800,11.27
2005-09-21,27.94,28.11,27.22,27.24,208200,11.01
2005-09-20,27.57,28.18,27.27,27.73,344400,11.21
2005-09-19,27.72,27.99,27.02,27.52,543400,11.12
2005-09-16,26.87,27.84,26.76,27.70,698200,11.20
2005-09-15,26.93,27.20,26.34,26.66,245800,10.78
2005-09-14,26.70,27.15,26.40,26.92,261200,10.88
2005-09-13,26.80,26.93,26.12,26.69,114000,10.79
2005-09-12,26.45,27.00,26.18,26.98,226200,10.91
2005-09-09,26.23,26.55,25.94,26.54,190000,10.73
2005-09-08,26.37,26.55,26.00,26.02,86400,10.52
2005-09-07,26.14,26.79,25.70,26.50,187600,10.71
2005-09-06,25.69,26.21,25.50,26.17,165800,10.58
2005-09-02,26.18,26.56,25.50,25.64,116200,10.36
2005-09-01,26.00,26.75,25.58,26.08,204600,10.54
2005-08-31,25.28,26.00,24.96,26.00,327000,10.51
2005-08-30,25.00,25.33,23.91,25.09,303200,10.14
2005-08-29,23.10,24.93,23.04,24.88,213600,10.06
2005-08-26,23.13,23.41,22.55,23.06,140800,9.32
2005-08-25,23.25,23.66,22.96,23.12,187800,9.35
2005-08-24,23.26,23.98,23.19,23.25,102400,9.40
2005-08-23,23.93,24.10,23.20,23.33,95200,9.43
2005-08-22,23.95,24.50,23.44,23.93,162800,9.67
2005-08-19,23.54,24.20,23.54,23.71,98200,9.58
2005-08-18,24.11,24.11,23.10,23.57,302000,9.53
2005-08-17,22.07,24.61,21.80,24.12,491800,9.75
2005-08-16,22.89,22.93,21.75,21.76,154400,8.80
2005-08-15,23.00,23.35,22.60,23.00,138400,9.30
2005-08-12,22.92,23.19,22.32,23.07,192400,9.32
2005-08-11,23.25,23.45,22.61,23.16,168200,9.36
2005-08-10,23.69,24.63,23.00,23.47,178800,9.49
2005-08-09,23.90,24.19,23.39,23.62,84200,9.55
2005-08-08,23.56,24.13,23.18,23.56,137400,9.52
2005-08-05,24.15,24.59,22.60,23.56,262400,9.52
2005-08-04,24.65,25.01,23.80,24.15,231400,9.76
2005-08-03,25.34,25.47,24.82,24.94,108800,10.08
2005-08-02,26.17,26.46,25.28,25.40,184400,10.27
2005-08-01,26.35,26.99,26.10,26.10,160000,10.55
2005-07-29,26.96,26.99,25.95,26.42,148200,10.68
2005-07-28,25.50,26.95,25.48,26.79,358600,10.83
2005-07-27,25.50,25.65,25.15,25.56,91400,10.33
2005-07-26,25.51,25.65,24.99,25.40,85400,10.27
2005-07-25,25.55,25.55,25.13,25.33,82600,10.24
2005-07-22,25.00,25.57,25.00,25.45,136800,10.29
2005-07-21,25.59,25.64,24.81,25.03,133400,10.12
2005-07-20,25.23,25.67,24.97,25.56,107800,10.33
2005-07-19,24.90,25.63,24.88,25.34,114200,10.24
2005-07-18,25.68,25.80,24.60,24.96,203200,10.09
2005-07-15,24.68,25.55,24.60,25.37,91600,10.25
2005-07-14,25.19,25.59,24.92,25.00,125800,10.11
2005-07-13,25.25,25.85,24.39,25.04,164600,10.12
2005-07-12,25.75,25.91,24.20,25.26,124000,10.21
2005-07-11,25.27,26.32,25.24,25.79,218400,10.42
2005-07-08,24.43,25.23,23.82,25.02,141000,10.11
2005-07-07,23.69,24.38,23.40,24.09,133400,9.74
2005-07-06,24.52,24.77,23.66,24.42,119600,9.87
2005-07-05,23.60,24.52,23.60,24.50,198400,9.90
2005-07-01,23.82,24.06,23.33,23.89,121400,9.66
2005-06-30,23.94,24.86,23.42,23.42,154400,9.47
2005-06-29,24.08,24.66,23.70,24.03,228600,9.71
2005-06-28,22.51,24.04,22.51,23.90,286800,9.66
2005-06-27,22.74,23.08,21.97,22.45,406800,9.07
2005-06-24,23.87,23.92,22.38,23.14,528800,9.35
2005-06-23,25.95,26.23,23.80,24.05,574800,9.72
2005-06-22,26.56,26.71,25.80,26.14,214400,10.57
2005-06-21,26.94,26.94,26.51,26.60,110000,10.72
2005-06-20,26.72,27.00,26.61,26.74,164600,10.78
2005-06-17,27.15,27.15,26.00,26.65,244800,10.74
2005-06-16,27.21,27.33,26.55,26.87,163000,10.83
2005-06-15,26.76,27.17,26.16,26.99,167000,10.88
2005-06-14,26.98,27.20,26.50,26.85,138600,10.82
2005-06-13,27.00,27.00,25.80,26.90,384200,10.84
2005-06-10,27.74,27.75,26.93,27.28,136200,11.00
2005-06-09,27.60,27.78,26.84,27.62,269800,11.13
2005-06-08,25.91,27.70,25.69,27.36,434200,11.03
2005-06-07,25.76,26.90,25.75,25.90,249000,10.44
2005-06-06,25.38,26.57,25.36,26.02,257400,10.49
2005-06-03,26.70,27.67,24.87,25.79,519400,10.40
2005-06-02,26.80,27.13,26.52,26.92,381800,10.85
2005-06-01,25.70,26.89,25.51,26.82,489400,10.81
2005-05-31,25.29,26.46,24.63,25.48,778600,10.27
2005-05-27,23.45,24.93,23.26,24.61,415800,9.92
2005-05-26,22.83,23.25,22.83,23.25,171600,9.37
2005-05-25,23.34,23.34,22.45,23.00,170400,9.27
2005-05-24,23.38,23.43,22.95,23.19,135000,9.35
2005-05-23,23.42,23.46,23.11,23.32,189000,9.40
2005-05-20,23.07,23.23,22.21,23.10,311000,9.31
2005-05-19,21.79,23.50,21.50,22.95,510000,9.25
2005-05-18,20.30,21.25,20.00,21.18,91000,8.54
2005-05-17,19.89,20.20,19.87,20.04,41800,8.08
2005-05-16,19.94,19.97,19.58,19.97,71200,8.05
2005-05-13,20.77,20.77,19.80,20.12,67800,8.11
2005-05-12,20.33,20.63,20.33,20.46,59000,8.25
2005-05-11,20.43,20.47,20.10,20.40,56400,8.22
2005-05-10,20.48,20.62,20.20,20.31,86400,8.19
2005-05-09,19.84,20.87,19.45,20.73,118800,8.36
2005-05-06,20.50,20.61,19.75,19.75,80000,7.96
2005-05-05,20.30,20.46,19.75,20.45,48200,8.24
2005-05-04,19.88,20.33,19.52,20.25,81600,8.16
2005-05-03,19.29,20.05,19.29,19.73,115200,7.95
2005-05-02,19.01,19.59,18.68,19.16,59400,7.72
2005-04-29,18.81,19.22,18.26,19.06,76800,7.68
2005-04-28,18.85,19.15,18.26,18.58,104200,7.49
2005-04-27,18.98,19.26,18.23,18.82,109600,7.59
2005-04-26,19.70,19.70,18.91,19.15,71800,7.72
2005-04-25,18.74,19.66,18.58,19.60,157800,7.90
2005-04-22,20.03,20.03,18.61,18.98,166200,7.65
2005-04-21,20.28,20.37,19.80,20.25,73200,8.16
2005-04-20,21.00,21.05,19.49,20.11,148600,8.11
2005-04-19,20.98,21.18,20.77,21.18,56800,8.54
2005-04-18,20.19,20.55,19.68,20.44,102400,8.24
2005-04-15,20.79,21.10,19.91,20.14,155000,8.12
2005-04-14,21.16,21.26,20.62,20.65,99200,8.32
2005-04-13,21.27,22.00,21.01,21.16,135200,8.53
2005-04-12,20.79,21.85,20.64,21.48,139600,8.66
2005-04-11,21.22,21.29,20.16,20.74,62800,8.36
2005-04-08,21.80,21.85,20.57,21.08,137000,8.50
2005-04-07,21.64,21.80,21.54,21.76,83200,8.77
2005-04-06,21.04,21.77,21.04,21.44,172400,8.64
2005-04-05,20.66,21.24,20.66,21.10,138400,8.51
2005-04-04,20.07,20.80,19.83,20.80,142000,8.39
2005-04-01,20.42,20.74,20.12,20.22,93800,8.15
2005-03-31,20.45,20.48,20.25,20.42,132400,8.23
2005-03-30,19.82,20.48,19.82,20.47,198000,8.25
2005-03-29,19.90,20.27,19.74,19.88,172000,8.01
2005-03-28,19.92,20.27,19.92,20.27,57000,8.17
2005-03-24,20.26,20.41,20.01,20.09,74800,8.10
2005-03-23,20.43,20.43,19.83,20.18,127800,8.14
2005-03-22,20.36,20.70,20.34,20.43,61200,8.21
2005-03-21,19.95,20.62,19.85,20.39,137400,8.19
2005-03-18,20.19,20.74,20.00,20.17,197600,8.10
2005-03-17,20.20,20.66,19.69,20.55,162600,8.26
2005-03-16,20.74,20.75,20.35,20.47,255800,8.22
2005-03-15,21.50,21.60,20.50,20.67,378800,8.30
2005-03-14,21.53,22.28,21.25,21.61,555200,8.68
2005-03-11,21.09,21.45,21.09,21.32,234600,8.57
2005-03-10,20.01,21.41,20.01,21.15,498000,8.50
2005-03-09,19.30,21.35,19.27,20.41,328400,8.20
2005-03-08,19.37,19.87,19.34,19.57,80400,7.86
2005-03-07,20.24,20.25,19.52,19.58,204400,7.87
2005-03-04,19.76,20.25,19.50,19.74,194400,7.93
2005-03-03,18.30,20.00,18.30,19.55,217400,7.85
2005-03-02,18.59,18.60,18.11,18.30,187600,7.35
2005-03-01,18.00,18.39,18.00,18.30,230000,7.35
2005-02-28,18.40,18.62,18.04,18.11,80200,7.28
2005-02-25,18.22,18.75,18.12,18.57,110000,7.46
2005-02-24,18.07,18.48,18.07,18.44,67600,7.41
2005-02-23,18.34,18.60,18.01,18.21,128200,7.32
2005-02-22,18.20,18.46,17.80,18.18,158400,7.30
2005-02-18,17.90,18.16,17.50,18.04,162400,7.25
2005-02-17,17.37,17.68,17.33,17.51,162800,7.03
2005-02-16,17.30,17.68,17.18,17.53,99600,7.04
2005-02-15,17.15,17.50,17.07,17.40,56800,6.99
2005-02-14,17.38,17.66,17.30,17.52,63400,7.04
2005-02-11,17.07,17.65,16.54,17.62,141200,7.08
2005-02-10,17.14,17.69,17.02,17.08,66600,6.86
2005-02-09,17.61,17.95,17.10,17.15,107200,6.89
2005-02-08,17.78,18.00,17.67,17.72,116000,7.12
2005-02-07,17.94,18.17,17.77,17.95,92800,7.21
2005-02-04,17.60,18.23,17.50,18.22,105600,7.32
2005-02-03,17.92,18.09,17.60,17.70,125800,7.11
2005-02-02,18.00,18.16,17.76,18.04,139800,7.25
2005-02-01,18.10,18.30,18.00,18.03,176600,7.24
2005-01-31,17.88,18.43,17.88,18.38,136200,7.38
2005-01-28,18.00,18.26,17.76,17.88,137600,7.18
2005-01-27,18.28,18.35,17.90,18.01,63400,7.24
2005-01-26,17.54,18.12,17.54,18.11,73800,7.28
2005-01-25,17.82,17.92,17.50,17.77,216800,7.14
2005-01-24,17.66,18.24,17.45,17.58,254400,7.06
2005-01-21,17.85,18.31,17.50,17.67,376400,7.10
2005-01-20,18.51,18.51,17.05,17.70,465800,7.11
2005-01-19,18.25,18.50,18.21,18.33,245200,7.36
2005-01-18,18.69,18.69,18.13,18.38,184400,7.38
2005-01-14,18.35,18.50,18.12,18.40,69600,7.39
2005-01-13,18.35,18.43,18.00,18.17,74400,7.30
2005-01-12,18.11,18.19,17.90,18.15,162800,7.29
2005-01-11,17.76,18.39,17.76,18.05,255400,7.25
2005-01-10,18.10,18.18,17.79,17.99,273200,7.23
2005-01-07,18.77,19.04,17.67,17.88,370800,7.18
2005-01-06,18.90,19.08,18.60,18.81,130600,7.56
2005-01-05,19.00,19.25,18.62,18.65,225200,7.49
2005-01-04,20.25,20.25,19.00,19.16,281600,7.70
2005-01-03,21.74,21.74,19.77,20.02,338800,8.04
2004-12-31,21.60,21.88,21.07,21.31,270200,8.56
2004-12-30,21.15,21.44,20.96,21.06,187800,8.46
2004-12-29,21.00,21.40,20.40,21.04,340400,8.45
2004-12-28,19.49,21.10,19.47,21.01,329400,8.44
2004-12-27,19.73,19.73,19.30,19.53,108200,7.85
2004-12-23,19.50,19.77,19.21,19.54,99400,7.85
2004-12-22,18.68,19.35,18.36,19.18,272200,7.71
2004-12-21,18.65,19.18,18.47,18.52,193400,7.44
2004-12-20,19.06,19.48,18.60,18.60,193000,7.45
2004-12-17,18.71,19.30,18.62,19.20,232800,7.69
2004-12-16,18.75,18.83,18.36,18.65,201800,7.47
2004-12-15,19.25,19.49,18.75,18.83,168400,7.54
2004-12-14,18.25,19.20,18.25,19.18,241200,7.68
2004-12-13,18.24,18.74,18.24,18.66,226200,7.47
2004-12-10,18.08,18.91,18.01,18.74,262800,7.51
2004-12-09,18.89,19.22,18.01,18.08,657800,7.24
2004-12-08,19.09,19.40,18.82,19.00,599800,7.61
2004-12-07,19.43,19.80,18.69,19.46,749200,7.80
2004-12-06,20.65,21.01,19.53,19.84,376000,7.95
2004-12-03,20.40,20.92,20.30,20.74,168200,8.31
2004-12-02,21.09,21.27,20.24,20.65,328600,8.27
2004-12-01,21.40,21.71,21.25,21.30,184200,8.53
2004-11-30,22.24,22.24,21.30,21.47,146400,8.60
2004-11-29,22.50,22.50,21.65,21.90,197000,8.77
2004-11-26,22.05,22.41,21.67,21.80,125000,8.73
2004-11-24,21.81,21.90,21.14,21.71,280200,8.70
2004-11-23,21.12,21.38,20.54,21.35,321800,8.55
2004-11-22,19.93,21.30,19.82,20.60,714400,8.25
2004-11-19,21.63,22.61,20.50,20.50,965000,8.21
2004-11-18,26.20,26.94,21.92,22.48,838400,9.00
2004-11-17,24.52,26.00,23.82,25.47,387400,10.20
2004-11-16,24.21,26.87,23.74,23.92,672000,9.58
2004-11-15,26.00,26.58,25.01,26.56,505400,10.64
2004-11-12,24.00,25.55,23.21,25.44,545800,10.19
2004-11-11,22.72,23.65,22.30,23.23,157000,9.31
2004-11-10,21.67,22.58,21.58,22.26,124400,8.92
2004-11-09,21.78,22.10,21.50,21.97,113000,8.80
2004-11-08,21.82,22.19,21.50,21.53,87400,8.62
2004-11-05,22.39,22.84,21.50,22.25,162400,8.91
2004-11-04,21.99,22.47,21.14,22.17,106200,8.88
2004-11-03,22.20,22.39,20.54,21.75,279000,8.71
2004-11-02,21.74,22.20,21.16,21.75,133400,8.71
2004-11-01,22.25,23.00,21.36,22.25,314000,8.91
2004-10-29,22.61,23.00,22.50,22.56,111400,9.04
2004-10-28,22.50,23.39,22.50,23.00,119600,9.21
2004-10-27,23.39,23.39,22.70,22.93,106600,9.19
2004-10-26,23.14,23.38,22.23,22.76,143000,9.12
2004-10-25,22.90,23.42,22.01,23.07,213400,9.24
2004-10-22,23.68,23.68,22.01,22.16,279000,8.88
2004-10-21,23.65,23.89,23.11,23.26,336400,9.32
2004-10-20,22.00,23.10,21.34,23.00,229000,9.21
2004-10-19,21.50,22.25,21.18,21.83,254000,8.74
2004-10-18,21.40,21.40,19.26,20.26,324200,8.12
2004-10-15,40.81,41.77,40.28,40.93,214000,8.20
2004-10-14,42.06,42.42,40.16,40.39,370000,8.09
2004-10-13,44.71,45.27,41.26,41.87,441200,8.39
2004-10-12,44.75,45.05,44.51,44.88,143200,8.99
2004-10-11,45.49,45.50,44.78,45.42,115200,9.10
2004-10-08,45.70,45.79,45.00,45.09,92800,9.03
2004-10-07,44.50,45.99,44.50,45.32,107600,9.08
2004-10-06,45.49,45.49,44.74,45.00,214400,9.01
2004-10-05,45.84,45.84,45.29,45.65,208400,9.14
2004-10-04,44.44,45.70,44.44,45.35,240000,9.08
2004-10-01,44.70,44.75,44.01,44.65,107200,8.94
2004-09-30,44.49,45.00,44.05,44.45,148800,8.90
2004-09-29,44.05,44.50,43.80,44.50,169200,8.91
2004-09-28,43.00,44.05,42.82,44.00,147200,8.81
2004-09-27,43.98,44.00,42.99,42.99,86000,8.61
2004-09-24,44.46,44.46,43.60,43.77,47200,8.77
2004-09-23,44.53,44.53,44.01,44.01,186400,8.81
2004-09-22,44.42,44.68,42.81,44.48,197200,8.91
2004-09-21,42.05,43.95,42.05,43.79,207200,8.75
2004-09-20,43.10,43.26,42.24,42.24,126400,8.44
2004-09-17,43.90,44.48,42.00,43.03,172000,8.60
2004-09-16,43.30,43.78,42.00,43.56,119200,8.70
2004-09-15,43.20,43.91,41.56,42.88,385200,8.57
2004-09-14,43.63,43.63,42.80,43.46,94000,8.68
2004-09-13,43.36,44.00,43.25,43.46,192400,8.68
2004-09-10,43.64,43.65,43.01,43.49,98800,8.69
2004-09-09,42.84,43.99,42.30,43.42,268400,8.67
2004-09-08,41.92,42.75,41.50,42.50,170400,8.49
2004-09-07,41.78,42.45,41.16,41.65,276000,8.32
2004-09-03,41.99,41.99,41.15,41.64,100400,8.32
2004-09-02,41.62,42.15,41.51,41.75,144400,8.34
2004-09-01,41.68,42.63,41.01,41.42,199600,8.27
2004-08-31,41.40,41.49,40.25,41.00,152400,8.19
2004-08-30,41.41,42.23,40.32,40.71,302800,8.13
2004-08-27,39.00,40.84,39.00,40.81,104800,8.15
2004-08-26,39.11,39.99,39.11,39.67,153600,7.93
2004-08-25,39.50,39.50,38.85,39.25,174000,7.84
2004-08-24,39.00,39.25,39.00,39.25,182400,7.84
2004-08-23,39.46,39.50,37.98,38.78,142800,7.75
2004-08-20,36.33,39.50,36.16,39.19,313200,7.83
2004-08-19,40.49,40.50,34.83,35.90,316000,7.17
2004-08-18,39.38,39.98,38.66,39.21,118000,7.83
2004-08-17,38.90,40.25,38.51,38.67,78400,7.73
2004-08-16,37.49,38.80,36.55,38.35,122000,7.66
2004-08-13,37.35,37.45,36.60,36.96,59600,7.38
2004-08-12,37.55,37.81,37.18,37.33,90800,7.46
2004-08-11,38.40,38.40,37.35,37.90,61200,7.57
2004-08-10,37.62,38.27,37.44,38.25,90000,7.64
2004-08-09,37.53,38.30,37.10,37.90,80000,7.57
2004-08-06,37.90,38.30,37.10,37.33,95600,7.46
2004-08-05,39.93,39.94,38.57,38.57,47200,7.71
2004-08-04,40.22,40.22,38.37,39.55,119600,7.90
2004-08-03,39.49,40.13,39.30,39.53,195600,7.90
2004-08-02,37.67,39.71,37.67,39.49,177600,7.89
2004-07-30,37.88,38.87,36.41,38.12,138000,7.62
2004-07-29,38.00,38.00,37.27,37.97,92800,7.59
2004-07-28,35.81,38.05,34.50,38.00,286400,7.59
2004-07-27,36.98,36.98,35.75,35.89,213200,7.17
2004-07-26,38.12,38.12,36.50,36.50,108000,7.29
2004-07-23,38.15,38.15,37.19,37.19,242400,7.43
2004-07-22,37.50,38.02,36.57,38.02,258800,7.60
2004-07-21,37.95,38.00,36.85,36.85,54000,7.36
2004-07-20,37.50,37.50,36.66,37.44,106400,7.48
2004-07-19,36.95,37.54,36.48,37.30,64000,7.45
2004-07-16,37.11,37.57,36.44,36.80,29600,7.35
2004-07-15,37.15,37.91,36.86,36.95,76800,7.38
2004-07-14,37.23,37.23,36.26,37.13,69600,7.42
2004-07-13,36.69,37.68,36.03,36.93,92800,7.38
2004-07-12,35.70,36.27,35.57,36.21,96800,7.23
2004-07-09,35.77,35.92,35.53,35.70,30400,7.13
2004-07-08,36.08,36.08,35.26,35.26,31200,7.04
2004-07-07,35.87,36.00,35.47,35.97,45600,7.19
2004-07-06,36.00,36.00,34.49,36.00,81600,7.19
2004-07-02,35.25,35.93,35.18,35.55,32400,7.10
2004-07-01,35.48,35.92,35.18,35.27,59200,7.05
2004-06-30,35.01,36.00,35.01,35.53,109600,7.10
2004-06-29,36.00,36.45,35.06,35.30,78800,7.05
2004-06-28,34.92,35.82,34.44,35.33,59200,7.06
2004-06-25,35.45,35.85,34.43,35.78,156800,7.15
2004-06-24,35.50,35.50,34.25,35.27,52400,7.05
2004-06-23,34.91,35.39,34.47,35.13,124800,7.02
2004-06-22,35.30,35.80,34.72,35.80,99600,7.13
2004-06-21,35.11,36.00,35.11,35.52,81600,7.07
2004-06-18,34.75,35.94,34.75,35.68,138400,7.11
2004-06-17,35.72,35.72,34.87,35.03,38400,6.98
2004-06-16,34.68,36.24,34.68,35.12,193600,6.99
2004-06-15,34.19,34.52,34.01,34.42,70000,6.86
2004-06-14,34.50,34.50,33.80,33.80,66000,6.73
2004-06-10,33.00,34.27,33.00,33.78,84000,6.73
2004-06-09,33.80,34.03,33.00,33.31,44000,6.63
2004-06-08,33.90,33.90,33.40,33.64,70400,6.70
2004-06-07,33.06,34.11,33.03,33.89,70400,6.75
2004-06-04,32.37,33.05,32.37,32.84,27600,6.54
2004-06-03,31.93,32.88,31.82,32.45,101200,6.46
2004-06-02,32.19,32.89,31.84,32.87,101200,6.55
2004-06-01,31.93,32.95,31.93,32.00,80400,6.37
2004-05-28,32.19,32.68,31.65,31.78,339200,6.33
2004-05-27,32.13,32.13,31.76,32.01,224400,6.38
2004-05-26,32.98,32.98,31.50,31.84,212800,6.34
2004-05-25,31.20,32.98,30.72,32.73,152800,6.52
2004-05-24,31.87,32.00,31.01,31.01,76400,6.18
2004-05-21,31.66,32.00,31.09,32.00,35200,6.37
2004-05-20,30.25,31.17,30.00,31.17,140000,6.21
2004-05-19,26.75,29.99,26.75,29.68,364800,5.91
2004-05-18,26.30,26.75,26.19,26.74,38000,5.33
2004-05-17,27.58,27.58,26.20,26.68,117200,5.31
2004-05-14,27.28,27.74,27.00,27.00,32800,5.38
2004-05-13,26.70,27.68,26.49,27.37,78000,5.45
2004-05-12,28.00,28.10,26.16,26.72,368400,5.32
2004-05-11,28.83,28.83,27.94,27.94,202400,5.56
2004-05-10,31.29,31.30,28.00,29.14,322400,5.80
2004-05-07,31.22,31.89,31.10,31.30,48400,6.23
2004-05-06,32.45,32.45,30.35,31.25,64000,6.22
2004-05-05,32.58,32.75,32.19,32.48,28400,6.47
2004-05-04,32.70,32.71,32.00,32.33,17200,6.44
2004-05-03,33.22,33.22,32.11,32.11,35200,6.40
2004-04-30,32.00,33.98,32.00,32.50,71200,6.47
2004-04-29,31.50,32.38,31.50,32.00,82000,6.37
2004-04-28,33.64,33.75,32.75,33.07,58400,6.34
2004-04-27,34.34,34.34,32.44,33.63,64000,6.44
2004-04-26,32.34,34.05,32.34,33.58,120000,6.44
2004-04-23,32.95,33.00,32.50,32.53,25600,6.23
2004-04-22,32.45,33.00,32.37,32.95,36400,6.31
2004-04-21,32.16,32.20,32.00,32.10,22800,6.15
2004-04-20,33.00,33.00,32.13,32.43,49600,6.21
2004-04-19,32.33,32.60,32.09,32.60,80400,6.25
2004-04-16,32.51,32.51,32.25,32.40,58800,6.21
2004-04-15,32.52,33.16,32.10,32.46,83600,6.22
2004-04-14,31.98,32.52,31.98,32.52,80800,6.23
2004-04-13,32.50,32.82,31.82,32.17,110000,6.17
2004-04-12,31.81,32.50,31.75,32.50,42400,6.23
2004-04-08,31.67,32.29,31.67,31.96,20000,6.12
2004-04-07,31.93,33.12,31.50,31.96,102400,6.12
2004-04-06,33.14,34.35,32.00,32.03,104000,6.14
2004-04-05,31.56,33.70,31.53,33.64,142400,6.45
2004-04-02,31.50,31.50,31.06,31.50,47600,6.04
2004-04-01,30.49,31.40,30.39,31.40,37600,6.02
2004-03-31,30.39,30.63,30.27,30.56,31600,5.86
2004-03-30,30.05,30.57,29.68,30.34,14800,5.81
2004-03-29,29.68,30.50,29.68,30.35,27200,5.82
2004-03-26,29.71,30.23,29.58,29.58,12000,5.67
2004-03-25,29.70,29.70,29.38,29.70,56800,5.69
2004-03-24,29.18,29.70,29.17,29.58,49200,5.67
2004-03-23,29.65,29.99,29.13,29.55,19600,5.64
2004-03-22,29.51,30.00,29.35,29.71,91200,5.67
2004-03-19,29.81,29.81,29.21,29.59,68000,5.65
2004-03-18,29.78,29.79,29.29,29.56,35200,5.64
2004-03-17,28.35,29.93,28.35,29.70,62400,5.67
2004-03-16,28.44,28.70,28.18,28.52,44400,5.45
2004-03-15,29.16,29.16,28.36,28.36,78800,5.41
2004-03-12,28.54,29.49,28.51,29.44,45200,5.62
2004-03-11,28.91,29.30,28.60,28.60,84800,5.46
2004-03-10,28.97,29.24,28.26,28.81,123600,5.50
2004-03-09,30.18,30.54,27.94,28.50,392400,5.44
2004-03-08,30.54,30.57,29.84,29.84,95600,5.70
2004-03-05,30.44,30.70,29.94,29.94,33600,5.72
2004-03-04,30.41,30.90,30.32,30.59,36800,5.84
2004-03-03,30.17,31.00,30.17,30.72,177200,5.87
2004-03-02,30.75,31.00,29.83,30.11,106800,5.75
2004-03-01,31.80,32.00,30.81,31.75,154400,6.06
2004-02-27,30.95,31.95,30.95,31.64,85200,6.04
2004-02-26,32.25,32.50,30.80,31.20,102400,5.96
2004-02-25,31.86,32.20,31.67,32.20,26000,6.15
2004-02-24,31.25,32.31,30.86,32.31,185600,6.17
2004-02-23,30.00,31.43,30.00,30.93,103200,5.91
2004-02-20,30.00,30.50,29.50,30.15,62400,5.76
2004-02-19,30.80,30.80,29.91,29.95,68800,5.72
2004-02-18,30.70,31.50,30.18,30.46,87200,5.82
2004-02-17,30.00,30.73,29.95,30.50,220400,5.82
2004-02-13,30.00,30.03,29.85,29.95,168800,5.72
2004-02-12,29.90,30.23,29.81,30.00,257600,5.73
2004-02-11,29.82,30.00,29.64,30.00,39600,5.73
2004-02-10,28.69,29.95,28.69,29.95,76400,5.72
2004-02-09,28.10,28.70,28.10,28.68,43600,5.48
2004-02-06,27.31,28.39,27.31,28.37,26400,5.42
2004-02-05,27.94,28.05,27.30,27.55,124400,5.26
2004-02-04,28.50,28.50,28.00,28.14,146400,5.37
2004-02-03,28.12,28.59,28.12,28.30,15200,5.40
2004-02-02,28.13,28.51,28.12,28.51,80400,5.44
2004-01-30,28.11,28.62,28.11,28.21,109200,5.39
2004-01-29,28.55,28.67,28.23,28.43,30400,5.43
2004-01-28,29.54,29.54,28.37,28.40,54000,5.42
2004-01-27,29.38,29.88,28.90,29.48,50400,5.63
2004-01-26,29.12,29.63,28.57,29.63,97600,5.66
2004-01-23,28.33,29.00,28.07,29.00,82800,5.54
2004-01-22,28.99,29.00,28.40,28.40,60800,5.42
2004-01-21,28.69,29.00,28.47,28.94,34800,5.53
2004-01-20,29.04,29.25,28.60,28.95,96000,5.53
2004-01-16,28.99,29.25,28.90,29.10,90400,5.56
2004-01-15,29.00,29.00,28.70,29.00,47200,5.54
2004-01-14,28.60,29.21,28.60,28.96,86800,5.53
2004-01-13,29.00,29.03,28.47,28.87,92000,5.51
2004-01-12,28.84,29.00,28.68,29.00,107600,5.54
2004-01-09,29.05,29.05,28.75,28.95,41200,5.53
2004-01-08,28.50,29.05,28.25,29.00,136400,5.54
2004-01-07,29.08,29.08,27.57,28.47,172400,5.44
2004-01-06,29.24,29.36,28.60,28.93,130400,5.52
2004-01-05,29.08,29.49,29.00,29.00,95200,5.54
2004-01-02,29.77,29.77,29.25,29.26,64000,5.59
2003-12-31,30.05,30.05,29.49,29.50,54000,5.63
2003-12-30,30.20,30.20,29.88,30.05,59600,5.74
2003-12-29,29.28,30.45,29.17,30.14,174400,5.75
2003-12-26,28.90,29.35,28.81,29.35,32400,5.60
2003-12-24,29.39,29.39,29.20,29.25,24400,5.58
2003-12-23,29.00,29.43,29.00,29.40,56400,5.61
2003-12-22,29.20,29.35,28.50,29.35,59200,5.60
2003-12-19,29.90,29.90,28.75,29.29,55200,5.58
2003-12-18,29.50,29.50,28.73,29.33,75200,5.58
2003-12-17,28.92,29.18,28.30,28.73,57600,5.47
2003-12-16,28.53,28.90,28.50,28.90,54800,5.50
2003-12-15,29.40,29.40,28.63,28.79,66400,5.48
2003-12-12,29.49,29.49,28.62,29.15,94000,5.55
2003-12-11,28.90,29.28,28.52,29.20,80400,5.56
2003-12-10,29.35,29.35,28.30,28.88,56000,5.50
2003-12-09,28.85,29.00,28.30,28.31,100000,5.39
2003-12-08,28.24,29.34,28.24,28.81,237600,5.48
2003-12-05,28.15,28.25,28.04,28.25,63200,5.38
2003-12-04,27.75,28.04,27.44,28.04,478800,5.34
2003-12-03,28.09,28.24,27.50,27.53,162000,5.24
2003-12-02,28.06,28.15,27.75,27.91,145600,5.31
2003-12-01,27.51,27.81,27.30,27.74,535200,5.28
2003-11-28,28.20,28.20,27.50,27.50,32800,5.23
2003-11-26,28.00,28.49,27.47,27.64,78800,5.26
2003-11-25,27.23,28.45,26.88,27.60,588800,5.25
2003-11-24,27.15,27.24,26.87,27.15,292800,5.17
2003-11-21,26.62,27.10,26.62,27.01,104000,5.14
2003-11-20,27.15,27.15,26.65,26.98,124800,5.14
2003-11-19,25.69,27.40,25.69,27.04,710000,5.15
2003-11-18,26.29,26.59,25.33,25.86,185200,4.92
2003-11-17,25.72,26.15,25.11,26.00,43600,4.95
2003-11-14,26.11,26.26,25.50,25.51,27600,4.86
2003-11-13,25.75,26.49,25.67,25.86,36400,4.92
2003-11-12,27.00,27.00,25.67,26.30,34800,5.01
2003-11-11,26.35,26.75,26.01,26.43,58400,5.03
2003-11-10,25.44,26.65,25.15,26.24,89200,4.99
2003-11-07,24.20,26.20,24.07,25.12,95200,4.78
2003-11-06,25.20,25.45,23.77,24.28,178000,4.62
2003-11-05,26.13,26.24,25.33,25.33,39600,4.82
2003-11-04,26.40,26.78,25.78,25.96,38800,4.94
2003-11-03,26.49,26.92,26.13,26.35,48000,5.02
2003-10-31,26.92,26.92,26.15,26.15,18000,4.98
2003-10-30,26.70,26.70,26.24,26.48,24800,5.04
2003-10-29,26.48,26.90,26.19,26.59,58400,5.06
2003-10-28,25.75,26.49,25.75,26.49,67600,5.04
2003-10-27,25.00,26.23,24.99,26.15,79200,4.98
2003-10-24,25.41,25.63,25.01,25.23,33600,4.80
2003-10-23,25.38,25.97,25.38,25.68,33200,4.89
2003-10-22,26.00,26.20,25.75,25.77,45200,4.91
2003-10-21,26.13,26.20,25.94,26.01,31600,4.95
2003-10-20,26.20,26.20,25.94,26.09,24400,4.97
2003-10-17,26.05,26.20,26.00,26.01,48800,4.95
2003-10-16,25.77,26.23,25.75,26.05,87200,4.96
2003-10-15,26.10,26.10,25.80,25.94,20800,4.94
2003-10-14,26.10,26.10,25.79,26.00,35600,4.95
2003-10-13,26.00,26.24,25.75,26.00,72000,4.95
2003-10-10,25.84,26.20,25.05,26.00,116800,4.95
2003-10-09,25.73,26.00,25.05,25.27,88000,4.81
2003-10-08,25.78,25.99,25.72,25.78,19200,4.91
2003-10-07,26.26,26.26,25.75,26.00,22400,4.95
2003-10-06,26.26,26.26,25.76,26.04,54000,4.96
2003-10-03,26.35,26.39,25.85,25.89,38800,4.93
2003-10-02,25.99,26.34,25.90,26.30,65200,5.01
2003-10-01,25.21,26.29,24.92,26.29,30400,5.00
2003-09-30,24.50,25.40,24.50,24.60,72000,4.68
2003-09-29,24.80,25.46,23.81,24.99,89200,4.76
2003-09-26,25.21,25.50,24.91,25.01,55600,4.76
2003-09-25,25.47,25.50,25.36,25.36,48800,4.83
2003-09-24,25.45,25.50,25.45,25.47,63600,4.85
2003-09-23,25.96,25.96,25.40,25.50,57600,4.85
2003-09-22,25.63,25.70,25.34,25.52,67200,4.84
2003-09-19,25.55,25.55,25.39,25.48,46000,4.83
2003-09-18,25.27,25.55,25.27,25.50,34000,4.84
2003-09-17,25.25,25.50,25.25,25.50,19200,4.84
2003-09-16,25.31,25.50,24.91,25.44,34000,4.83
2003-09-15,25.34,25.44,24.67,25.38,16400,4.81
2003-09-12,25.35,25.35,25.08,25.25,39200,4.79
2003-09-11,25.54,25.54,25.00,25.34,48800,4.81
2003-09-10,25.51,25.56,24.76,25.26,76000,4.79
2003-09-09,25.90,25.90,25.74,25.74,34000,4.88
2003-09-08,26.00,26.00,25.50,25.90,76800,4.91
2003-09-05,26.45,26.45,25.25,25.58,238000,4.85
2003-09-04,26.54,26.55,26.39,26.39,74400,5.01
2003-09-03,26.26,26.60,26.26,26.39,62000,5.01
2003-09-02,27.13,27.46,26.27,26.45,150000,5.02
2003-08-29,27.30,27.30,26.01,26.76,36400,5.08
2003-08-28,25.89,27.10,25.40,27.00,65600,5.12
2003-08-27,25.19,25.63,24.55,25.63,64400,4.86
2003-08-26,24.56,25.00,24.52,25.00,44800,4.74
2003-08-25,24.59,24.63,24.36,24.56,44800,4.66
2003-08-22,24.55,24.55,24.33,24.40,40800,4.63
2003-08-21,25.62,25.62,23.90,24.51,164800,4.65
2003-08-20,25.84,25.84,23.48,24.99,71200,4.74
2003-08-19,25.50,25.77,24.72,25.72,91600,4.88
2003-08-18,23.50,25.38,23.22,25.38,165200,4.81
2003-08-15,23.00,24.98,22.86,23.97,30400,4.55
2003-08-14,23.00,23.40,22.70,23.24,66800,4.41
2003-08-13,24.00,25.00,23.44,23.44,76800,4.45
2003-08-12,23.15,23.76,22.90,23.62,94000,4.48
2003-08-11,23.10,23.25,22.86,23.15,70000,4.39
2003-08-08,23.00,23.13,22.84,22.85,90800,4.33
2003-08-07,22.80,23.06,22.11,22.98,91600,4.36
2003-08-06,22.24,22.38,22.06,22.15,34000,4.20
2003-08-05,22.80,22.80,21.90,22.30,82000,4.23
2003-08-04,21.66,22.83,21.50,22.22,140400,4.21
2003-08-01,21.88,22.89,21.24,22.00,159200,4.17
2003-07-31,21.71,21.79,21.57,21.78,28400,4.13
2003-07-30,20.78,22.00,20.78,21.50,77200,4.08
2003-07-29,20.99,21.10,20.61,21.09,72000,4.00
2003-07-28,21.02,21.09,20.69,20.99,53600,3.98
2003-07-25,20.98,21.09,20.65,20.99,93200,3.98
2003-07-24,21.10,22.00,21.00,21.00,91600,3.98
2003-07-23,21.25,21.40,20.93,21.05,98000,3.99
2003-07-22,20.20,21.15,20.20,20.95,230400,3.97
2003-07-21,20.21,21.00,19.40,20.00,40800,3.79
2003-07-18,20.22,20.50,20.20,20.40,88400,3.87
2003-07-17,20.76,21.00,20.25,20.38,71600,3.87
2003-07-16,20.42,20.83,20.42,20.83,14400,3.95
2003-07-15,20.59,20.70,20.17,20.44,88400,3.88
2003-07-14,20.67,20.67,20.30,20.59,20000,3.91
2003-07-11,20.62,20.62,20.41,20.59,62000,3.91
2003-07-10,20.59,20.60,20.10,20.50,68800,3.89
2003-07-09,20.58,20.80,20.38,20.54,101200,3.90
2003-07-08,20.60,20.60,19.95,20.53,64800,3.89
2003-07-07,20.00,20.57,20.00,20.31,82000,3.85
2003-07-03,20.12,20.12,19.90,19.99,10400,3.79
2003-07-02,19.87,20.00,19.68,19.99,156800,3.79
2003-07-01,19.50,19.86,18.70,19.80,245200,3.76
2003-06-30,19.85,20.14,19.06,20.07,968400,3.81
2003-06-27,20.00,20.09,19.10,19.58,196800,3.71
2003-06-26,20.13,20.13,20.00,20.01,82800,3.80
2003-06-25,20.35,20.54,19.50,20.19,77600,3.83
2003-06-24,20.38,20.50,20.20,20.35,62400,3.86
2003-06-23,19.75,20.75,18.55,20.12,132000,3.82
2003-06-20,20.49,20.85,20.30,20.67,32800,3.91
2003-06-19,20.61,20.89,20.25,20.50,124000,3.87
2003-06-18,20.50,20.67,20.35,20.40,108800,3.85
2003-06-17,21.50,21.50,20.40,20.52,44800,3.88
2003-06-16,21.50,21.70,21.08,21.26,143200,4.02
2003-06-13,21.50,21.70,21.00,21.30,276400,4.02
2003-06-12,20.88,21.45,20.76,21.19,174800,4.00
2003-06-11,21.04,21.19,20.25,20.80,92400,3.93
2003-06-10,20.18,21.24,20.18,20.90,115600,3.95
2003-06-09,20.31,20.35,20.17,20.34,40400,3.84
2003-06-06,20.19,20.30,20.19,20.25,45600,3.83
2003-06-05,19.75,20.29,19.75,20.24,132400,3.82
2003-06-04,20.02,20.02,19.75,19.77,96400,3.74
2003-06-03,19.98,19.98,19.60,19.78,90400,3.74
2003-06-02,19.69,20.25,19.55,19.98,193600,3.77
2003-05-30,19.59,20.10,19.03,19.56,110800,3.70
2003-05-29,18.68,19.52,18.56,19.31,191600,3.65
2003-05-28,18.33,18.74,18.33,18.64,229200,3.52
2003-05-27,18.00,18.50,18.00,18.34,320400,3.47
2003-05-23,18.00,18.16,18.00,18.10,89600,3.42
2003-05-22,18.10,18.50,18.09,18.30,149200,3.46
2003-05-21,17.88,18.15,17.82,17.99,127600,3.40
2003-05-20,17.58,18.00,17.40,17.88,317600,3.38
2003-05-19,16.25,18.20,16.25,17.18,314800,3.25
2003-05-16,16.29,16.41,16.25,16.37,32800,3.09
2003-05-15,16.20,16.30,16.20,16.25,48400,3.07
2003-05-14,15.95,16.70,15.80,16.39,90800,3.10
2003-05-13,16.50,16.50,16.25,16.32,23200,3.08
2003-05-12,16.20,16.60,15.90,16.33,109600,3.09
2003-05-09,16.80,16.86,16.05,16.47,135200,3.11
2003-05-08,16.69,16.91,16.65,16.80,100400,3.17
2003-05-07,16.62,16.76,16.50,16.60,100400,3.14
2003-05-06,16.65,16.75,16.50,16.70,171600,3.16
2003-05-05,16.55,16.55,16.45,16.53,313600,3.12
2003-05-02,16.50,16.51,16.36,16.51,72400,3.12
2003-05-01,16.78,16.99,16.35,16.46,90800,3.11
2003-04-30,16.44,16.80,16.43,16.59,184800,3.13
2003-04-29,16.53,16.86,16.36,16.37,50000,3.09
2003-04-28,16.50,16.63,16.46,16.63,41600,3.14
2003-04-25,16.06,16.43,16.05,16.40,113600,3.10
2003-04-24,16.25,16.40,16.05,16.06,27200,3.03
2003-04-23,16.39,16.40,16.00,16.26,153600,3.07
2003-04-22,16.00,16.41,15.75,16.40,286800,3.10
2003-04-21,16.03,16.03,15.12,16.03,114800,3.03
2003-04-17,15.58,16.03,15.58,16.01,62400,3.02
2003-04-16,15.85,16.05,15.20,15.74,137200,2.97
2003-04-15,16.30,16.33,16.20,16.20,44800,3.06
2003-04-14,16.45,16.45,16.21,16.24,45600,3.07
2003-04-11,16.35,16.50,16.34,16.48,27600,3.11
2003-04-10,16.30,16.50,16.30,16.50,176800,3.12
2003-04-09,16.50,16.50,16.37,16.48,118400,3.11
2003-04-08,16.30,16.50,16.30,16.50,162000,3.12
2003-04-07,16.54,16.54,16.45,16.50,53200,3.12
2003-04-04,16.85,16.85,16.41,16.50,276800,3.12
2003-04-03,17.00,17.00,16.79,16.80,203200,3.17
2003-04-02,16.95,16.97,16.87,16.97,55600,3.21
2003-04-01,16.82,16.96,16.81,16.82,52400,3.18
2003-03-31,16.36,16.93,16.36,16.72,43200,3.16
2003-03-28,16.47,16.49,16.31,16.42,27600,3.10
2003-03-27,16.14,16.48,16.08,16.48,39600,3.11
2003-03-26,15.75,16.20,15.75,16.13,98800,3.05
2003-03-25,16.00,16.30,15.95,16.14,262000,3.03
2003-03-24,16.00,16.38,15.50,16.13,80400,3.03
2003-03-21,16.50,16.60,15.71,16.41,126000,3.09
2003-03-20,16.47,16.60,16.20,16.57,138800,3.12
2003-03-19,16.50,16.99,16.49,16.51,88400,3.10
2003-03-18,16.51,16.53,16.29,16.37,54800,3.08
2003-03-17,16.76,16.85,16.19,16.49,66800,3.10
2003-03-14,17.00,17.09,16.51,16.67,54000,3.13
2003-03-13,16.57,17.00,16.36,16.90,113200,3.18
2003-03-12,16.55,16.97,15.40,15.99,142000,3.01
2003-03-11,18.03,18.50,15.81,16.44,297600,3.09
2003-03-10,17.90,18.76,17.90,18.50,207600,3.48
2003-03-07,18.05,18.45,18.02,18.45,78800,3.47
2003-03-06,18.34,18.37,17.88,18.10,58400,3.40
2003-03-05,18.50,18.55,18.40,18.50,32400,3.48
2003-03-04,18.40,18.60,18.37,18.47,69600,3.47
2003-03-03,18.86,18.86,18.36,18.40,60800,3.46
2003-02-28,18.13,18.91,18.13,18.42,21600,3.46
2003-02-27,18.70,19.00,18.16,18.31,38400,3.44
2003-02-26,18.76,18.90,18.60,18.65,34800,3.51
2003-02-25,18.26,18.77,17.76,18.74,61200,3.52
2003-02-24,18.75,18.80,18.26,18.77,144400,3.53
2003-02-21,18.95,18.95,18.62,18.83,138800,3.54
2003-02-20,18.01,18.95,18.01,18.80,118000,3.53
2003-02-19,18.23,19.00,18.22,18.83,129600,3.54
2003-02-18,18.50,18.50,17.75,18.40,47600,3.46
2003-02-14,18.13,18.50,18.01,18.49,64000,3.48
2003-02-13,17.56,18.12,17.00,18.12,175600,3.41
2003-02-12,16.60,17.38,16.46,17.25,69200,3.24
2003-02-11,15.98,16.60,15.76,16.50,161600,3.10
2003-02-10,15.71,15.95,15.71,15.82,17200,2.97
2003-02-07,16.05,16.19,15.51,15.80,56800,2.97
2003-02-06,16.00,16.18,15.92,16.09,14400,3.02
2003-02-05,15.75,16.00,15.71,16.00,22400,3.01
2003-02-04,15.74,15.81,15.70,15.73,16400,2.96
2003-02-03,15.76,15.80,15.67,15.68,58400,2.95
2003-01-31,15.81,16.00,15.80,15.81,14000,2.97
2003-01-30,16.00,16.00,15.70,15.70,45200,2.95
2003-01-29,15.94,15.95,15.57,15.70,60800,2.95
2003-01-28,15.90,16.04,15.75,15.75,59200,2.96
2003-01-27,16.25,16.25,15.95,15.99,31200,3.01
2003-01-24,16.16,16.23,16.10,16.23,29600,3.05
2003-01-23,16.00,16.17,16.00,16.15,20800,3.04
2003-01-22,15.76,15.98,15.68,15.98,61600,3.00
2003-01-21,16.44,16.44,15.82,15.91,76400,2.99
2003-01-17,16.45,16.66,15.73,15.80,113600,2.97
2003-01-16,17.20,17.25,16.50,16.50,75600,3.10
2003-01-15,33.92,34.40,33.92,34.04,28800,3.20
2003-01-14,34.44,34.50,33.92,34.00,68000,3.20
2003-01-13,33.86,34.45,33.86,34.22,101600,3.22
2003-01-10,34.23,34.29,33.80,34.00,64800,3.20
2003-01-09,34.00,34.10,33.90,34.10,121600,3.21
2003-01-08,33.87,34.39,33.86,34.00,99200,3.20
2003-01-07,34.45,34.54,33.86,34.00,141600,3.20
2003-01-06,35.55,35.55,34.25,34.28,77600,3.22
2003-01-03,35.10,35.25,34.25,34.25,124800,3.22
2003-01-02,34.60,35.04,34.25,34.49,64800,3.24
2002-12-31,35.31,35.47,34.25,34.44,67200,3.24
2002-12-30,34.80,34.80,34.30,34.32,59200,3.23
2002-12-27,35.00,35.00,34.66,34.67,43200,3.26
2002-12-26,34.98,35.19,34.50,34.87,52000,3.28
2002-12-24,34.08,35.18,33.86,34.70,96800,3.26
2002-12-23,36.11,36.19,34.88,34.94,92800,3.28
2002-12-20,35.08,35.69,35.08,35.18,72000,3.31
2002-12-19,35.58,35.58,35.53,35.53,2400,3.33
2002-12-18,35.30,35.57,35.21,35.56,90400,3.33
2002-12-17,35.80,36.30,34.92,35.36,78400,3.31
2002-12-16,35.70,36.80,35.50,36.00,142400,3.37
2002-12-13,34.25,35.27,34.17,35.27,69600,3.30
2002-12-12,33.36,34.31,32.89,34.18,50400,3.20
2002-12-11,33.18,33.70,33.18,33.50,42400,3.14
2002-12-10,33.40,33.70,33.18,33.18,20000,3.11
2002-12-09,33.09,33.75,33.09,33.51,35200,3.14
2002-12-06,33.00,33.45,32.75,33.34,57600,3.12
2002-12-05,33.00,33.50,32.75,33.20,68800,3.11
2002-12-04,32.99,33.00,32.75,32.76,52800,3.07
2002-12-03,33.00,33.00,32.90,32.94,93600,3.08
2002-12-02,32.60,33.00,32.51,32.85,106400,3.08
2002-11-29,33.20,33.20,32.32,32.32,40800,3.03
2002-11-27,32.60,33.00,32.51,32.98,54400,3.09
2002-11-26,32.70,32.70,32.52,32.60,25600,3.05
2002-11-25,33.00,33.00,32.47,32.68,86400,3.06
2002-11-22,32.19,33.00,31.01,32.63,95200,3.06
2002-11-21,31.08,32.73,30.01,32.20,140800,3.01
2002-11-20,28.93,31.17,28.89,31.00,229600,2.90
2002-11-19,28.17,29.15,28.17,28.85,160000,2.70
2002-11-18,28.13,28.13,28.00,28.00,6400,2.62
2002-11-15,28.05,28.05,28.05,28.05,8000,2.63
2002-11-14,27.71,28.20,27.52,28.19,7200,2.64
2002-11-13,27.91,28.19,27.91,28.19,2400,2.64
2002-11-12,27.91,27.91,27.91,27.91,000,2.61
2002-11-11,28.02,28.02,27.91,27.91,11200,2.61
2002-11-08,28.00,28.02,28.00,28.02,8000,2.62
2002-11-07,28.45,28.45,28.45,28.45,800,2.66
2002-11-06,27.90,28.44,27.90,28.44,32800,2.66
2002-11-05,28.00,28.00,28.00,28.00,000,2.62
2002-11-04,27.44,28.20,27.40,28.00,76800,2.62
2002-11-01,27.00,27.30,26.80,27.30,52000,2.56
2002-10-31,26.56,26.56,26.56,26.56,13600,2.49
2002-10-30,26.50,26.60,26.33,26.60,94400,2.49
2002-10-29,26.59,26.59,26.32,26.32,3200,2.46
2002-10-28,26.70,26.86,26.49,26.58,28000,2.49
2002-10-25,26.70,26.71,26.70,26.70,6400,2.50
2002-10-24,27.00,27.15,26.90,26.90,53600,2.52
2002-10-23,26.90,26.90,26.71,26.71,1600,2.50
2002-10-22,26.70,27.02,26.45,26.90,45600,2.52
2002-10-21,27.01,27.72,26.50,26.50,61600,2.48
2002-10-18,27.80,27.80,27.80,27.80,000,2.60
2002-10-17,27.76,28.00,27.76,27.80,5600,2.60
2002-10-16,26.90,27.76,26.90,27.75,40000,2.60
2002-10-15,27.25,27.77,27.00,27.03,24000,2.53
2002-10-14,26.47,26.95,26.47,26.49,10400,2.48
2002-10-11,26.48,27.00,26.48,26.55,44800,2.49
2002-10-10,26.48,27.10,26.48,27.00,54400,2.53
2002-10-09,27.24,27.63,27.06,27.35,58400,2.56
2002-10-08,26.55,26.70,26.45,26.49,107200,2.48
2002-10-07,26.50,26.50,26.50,26.50,48000,2.48
2002-10-04,26.61,26.61,26.60,26.60,73600,2.49
2002-10-03,26.69,26.69,26.55,26.60,96800,2.49
2002-10-02,26.65,27.25,26.55,26.68,68000,2.50
2002-10-01,26.55,26.65,26.55,26.55,22400,2.49
2002-09-30,26.91,27.00,26.70,26.70,104800,2.50
2002-09-27,27.21,27.21,27.00,27.00,27200,2.53
2002-09-26,27.05,27.40,27.00,27.19,120800,2.55
2002-09-25,26.62,27.50,26.31,27.05,53600,2.53
2002-09-24,26.50,26.64,26.10,26.25,89600,2.46
2002-09-23,26.47,26.55,25.85,26.50,87200,2.48
2002-09-20,27.18,27.18,26.60,26.80,50400,2.50
2002-09-19,27.00,27.17,27.00,27.05,40000,2.52
2002-09-18,26.97,27.00,26.95,27.00,136000,2.51
2002-09-17,27.05,27.05,26.95,27.00,60800,2.51
2002-09-16,27.00,27.17,27.00,27.10,22400,2.52
2002-09-13,27.00,27.00,27.00,27.00,1600,2.51
2002-09-12,27.16,27.16,27.00,27.10,19200,2.52
2002-09-11,27.01,27.17,27.00,27.01,40800,2.52
2002-09-10,26.60,26.75,26.60,26.75,33600,2.49
2002-09-09,26.73,26.98,26.50,26.55,36000,2.47
2002-09-06,26.51,26.74,26.50,26.50,122400,2.47
2002-09-05,26.51,26.52,26.50,26.50,11200,2.47
2002-09-04,27.20,27.20,26.50,26.99,9600,2.51
2002-09-03,26.91,26.91,26.25,26.58,27200,2.48
2002-08-30,26.70,27.10,26.70,27.00,37600,2.51
2002-08-29,25.99,26.50,25.99,26.50,67200,2.47
2002-08-28,26.20,26.40,26.00,26.20,10400,2.44
2002-08-27,26.00,26.19,26.00,26.19,97600,2.44
2002-08-26,25.57,26.00,25.42,25.71,66400,2.39
2002-08-23,25.58,25.58,25.35,25.36,100000,2.36
2002-08-22,26.00,26.00,25.21,25.62,90400,2.39
2002-08-21,24.97,26.16,24.40,25.62,235200,2.39
2002-08-20,24.01,25.10,24.01,24.70,296000,2.30
2002-08-19,23.76,24.49,23.76,24.40,18400,2.27
2002-08-16,24.74,24.74,24.40,24.40,24000,2.27
2002-08-15,24.72,24.72,23.65,23.65,22400,2.20
2002-08-14,23.60,23.62,23.60,23.62,3200,2.20
2002-08-13,23.46,24.60,23.45,24.60,53600,2.29
2002-08-12,23.70,24.35,23.35,24.35,9600,2.27
2002-08-09,23.80,23.81,23.70,23.70,13600,2.21
2002-08-08,24.25,24.25,24.25,24.25,4000,2.26
2002-08-07,24.35,24.35,24.01,24.01,2400,2.24
2002-08-06,24.55,24.70,24.20,24.20,32000,2.25
2002-08-05,24.34,24.50,24.16,24.50,52000,2.28
2002-08-02,24.30,24.34,23.50,23.51,66400,2.19
2002-08-01,23.30,24.25,23.30,24.25,23200,2.26
2002-07-31,22.40,23.25,22.20,23.25,26400,2.17
2002-07-30,21.90,22.40,21.50,22.40,17600,2.09
2002-07-29,22.35,22.65,21.93,22.25,47200,2.07
2002-07-26,22.90,23.23,22.55,22.55,9600,2.10
2002-07-25,22.90,22.90,22.10,22.69,79200,2.11
2002-07-24,22.70,22.78,21.75,22.51,67200,2.10
2002-07-23,24.27,24.27,22.70,22.71,102400,2.12
2002-07-22,25.25,25.49,24.00,24.00,140800,2.24
2002-07-19,25.95,26.45,25.26,25.26,51200,2.35
2002-07-18,26.74,26.74,26.00,26.00,9600,2.42
2002-07-17,26.53,26.74,26.50,26.50,16000,2.47
2002-07-16,27.01,27.01,26.50,26.50,98400,2.47
2002-07-15,27.51,28.20,26.23,26.23,100000,2.44
2002-07-12,28.24,28.24,27.70,27.70,36000,2.58
2002-07-11,28.02,28.49,27.76,27.76,11200,2.59
2002-07-10,28.34,28.65,27.70,28.00,26400,2.61
2002-07-09,28.22,28.39,28.05,28.15,50400,2.62
2002-07-08,28.15,28.30,27.60,28.20,64000,2.63
2002-07-05,27.19,27.40,27.17,27.40,20800,2.55
2002-07-03,27.01,27.10,27.01,27.01,12000,2.52
2002-07-02,27.05,27.05,27.00,27.00,13600,2.51
2002-07-01,27.80,27.90,27.31,27.55,40800,2.57
2002-06-28,27.24,27.60,27.00,27.00,17600,2.51
2002-06-27,27.24,27.30,27.20,27.20,36000,2.53
2002-06-26,26.65,27.40,26.50,27.24,70400,2.54
2002-06-25,26.87,27.75,26.75,27.00,72000,2.51
2002-06-24,26.91,27.11,26.91,27.10,32800,2.52
2002-06-21,27.50,27.50,27.00,27.25,78400,2.54
2002-06-20,27.69,27.84,27.00,27.50,54400,2.55
2002-06-19,27.06,27.65,27.00,27.65,52800,2.56
2002-06-18,27.00,27.25,27.00,27.20,26400,2.52
2002-06-17,27.05,27.15,26.65,27.05,100000,2.51
2002-06-14,27.50,27.50,26.80,27.15,192000,2.52
2002-06-13,27.25,27.49,27.10,27.15,241600,2.52
2002-06-12,27.20,27.44,27.00,27.15,90400,2.52
2002-06-11,27.45,27.50,27.10,27.15,132000,2.52
2002-06-10,27.43,27.44,27.10,27.10,67200,2.51
2002-06-07,26.95,27.39,26.78,27.39,171200,2.54
2002-06-06,26.68,26.90,26.66,26.75,81600,2.48
2002-06-05,26.98,26.98,26.70,26.83,122400,2.49
2002-06-04,26.60,26.80,26.60,26.75,68000,2.48
2002-06-03,26.70,26.93,26.65,26.70,93600,2.47
2002-05-31,26.84,26.85,26.65,26.65,40000,2.47
2002-05-30,26.74,26.75,26.20,26.75,32000,2.48
2002-05-29,26.72,26.75,26.00,26.75,38400,2.48
2002-05-28,26.74,26.75,26.10,26.74,44000,2.48
2002-05-24,26.50,26.50,26.25,26.50,2400,2.46
2002-05-23,26.20,26.80,25.80,26.00,36800,2.41
2002-05-22,27.05,27.11,26.25,26.46,56800,2.45
2002-05-21,28.50,28.50,27.20,27.30,98400,2.53
2002-05-20,28.24,28.85,27.31,27.31,101600,2.53
2002-05-17,27.50,28.25,27.50,28.24,22400,2.62
2002-05-16,26.50,28.30,26.50,28.00,221600,2.59
2002-05-15,26.35,26.90,26.11,26.90,13600,2.49
2002-05-14,26.39,26.50,26.35,26.50,25600,2.46
2002-05-13,26.49,26.50,26.12,26.29,99200,2.44
2002-05-10,26.70,26.70,26.11,26.11,54400,2.42
2002-05-09,26.09,26.90,26.09,26.63,91200,2.47
2002-05-08,25.09,26.09,25.09,26.00,239200,2.41
2002-05-07,24.90,25.05,24.50,24.95,92000,2.31
2002-05-06,24.00,24.90,23.90,24.61,81600,2.28
2002-05-03,23.90,23.90,23.83,23.89,17600,2.21
2002-05-02,23.89,23.89,23.75,23.81,7200,2.21
2002-05-01,23.74,23.74,23.74,23.74,000,2.20
2002-04-30,23.57,23.75,23.50,23.74,109600,2.20
2002-04-29,23.75,24.30,23.55,23.55,16800,2.18
2002-04-26,23.79,23.79,23.50,23.50,2400,2.18
2002-04-25,23.79,23.79,23.79,23.79,2400,2.20
2002-04-24,23.99,24.00,23.35,23.50,118400,2.18
2002-04-23,23.25,24.00,23.25,24.00,24000,2.22
2002-04-22,23.25,23.40,23.00,23.40,105600,2.17
2002-04-19,23.25,23.25,23.00,23.25,81600,2.15
2002-04-18,23.15,23.23,23.15,23.15,13600,2.15
2002-04-17,22.90,23.15,22.90,23.00,150400,2.13
2002-04-16,22.80,22.80,22.51,22.51,3200,2.09
2002-04-15,22.40,22.95,22.40,22.67,26400,2.10
2002-04-12,22.21,22.75,22.21,22.75,22400,2.11
2002-04-11,22.15,22.80,22.15,22.80,50400,2.11
2002-04-10,23.00,23.00,22.10,22.10,32000,2.05
2002-04-09,23.24,23.25,23.00,23.00,16000,2.13
2002-04-08,23.25,23.30,23.24,23.24,69600,2.15
2002-04-05,23.15,23.25,23.15,23.25,46400,2.15
2002-04-04,24.00,24.35,23.25,23.84,34400,2.21
2002-04-03,23.55,23.89,23.55,23.89,24800,2.21
2002-04-02,23.50,23.70,23.50,23.70,5600,2.20
2002-04-01,23.85,23.85,23.50,23.51,59200,2.18
2002-03-28,23.50,23.95,23.45,23.59,151200,2.19
2002-03-27,23.55,23.67,23.43,23.65,107200,2.19
2002-03-26,23.50,23.75,23.50,23.50,43200,2.18
2002-03-25,23.30,24.00,23.00,23.47,84800,2.16
2002-03-22,23.56,23.95,23.25,23.40,15200,2.16
2002-03-21,23.70,23.70,23.70,23.70,61600,2.18
2002-03-20,23.80,24.00,23.55,23.70,115200,2.18
2002-03-19,24.00,24.00,24.00,24.00,1600,2.21
2002-03-18,23.75,24.10,23.74,24.00,48000,2.21
2002-03-15,23.55,24.00,23.55,24.00,66400,2.21
2002-03-14,23.67,23.99,23.63,23.63,42400,2.18
2002-03-13,23.55,23.75,23.55,23.75,54400,2.19
2002-03-12,23.45,23.75,23.45,23.75,356000,2.19
2002-03-11,23.01,23.69,23.01,23.50,4000,2.16
2002-03-08,23.39,23.69,23.39,23.69,34400,2.18
2002-03-07,23.40,23.50,23.40,23.45,30400,2.16
2002-03-06,23.25,23.40,23.25,23.40,76000,2.16
2002-03-05,23.25,23.50,23.25,23.25,65600,2.14
2002-03-04,22.50,23.20,22.50,23.20,22400,2.14
2002-03-01,21.55,22.60,21.55,22.59,32800,2.08
2002-02-28,21.75,22.05,19.75,22.05,43200,2.03
2002-02-27,21.00,22.10,21.00,21.10,12000,1.94
2002-02-26,21.95,21.95,21.95,21.95,800,2.02
2002-02-25,21.00,22.04,19.95,22.04,25600,2.03
2002-02-22,17.50,21.00,17.49,20.60,170400,1.90
2002-02-21,20.30,20.30,19.21,19.56,726400,1.80
2002-02-20,22.00,22.12,20.50,20.56,172000,1.89
2002-02-19,22.05,22.40,22.00,22.00,94400,2.03
2002-02-15,22.60,22.60,22.15,22.15,25600,2.04
2002-02-14,23.05,23.37,22.75,23.00,24000,2.12
2002-02-13,23.40,23.40,23.10,23.10,124800,2.13
2002-02-12,23.00,23.05,23.00,23.05,27200,2.12
2002-02-11,22.01,23.40,22.01,22.75,28800,2.10
2002-02-08,23.40,23.49,23.36,23.40,92000,2.16
2002-02-07,23.49,23.49,21.90,22.00,72000,2.03
2002-02-06,23.50,23.50,23.50,23.50,800,2.16
2002-02-05,22.50,22.50,22.50,22.50,2400,2.07
2002-02-04,22.76,22.76,22.50,22.50,1600,2.07
2002-02-01,23.38,23.47,23.00,23.47,48800,2.16
2002-01-31,22.70,23.48,22.50,22.55,39200,2.08
2002-01-30,23.19,23.50,22.75,23.50,134400,2.16
2002-01-29,22.73,23.00,22.49,23.00,24800,2.12
2002-01-28,22.51,22.70,22.50,22.50,22400,2.07
2002-01-25,22.50,22.90,22.50,22.60,13600,2.08
2002-01-24,22.50,22.79,22.50,22.79,31200,2.10
2002-01-23,22.25,22.25,22.25,22.25,4000,2.05
2002-01-22,21.50,23.25,20.50,22.40,161600,2.06
2002-01-18,22.60,22.75,21.51,21.51,32000,1.98
2002-01-17,23.43,23.43,23.22,23.22,8800,2.14
2002-01-16,23.00,23.20,22.55,23.00,68000,2.12
2002-01-15,23.33,23.33,22.75,23.20,70400,2.14
2002-01-14,23.05,23.35,22.65,23.35,51200,2.15
2002-01-11,23.25,23.25,23.05,23.05,32800,2.12
2002-01-10,23.30,23.45,23.19,23.25,56800,2.14
2002-01-09,22.74,23.45,22.74,23.30,179200,2.15
2002-01-08,23.10,23.25,23.00,23.05,36000,2.12
2002-01-07,22.50,23.05,22.50,23.05,43200,2.12
2002-01-04,22.50,23.00,22.25,22.50,65600,2.07
2002-01-03,22.51,22.65,22.50,22.50,134400,2.07
2002-01-02,22.89,22.89,22.50,22.50,72000,2.07
2001-12-31,23.20,23.25,23.15,23.15,8000,2.13
2001-12-28,22.70,23.00,22.70,23.00,12800,2.12
2001-12-27,22.75,22.75,22.50,22.55,20000,2.08
2001-12-26,23.00,23.00,22.50,22.50,40000,2.07
2001-12-24,22.50,23.00,22.50,23.00,5600,2.12
2001-12-21,22.57,23.00,22.50,23.00,28000,2.12
2001-12-20,23.24,23.24,23.24,23.24,800,2.14
2001-12-19,22.90,23.50,22.57,23.25,153600,2.13
2001-12-18,22.98,22.98,22.50,22.89,45600,2.10
2001-12-17,22.85,23.00,22.50,22.50,53600,2.06
2001-12-14,22.75,22.85,22.50,22.50,34400,2.06
2001-12-13,22.99,23.00,22.50,22.70,400800,2.08
2001-12-12,22.51,23.00,22.51,22.60,12000,2.07
2001-12-11,22.90,22.90,21.80,22.50,44000,2.06
2001-12-10,23.50,23.50,23.00,23.00,38400,2.11
2001-12-07,23.19,23.60,23.05,23.20,33600,2.13
2001-12-06,22.51,23.25,22.50,22.50,134400,2.06
2001-12-05,22.79,23.20,21.70,22.50,123200,2.06
2001-12-04,21.45,22.80,20.80,22.80,195200,2.09
2001-12-03,21.80,21.98,21.45,21.98,34400,2.01
2001-11-30,21.60,21.75,21.40,21.75,31200,1.99
2001-11-29,21.12,21.45,21.12,21.45,28000,1.96
2001-11-28,20.94,21.50,20.94,21.50,28000,1.97
2001-11-27,20.30,21.20,19.90,20.50,230400,1.88
2001-11-26,20.14,20.30,19.75,20.29,91200,1.86
2001-11-23,19.45,20.05,19.45,19.60,56000,1.80
2001-11-21,18.50,19.79,18.50,19.43,204800,1.78
2001-11-20,17.00,19.29,17.00,18.50,80800,1.69
2001-11-19,17.79,18.34,17.45,17.80,36000,1.63
2001-11-16,17.50,17.75,17.30,17.45,22400,1.60
2001-11-15,17.90,17.90,17.05,17.10,46400,1.57
2001-11-14,17.85,18.19,17.81,17.84,16800,1.63
2001-11-13,18.05,18.05,17.93,17.93,6400,1.64
2001-11-12,18.05,18.05,18.05,18.05,4000,1.65
2001-11-09,18.59,18.60,17.97,17.97,9600,1.65
2001-11-08,18.02,18.75,18.02,18.70,18400,1.71
2001-11-07,18.28,18.70,18.05,18.70,36000,1.71
2001-11-06,18.00,18.55,17.90,18.05,208800,1.65
2001-11-05,17.95,18.00,17.50,17.50,15200,1.60
2001-11-02,17.60,18.00,17.60,18.00,24800,1.65
2001-11-01,17.90,18.00,17.90,18.00,43200,1.65
2001-10-31,17.80,18.00,17.80,17.90,37600,1.64
2001-10-30,17.80,17.80,17.80,17.80,800,1.63
2001-10-29,17.70,17.70,17.70,17.70,2400,1.62
2001-10-26,17.85,17.99,17.25,17.99,60000,1.65
2001-10-25,17.85,17.85,17.85,17.85,8800,1.64
2001-10-24,17.85,17.85,17.11,17.11,7200,1.57
2001-10-23,17.75,17.75,17.75,17.75,5600,1.63
2001-10-22,17.40,17.84,17.40,17.84,4000,1.63
2001-10-19,16.95,17.40,16.95,17.40,2400,1.59
2001-10-18,17.50,17.90,17.06,17.06,10400,1.56
2001-10-17,17.90,17.90,17.50,17.50,24800,1.60
2001-10-16,17.65,17.86,17.65,17.86,16800,1.64
2001-10-15,16.50,17.76,16.50,17.50,43200,1.60
2001-10-12,17.00,17.00,16.50,16.50,30400,1.51
2001-10-11,17.35,17.35,17.35,17.35,000,1.59
2001-10-10,17.40,17.40,17.35,17.35,14400,1.59
2001-10-09,17.00,17.40,17.00,17.40,14400,1.59
2001-10-08,17.89,17.89,17.70,17.70,10400,1.62
2001-10-05,17.30,17.70,17.30,17.70,10400,1.62
2001-10-04,17.25,17.30,17.25,17.30,11200,1.58
2001-10-03,16.50,17.40,16.50,17.40,56000,1.59
2001-10-02,17.00,17.00,16.90,17.00,17600,1.56
2001-10-01,16.61,17.30,16.13,16.50,22400,1.51
2001-09-28,16.44,17.15,16.44,17.15,18400,1.57
2001-09-27,16.63,16.63,16.25,16.40,18400,1.50
2001-09-26,16.45,16.63,16.25,16.63,67200,1.52
2001-09-25,16.10,16.40,16.10,16.40,15200,1.50
2001-09-24,14.45,16.10,14.35,16.10,47200,1.47
2001-09-21,15.30,15.89,14.00,14.45,39200,1.32
2001-09-20,16.10,16.10,15.30,15.31,48000,1.39
2001-09-19,16.90,16.90,15.90,16.15,112800,1.47
2001-09-18,17.30,17.30,16.95,16.95,16800,1.54
2001-09-17,17.90,18.00,17.39,17.39,26400,1.58
2001-09-10,18.30,18.30,17.90,17.90,16000,1.63
2001-09-07,17.90,18.10,17.90,18.10,38400,1.64
2001-09-06,18.00,18.00,18.00,18.00,14400,1.63
2001-09-05,17.50,18.85,17.50,18.11,119200,1.64
2001-09-04,16.50,18.09,16.50,17.40,224800,1.58
2001-08-31,16.15,17.09,16.15,17.09,30400,1.55
2001-08-30,16.15,16.70,15.95,16.15,41600,1.47
2001-08-29,16.20,16.40,15.90,15.95,56000,1.45
2001-08-28,15.50,16.38,15.50,16.20,60000,1.47
2001-08-27,15.50,15.99,15.45,15.65,22400,1.42
2001-08-24,16.70,16.98,14.91,15.45,204800,1.40
2001-08-23,17.30,17.30,16.30,16.30,57600,1.48
2001-08-22,17.12,17.50,17.10,17.10,32000,1.55
2001-08-21,17.75,17.75,17.11,17.11,13600,1.55
2001-08-20,17.11,18.00,17.11,17.26,67200,1.57
2001-08-17,17.00,17.55,17.00,17.50,65600,1.59
2001-08-16,17.65,17.65,16.13,16.70,67200,1.52
2001-08-15,17.65,17.95,17.25,17.50,27200,1.59
2001-08-14,17.70,17.85,17.60,17.85,107200,1.62
2001-08-13,17.66,17.75,17.51,17.75,30400,1.61
2001-08-10,17.25,17.70,17.25,17.68,136000,1.61
2001-08-09,17.01,17.62,17.01,17.62,76000,1.60
2001-08-08,17.05,17.55,17.05,17.49,17600,1.59
2001-08-07,17.20,17.50,17.00,17.06,51200,1.55
2001-08-06,17.00,17.25,17.00,17.01,27200,1.54
2001-08-03,17.35,17.70,17.35,17.50,32800,1.59
2001-08-02,17.38,17.38,17.38,17.38,5600,1.58
2001-08-01,17.08,17.70,16.60,17.70,61600,1.61
2001-07-31,17.00,17.39,17.00,17.05,15200,1.55
2001-07-30,17.00,17.25,17.00,17.00,7200,1.54
2001-07-27,17.00,17.00,17.00,17.00,2400,1.54
2001-07-26,17.05,17.45,17.00,17.01,41600,1.54
2001-07-25,17.69,17.70,17.19,17.20,118400,1.56
2001-07-24,17.50,17.70,17.35,17.70,105600,1.61
2001-07-23,16.60,18.00,16.60,17.35,291200,1.58
2001-07-20,16.89,16.99,16.60,16.60,12800,1.51
2001-07-19,16.60,16.89,16.60,16.89,100800,1.53
2001-07-18,16.91,16.95,16.70,16.70,27200,1.52
2001-07-17,17.01,17.43,16.60,16.90,124000,1.53
2001-07-16,17.75,17.93,16.60,17.54,251200,1.59
2001-07-13,27.00,27.00,26.80,26.80,46400,1.62
2001-07-12,26.60,26.95,26.60,26.95,43200,1.63
2001-07-11,26.85,26.85,26.55,26.55,36800,1.61
2001-07-10,26.80,26.80,26.50,26.70,16800,1.62
2001-07-09,27.00,27.00,27.00,27.00,21600,1.63
2001-07-06,27.00,27.00,27.00,27.00,800,1.63
2001-07-05,27.10,27.10,27.00,27.00,12800,1.63
2001-07-03,27.05,27.10,27.00,27.10,17600,1.64
2001-07-02,26.90,27.25,26.90,27.00,40800,1.63
2001-06-29,26.89,26.89,26.89,26.89,16800,1.63
2001-06-28,26.80,27.00,26.75,26.85,75200,1.63
2001-06-27,26.60,26.90,26.60,26.65,10400,1.61
2001-06-26,26.90,26.90,26.70,26.70,34400,1.62
2001-06-25,26.95,26.95,26.90,26.90,14400,1.63
2001-06-22,26.75,27.12,26.75,26.90,94400,1.63
2001-06-21,26.85,27.10,26.85,26.89,81600,1.63
2001-06-20,26.99,26.99,26.75,26.75,10400,1.61
2001-06-19,26.87,27.15,26.86,27.00,33600,1.62
2001-06-18,26.96,27.09,26.86,26.86,29600,1.61
2001-06-15,27.00,27.24,25.37,27.00,99200,1.62
2001-06-14,27.25,27.31,27.00,27.00,62400,1.62
2001-06-13,28.00,28.00,27.08,27.25,159200,1.64
2001-06-12,26.35,27.17,26.15,27.17,60000,1.63
2001-06-11,26.39,26.39,26.15,26.25,19200,1.58
2001-06-08,26.00,26.00,26.00,26.00,14400,1.56
2001-06-07,26.10,27.30,25.00,26.00,64800,1.56
2001-06-06,25.30,26.20,25.00,25.00,187200,1.50
2001-06-05,25.05,26.15,25.00,25.35,111200,1.52
2001-06-04,24.97,25.49,24.85,24.85,288800,1.49
2001-06-01,25.00,25.10,24.95,25.00,108000,1.50
2001-05-31,24.76,25.00,24.75,25.00,141600,1.50
2001-05-30,25.65,25.66,24.90,25.00,384000,1.50
2001-05-29,25.60,26.00,25.37,25.70,268800,1.54
2001-05-25,25.69,26.00,25.00,25.50,103200,1.53
2001-05-24,23.99,26.05,23.99,25.50,292800,1.53
2001-05-23,22.50,24.29,22.50,24.10,211200,1.45
2001-05-22,21.55,22.64,21.25,22.50,70400,1.35
2001-05-21,20.81,21.65,20.81,21.58,56000,1.30
2001-05-18,20.40,20.95,20.40,20.95,63200,1.26
2001-05-17,19.98,20.65,19.94,20.65,206400,1.24
2001-05-16,19.70,19.70,19.70,19.70,3200,1.18
2001-05-15,19.60,19.74,19.60,19.74,81600,1.19
2001-05-14,19.50,19.60,19.45,19.60,46400,1.18
2001-05-11,19.50,19.50,19.40,19.40,2400,1.17
2001-05-10,19.49,19.50,19.49,19.50,29600,1.17
2001-05-09,19.25,19.50,19.25,19.50,51200,1.17
2001-05-08,19.00,19.39,19.00,19.39,24800,1.17
2001-05-07,19.25,19.25,19.00,19.00,24800,1.14
2001-05-04,19.15,19.15,19.15,19.15,29600,1.15
2001-05-03,19.00,19.00,19.00,19.00,182400,1.14
2001-05-02,19.05,19.05,19.00,19.00,26400,1.14
2001-05-01,19.00,19.00,19.00,19.00,000,1.14
2001-04-30,19.00,19.00,19.00,19.00,800,1.14
2001-04-27,19.01,19.01,19.00,19.00,8000,1.14
2001-04-26,19.10,19.10,19.00,19.10,39200,1.15
2001-04-25,19.00,19.15,19.00,19.15,20000,1.15
2001-04-24,19.00,19.10,19.00,19.10,122400,1.15
2001-04-23,18.70,19.00,18.70,19.00,129600,1.14
2001-04-20,18.70,18.70,18.70,18.70,4800,1.12
2001-04-19,18.70,18.80,18.70,18.80,33600,1.13
2001-04-18,19.00,19.00,19.00,19.00,000,1.14
2001-04-17,19.00,19.00,19.00,19.00,3200,1.14
2001-04-16,19.12,19.23,19.00,19.00,24800,1.14
2001-04-12,19.12,19.12,19.00,19.00,12800,1.14
2001-04-11,19.01,19.01,19.00,19.00,10400,1.14
2001-04-10,19.25,19.25,19.25,19.25,12000,1.16
2001-04-09,19.25,19.25,19.10,19.25,56000,1.16
2001-04-06,18.75,19.00,18.75,19.00,45600,1.14
2001-04-05,18.62,18.62,18.62,18.62,4800,1.12
2001-04-04,18.62,18.62,18.62,18.62,7200,1.12
2001-04-03,18.62,18.62,18.62,18.62,84000,1.12
2001-04-02,18.62,18.62,18.62,18.62,48000,1.12
2001-03-30,18.50,18.50,18.50,18.50,17600,1.11
2001-03-29,18.50,18.50,18.50,18.50,000,1.11
2001-03-28,18.50,18.50,18.50,18.50,9600,1.11
2001-03-27,18.88,18.88,18.75,18.75,40800,1.13
2001-03-26,18.69,18.75,18.69,18.75,36800,1.13
2001-03-23,18.50,18.50,18.50,18.50,17600,1.11
2001-03-22,18.50,18.50,18.50,18.50,4800,1.11
2001-03-21,18.50,18.50,18.50,18.50,000,1.10
2001-03-20,18.62,18.62,18.50,18.50,20000,1.10
2001-03-19,18.62,18.62,18.62,18.62,5600,1.11
2001-03-16,18.62,18.62,18.50,18.50,12800,1.10
2001-03-15,18.50,18.50,18.50,18.50,72000,1.10
2001-03-14,18.50,18.75,18.50,18.50,50400,1.10
2001-03-13,18.75,18.75,18.75,18.75,36000,1.12
2001-03-12,18.50,18.50,18.50,18.50,72800,1.10
2001-03-09,18.50,18.50,18.50,18.50,000,1.10
2001-03-08,18.50,18.50,18.50,18.50,9600,1.10
2001-03-07,18.75,18.75,18.75,18.75,29600,1.12
2001-03-06,18.50,18.50,18.50,18.50,7200,1.10
2001-03-05,18.56,18.56,18.50,18.50,5600,1.10
2001-03-02,18.50,18.50,18.50,18.50,3200,1.10
2001-03-01,18.50,18.50,18.50,18.50,9600,1.10
2001-02-28,18.52,18.52,18.50,18.50,108000,1.10
2001-02-27,18.50,18.50,18.50,18.50,000,1.10
2001-02-26,18.56,18.56,18.50,18.50,166400,1.10
2001-02-23,18.56,18.56,18.56,18.56,12000,1.10
2001-02-22,18.56,18.56,18.56,18.56,800,1.10
2001-02-21,18.50,18.56,18.50,18.56,12800,1.10
2001-02-20,18.69,18.69,18.69,18.69,800,1.11
2001-02-16,18.50,18.50,18.50,18.50,000,1.10
2001-02-15,18.50,18.50,18.50,18.50,12800,1.10
2001-02-14,18.50,18.50,18.50,18.50,000,1.10
2001-02-13,18.50,18.50,18.50,18.50,12000,1.10
2001-02-12,18.50,18.50,18.50,18.50,000,1.10
2001-02-09,18.50,18.50,18.50,18.50,17600,1.10
2001-02-08,18.50,18.50,18.50,18.50,000,1.10
2001-02-07,18.50,18.50,18.50,18.50,8000,1.10
2001-02-06,18.45,18.75,18.45,18.75,5600,1.12
2001-02-05,18.50,18.50,18.44,18.44,33600,1.10
2001-02-02,18.13,18.25,18.13,18.25,36800,1.09
2001-02-01,18.00,18.13,18.00,18.13,127200,1.08
2001-01-31,18.00,18.25,18.00,18.25,99200,1.09
2001-01-30,18.38,18.38,18.00,18.00,33600,1.07
2001-01-29,17.89,18.25,17.87,18.00,291200,1.07
2001-01-26,17.25,17.38,17.25,17.38,24800,1.03
2001-01-25,17.00,17.00,17.00,17.00,000,1.01
2001-01-24,17.00,17.00,17.00,17.00,000,1.01
2001-01-23,17.00,17.00,17.00,17.00,000,1.01
2001-01-22,17.00,17.00,17.00,17.00,36800,1.01
2001-01-19,17.50,17.50,17.50,17.50,000,1.04
2001-01-18,17.00,17.50,16.75,17.50,159200,1.04
2001-01-17,17.00,17.00,17.00,17.00,800,1.01
2001-01-16,17.50,17.50,17.50,17.50,800,1.04
2001-01-12,17.44,17.50,17.44,17.44,14400,1.04
2001-01-11,17.38,17.38,17.00,17.00,20000,1.01
2001-01-10,17.00,17.00,17.00,17.00,27200,1.01
2001-01-09,17.00,17.00,17.00,17.00,000,1.01
2001-01-08,17.00,17.00,17.00,17.00,800,1.01
2001-01-05,17.00,17.00,17.00,17.00,3200,1.01
2001-01-04,17.50,17.50,17.00,17.00,50400,1.01
2001-01-03,17.00,18.00,17.00,18.00,28800,1.07
2001-01-02,16.88,16.94,16.88,16.94,9600,1.01
2000-12-29,16.88,16.88,16.88,16.88,33600,1.00
2000-12-28,16.88,16.88,16.88,16.88,98400,1.00
2000-12-27,16.88,16.88,16.88,16.88,800,1.00
2000-12-26,16.88,16.88,16.88,16.88,8000,1.00
2000-12-22,17.12,17.12,17.12,17.12,12000,1.02
2000-12-21,17.00,17.00,16.75,16.88,31200,1.00
2000-12-20,16.88,16.88,16.75,16.75,269600,1.00
2000-12-19,17.00,17.00,16.88,16.88,146400,0.99
2000-12-18,16.88,17.00,16.88,16.88,21600,0.99
2000-12-15,16.25,17.00,16.25,17.00,112800,1.00
2000-12-14,16.25,16.25,16.25,16.25,36000,0.96
2000-12-13,16.25,16.25,16.25,16.25,364800,0.96
2000-12-12,16.27,16.27,16.25,16.25,53600,0.96
2000-12-11,16.25,16.25,16.25,16.25,22400,0.96
2000-12-08,16.25,16.25,16.25,16.25,14400,0.96
2000-12-07,16.50,16.63,16.37,16.37,15200,0.96
2000-12-06,16.27,16.27,16.25,16.25,12800,0.96
2000-12-05,16.25,16.25,16.25,16.25,22400,0.96
2000-12-04,16.37,16.37,16.00,16.25,147200,0.96
2000-12-01,16.37,16.37,16.25,16.25,76800,0.96
2000-11-30,16.12,16.12,16.12,16.12,33600,0.95
2000-11-29,16.14,16.14,16.12,16.12,36000,0.95
2000-11-28,16.12,16.12,16.12,16.12,351200,0.95
2000-11-27,16.12,16.12,16.12,16.12,38400,0.95
2000-11-24,16.12,16.12,16.12,16.12,24000,0.95
2000-11-22,16.14,16.14,16.12,16.12,240800,0.95
2000-11-21,16.37,16.37,16.12,16.12,79200,0.95
2000-11-20,16.39,16.39,16.37,16.37,4800,0.96
2000-11-17,16.37,16.37,16.37,16.37,000,0.96
2000-11-16,16.37,16.37,16.37,16.37,800,0.96
2000-11-15,16.37,16.63,16.37,16.37,79200,0.96
2000-11-14,16.00,16.00,16.00,16.00,29600,0.94
2000-11-13,16.00,16.00,16.00,16.00,800,0.94
2000-11-10,16.00,16.00,16.00,16.00,38400,0.94
2000-11-09,16.00,16.00,16.00,16.00,112800,0.94
2000-11-08,16.12,16.12,16.12,16.12,000,0.95
2000-11-07,15.64,16.12,15.64,16.12,21600,0.95
2000-11-06,15.94,15.94,15.62,15.62,56000,0.92
2000-11-03,15.62,16.00,15.62,15.88,14400,0.93
2000-11-02,15.64,15.64,15.64,15.64,800,0.92
2000-11-01,16.50,16.50,15.50,15.75,29600,0.93
2000-10-31,16.50,16.50,16.50,16.50,41600,0.97
2000-10-30,16.00,16.88,15.75,16.50,204000,0.97
2000-10-27,16.25,16.25,16.25,16.25,9600,0.96
2000-10-26,16.00,16.00,16.00,16.00,800,0.94
2000-10-25,16.00,16.00,16.00,16.00,14400,0.94
2000-10-24,16.00,16.00,16.00,16.00,80000,0.94
2000-10-23,16.25,16.25,16.00,16.00,55200,0.94
2000-10-20,16.25,16.31,16.25,16.31,3200,0.96
2000-10-19,16.37,16.37,16.37,16.37,000,0.96
2000-10-18,16.37,16.37,16.37,16.37,5600,0.96
2000-10-17,16.37,16.37,16.37,16.37,800,0.96
2000-10-16,16.69,16.69,16.69,16.69,19200,0.98
2000-10-13,16.56,16.56,16.37,16.37,62400,0.96
2000-10-12,16.37,16.37,16.37,16.37,14400,0.96
2000-10-11,16.25,16.50,16.25,16.37,24000,0.96
2000-10-10,16.50,16.75,16.25,16.25,20000,0.96
2000-10-09,16.00,16.00,16.00,16.00,24800,0.94
2000-10-06,16.37,16.37,16.37,16.37,3200,0.96
2000-10-05,16.63,16.63,16.12,16.37,941600,0.96
2000-10-04,16.12,16.50,16.12,16.37,92000,0.96
2000-10-03,16.25,16.25,16.12,16.12,108000,0.95
2000-10-02,15.88,16.94,15.88,16.31,96000,0.96
2000-09-29,16.50,16.50,15.88,15.88,58400,0.93
2000-09-28,16.94,16.94,16.94,16.94,000,1.00
2000-09-27,16.63,16.94,16.50,16.94,87200,1.00
2000-09-26,16.50,16.56,16.50,16.50,82400,0.97
2000-09-25,16.50,17.00,16.50,17.00,9600,1.00
2000-09-22,16.50,17.00,16.37,16.37,31200,0.96
2000-09-21,16.50,16.88,16.50,16.50,29600,0.97
2000-09-20,16.22,16.75,16.22,16.75,305600,0.98
2000-09-19,16.88,16.88,16.00,16.31,144000,0.95
2000-09-18,17.78,18.00,16.50,16.75,327200,0.98
2000-09-15,17.50,20.86,17.44,17.87,2160800,1.04
2000-09-14,15.13,15.25,15.13,15.13,52800,0.88
2000-09-13,15.13,15.13,15.13,15.13,9600,0.88
2000-09-12,15.13,15.25,15.13,15.25,32000,0.89
2000-09-11,14.94,15.62,14.94,15.62,50400,0.91
2000-09-08,15.13,15.13,15.00,15.00,74400,0.87
2000-09-07,15.38,15.62,15.25,15.62,240800,0.91
2000-09-06,15.44,15.44,15.13,15.44,12000,0.90
2000-09-05,15.38,15.50,15.13,15.38,68000,0.90
2000-09-01,15.06,15.38,15.06,15.25,116000,0.89
2000-08-31,15.00,15.13,15.00,15.13,46400,0.88
2000-08-30,15.00,15.00,15.00,15.00,12000,0.87
2000-08-29,15.00,15.00,15.00,15.00,36000,0.87
2000-08-28,15.03,15.06,15.00,15.00,401600,0.87
2000-08-25,15.19,15.19,15.00,15.00,232800,0.87
2000-08-24,15.13,15.13,15.00,15.00,12000,0.87
2000-08-23,14.94,15.00,14.94,15.00,60000,0.87
2000-08-22,14.87,14.87,14.87,14.87,160800,0.87
2000-08-21,14.87,14.87,14.87,14.87,12000,0.87
2000-08-18,15.00,15.00,15.00,15.00,24000,0.87
2000-08-17,14.87,14.87,14.87,14.87,7200,0.87
2000-08-16,14.87,15.00,14.87,14.87,544800,0.87
2000-08-15,15.25,15.25,15.00,15.00,48800,0.87
2000-08-14,15.00,15.00,14.75,14.87,60800,0.87
2000-08-11,15.00,15.00,14.75,15.00,19200,0.87
2000-08-10,15.50,15.50,15.00,15.00,3200,0.87
2000-08-09,15.50,15.50,15.50,15.50,10400,0.90
2000-08-08,15.00,15.50,15.00,15.13,17600,0.88
2000-08-07,15.00,15.00,15.00,15.00,14400,0.87
2000-08-04,15.38,15.38,15.38,15.38,800,0.90
2000-08-03,15.00,15.00,15.00,15.00,800,0.87
2000-08-02,15.00,15.00,15.00,15.00,800,0.87
2000-08-01,14.75,15.38,14.50,15.00,115200,0.87
2000-07-31,14.50,15.00,14.50,15.00,189600,0.87
2000-07-28,14.87,14.87,14.87,14.87,000,0.87
2000-07-27,14.69,14.87,14.50,14.87,24000,0.87
2000-07-26,14.75,14.87,14.50,14.50,48800,0.84
2000-07-25,14.75,14.75,14.50,14.62,9600,0.85
2000-07-24,14.25,14.50,14.25,14.50,62400,0.84
2000-07-21,14.25,14.75,14.25,14.38,29600,0.84
2000-07-20,14.25,14.25,14.25,14.25,2400,0.83
2000-07-19,14.38,14.38,14.38,14.38,800,0.84
2000-07-18,14.25,14.25,14.25,14.25,36800,0.83
2000-07-17,14.31,14.31,14.00,14.25,22400,0.83
2000-07-14,14.38,14.38,14.25,14.25,17600,0.83
2000-07-13,14.25,14.25,14.25,14.25,2400,0.83
2000-07-12,14.25,14.25,14.25,14.25,14400,0.83
2000-07-11,14.00,14.38,14.00,14.38,41600,0.84
2000-07-10,14.00,14.00,14.00,14.00,3200,0.82
2000-07-07,14.00,14.00,14.00,14.00,8000,0.82
2000-07-06,14.19,14.19,14.00,14.00,44000,0.82
2000-07-05,14.38,14.38,14.00,14.38,12000,0.84
2000-07-03,14.00,14.00,14.00,14.00,48000,0.82
2000-06-30,14.12,14.25,14.00,14.00,86400,0.82
2000-06-29,14.12,14.12,14.00,14.00,40800,0.82
2000-06-28,14.00,14.12,14.00,14.06,77600,0.82
2000-06-27,14.12,14.12,14.12,14.12,4800,0.82
2000-06-26,14.06,14.06,14.06,14.06,2400,0.82
2000-06-23,14.12,14.12,14.00,14.00,39200,0.82
2000-06-22,13.75,14.12,13.75,14.12,1248000,0.82
2000-06-21,13.37,13.50,13.19,13.50,17600,0.78
2000-06-20,13.50,13.52,13.12,13.12,12800,0.75
2000-06-19,13.00,14.00,13.00,14.00,12800,0.81
2000-06-16,14.00,14.00,13.88,13.88,8000,0.80
2000-06-15,13.88,14.00,13.88,13.88,108000,0.80
2000-06-14,13.56,13.69,13.50,13.66,1460000,0.79
2000-06-13,13.56,13.56,13.56,13.56,65600,0.78
2000-06-12,13.56,13.56,13.44,13.56,600800,0.78
2000-06-09,13.56,13.56,13.56,13.56,800,0.78
2000-06-08,13.44,14.00,13.44,13.75,221600,0.79
2000-06-07,13.44,13.44,13.37,13.44,63200,0.77
2000-06-06,13.44,13.44,13.44,13.44,800,0.77
2000-06-05,13.37,13.50,13.37,13.44,40800,0.77
2000-06-02,13.75,13.75,13.25,13.25,1448000,0.76
2000-06-01,13.50,13.50,13.50,13.50,20000,0.78
2000-05-31,13.44,13.50,13.37,13.50,542400,0.78
2000-05-30,13.44,13.44,13.44,13.44,27200,0.77
2000-05-26,13.25,13.25,13.25,13.25,10400,0.76
2000-05-25,13.25,13.25,13.25,13.25,800,0.76
2000-05-24,13.25,13.25,13.25,13.25,9600,0.76
2000-05-23,13.50,13.50,13.12,13.25,116000,0.76
2000-05-22,13.94,13.94,13.00,13.25,195200,0.76
2000-05-19,14.25,14.25,13.81,13.88,117600,0.80
2000-05-18,14.19,14.19,13.63,13.88,80000,0.80
2000-05-17,13.88,14.00,13.63,13.63,82400,0.78
2000-05-16,13.75,14.25,13.75,13.75,65600,0.79
2000-05-15,13.75,14.00,13.75,14.00,5600,0.81
2000-05-12,13.75,13.75,13.63,13.63,17600,0.78
2000-05-11,13.63,13.63,13.37,13.50,1200800,0.78
2000-05-10,13.50,13.50,13.50,13.50,124800,0.78
2000-05-09,13.63,14.12,13.50,13.50,41600,0.78
2000-05-08,13.63,13.63,13.63,13.63,000,0.78
2000-05-05,13.91,13.91,13.63,13.63,52800,0.78
2000-05-04,13.50,14.31,13.50,14.31,12000,0.82
2000-05-03,13.75,14.31,13.50,13.50,19200,0.78
2000-05-02,13.50,14.00,13.50,13.50,76800,0.78
2000-05-01,14.06,14.06,13.50,13.50,44000,0.78
2000-04-28,13.50,13.50,13.37,13.50,1214400,0.78
2000-04-27,13.00,13.00,13.00,13.00,000,0.75
2000-04-26,13.00,13.00,13.00,13.00,24000,0.75
2000-04-25,13.37,14.00,13.37,14.00,10400,0.81
2000-04-24,13.00,13.50,13.00,13.50,7200,0.78
2000-04-20,12.75,12.75,12.75,12.75,24800,0.73
2000-04-19,13.75,13.81,12.75,12.75,17600,0.73
2000-04-18,13.69,13.86,12.38,12.62,780000,0.73
2000-04-17,13.75,13.75,13.75,13.75,000,0.79
2000-04-14,13.75,13.75,13.41,13.75,19200,0.79
2000-04-13,13.50,13.50,13.25,13.37,33600,0.77
2000-04-12,12.88,13.00,12.88,13.00,600000,0.75
2000-04-11,12.69,13.00,12.62,13.00,640800,0.75
2000-04-10,12.75,12.75,12.62,12.75,32000,0.73
2000-04-07,12.88,13.00,12.75,12.75,9600,0.73
2000-04-06,13.31,13.50,12.62,12.62,12800,0.73
2000-04-05,12.62,12.88,12.62,12.62,68000,0.73
2000-04-04,13.00,13.00,12.13,12.62,1301600,0.73
2000-04-03,11.44,13.00,11.44,12.00,744000,0.69
2000-03-31,12.62,13.00,11.12,11.12,871200,0.64
2000-03-30,12.62,12.62,11.50,12.00,170400,0.69
2000-03-29,13.50,13.50,13.00,13.00,152000,0.75
2000-03-28,13.75,13.75,13.50,13.50,295200,0.78
2000-03-27,13.75,13.88,13.75,13.75,197600,0.79
2000-03-24,13.75,13.75,13.75,13.75,22400,0.79
2000-03-23,14.00,14.00,13.75,13.75,172800,0.79
2000-03-22,14.00,14.00,13.75,13.75,15200,0.78
2000-03-21,14.00,14.00,13.94,13.94,141600,0.79
2000-03-20,14.00,14.00,14.00,14.00,3200,0.80
2000-03-17,14.06,14.12,13.88,14.00,285600,0.80
2000-03-16,13.88,14.25,13.88,13.88,250400,0.79
2000-03-15,14.00,14.00,13.88,14.00,88800,0.80
2000-03-14,14.00,14.25,13.75,13.75,329600,0.78
2000-03-13,13.88,13.88,13.88,13.88,17600,0.79
2000-03-10,13.88,13.88,13.88,13.88,39200,0.79
2000-03-09,13.88,14.00,13.88,13.88,154400,0.79
2000-03-08,13.88,13.94,13.88,13.88,77600,0.79
2000-03-07,13.88,13.88,13.88,13.88,65600,0.79
2000-03-06,14.00,14.00,13.75,13.88,124800,0.79
2000-03-03,14.00,14.00,13.88,14.00,20000,0.80
2000-03-02,14.00,14.00,14.00,14.00,800,0.80
2000-03-01,14.12,14.12,14.00,14.00,232800,0.80
2000-02-29,14.00,14.00,14.00,14.00,180000,0.80
2000-02-28,14.00,14.00,14.00,14.00,14400,0.80
2000-02-25,14.00,14.00,14.00,14.00,2400,0.80
2000-02-24,14.00,14.00,14.00,14.00,88800,0.80
2000-02-23,14.00,14.12,14.00,14.12,9600,0.80
2000-02-22,14.06,14.06,13.75,14.00,266400,0.80
2000-02-18,14.00,14.12,14.00,14.00,43200,0.80
2000-02-17,14.25,14.25,14.00,14.00,28800,0.80
2000-02-16,14.12,14.12,14.12,14.12,190400,0.80
2000-02-15,14.12,14.25,14.12,14.25,24000,0.81
2000-02-14,14.12,14.12,14.12,14.12,41600,0.80
2000-02-11,14.25,14.25,14.06,14.12,103200,0.80
2000-02-10,13.88,14.25,13.88,14.06,105600,0.80
2000-02-09,14.12,14.12,13.75,13.75,8000,0.78
2000-02-08,14.00,14.38,14.00,14.12,67200,0.80
2000-02-07,14.00,15.00,14.00,14.25,20000,0.81
2000-02-04,14.00,15.00,14.00,15.00,19200,0.85
2000-02-03,14.38,14.38,14.38,14.38,213600,0.82
2000-02-02,14.38,14.38,14.38,14.38,31200,0.82
2000-02-01,14.38,14.38,14.38,14.38,12800,0.82
2000-01-31,14.50,14.50,14.38,14.38,122400,0.82
2000-01-28,14.38,14.38,14.38,14.38,94400,0.82
2000-01-27,14.25,14.38,14.00,14.38,63200,0.82
2000-01-26,13.75,14.25,13.75,14.25,15200,0.81
2000-01-25,14.25,14.25,13.63,13.75,19200,0.78
2000-01-24,14.00,14.25,14.00,14.25,196800,0.81
2000-01-21,14.38,14.38,14.00,14.25,9600,0.81
2000-01-20,14.12,14.12,14.00,14.12,134400,0.80
2000-01-19,13.75,14.25,13.75,14.25,115200,0.81
2000-01-18,14.50,14.50,13.75,13.88,16800,0.79
2000-01-14,14.50,14.50,14.50,14.50,4800,0.82
2000-01-13,14.59,14.59,14.59,14.59,3200,0.83
2000-01-12,14.50,14.50,14.50,14.50,48000,0.82
2000-01-11,14.50,14.50,14.38,14.50,10400,0.82
2000-01-10,14.50,14.50,14.50,14.50,50400,0.82
2000-01-07,14.50,14.75,14.50,14.75,79200,0.84
2000-01-06,14.50,14.50,14.50,14.50,176000,0.82
2000-01-05,14.50,14.50,14.50,14.50,12000,0.82
2000-01-04,14.62,14.62,14.62,14.62,38400,0.83
2000-01-03,14.75,14.87,14.62,14.62,10400,0.83
1999-12-31,14.62,14.62,14.62,14.62,62400,0.83
1999-12-30,14.62,14.62,14.62,14.62,56000,0.83
1999-12-29,14.81,14.81,14.62,14.62,69600,0.83
1999-12-28,14.62,14.62,14.62,14.62,103200,0.83
1999-12-27,14.62,14.62,14.62,14.62,62400,0.83
1999-12-23,14.62,14.62,14.62,14.62,26400,0.83
1999-12-22,15.00,15.00,14.62,14.62,96800,0.83
1999-12-21,14.62,14.62,14.62,14.62,99200,0.82
1999-12-20,14.62,15.00,14.62,14.62,288000,0.82
1999-12-17,15.00,15.00,14.62,14.62,68000,0.82
1999-12-16,15.00,15.06,15.00,15.06,76800,0.85
1999-12-15,14.87,15.13,14.62,15.00,144000,0.84
1999-12-14,14.50,15.00,14.38,14.87,175200,0.84
1999-12-13,14.50,14.50,14.50,14.50,800,0.81
1999-12-10,14.62,14.62,14.62,14.62,12000,0.82
1999-12-09,14.50,14.50,14.31,14.50,130400,0.81
1999-12-08,14.50,14.50,14.25,14.31,200000,0.80
1999-12-07,14.25,14.25,14.25,14.25,000,0.80
1999-12-06,14.25,14.25,14.25,14.25,226400,0.80
1999-12-03,14.25,14.50,14.25,14.25,80000,0.80
1999-12-02,14.25,14.81,14.25,14.81,12000,0.83
1999-12-01,14.50,14.50,14.50,14.50,17600,0.81
1999-11-30,14.81,14.81,14.25,14.25,177600,0.80
1999-11-29,14.87,14.87,14.25,14.25,135200,0.80
1999-11-26,15.13,15.13,15.13,15.13,800,0.85
1999-11-24,15.38,15.38,15.13,15.13,303200,0.85
1999-11-23,15.50,15.50,15.50,15.50,2400,0.87
1999-11-22,15.25,15.50,15.25,15.50,17600,0.87
1999-11-19,15.25,15.25,15.25,15.25,2400,0.86
1999-11-18,15.25,15.50,15.25,15.50,110400,0.87
1999-11-17,15.25,15.25,15.25,15.25,124800,0.86
1999-11-16,15.38,15.50,15.25,15.50,5600,0.87
1999-11-15,15.50,15.50,15.25,15.25,63200,0.86
1999-11-12,15.00,15.25,15.00,15.25,21600,0.86
1999-11-11,15.25,15.50,15.25,15.25,269600,0.86
1999-11-10,15.25,15.25,15.25,15.25,33600,0.86
1999-11-09,15.25,15.25,15.25,15.25,22400,0.86
1999-11-08,15.25,16.00,15.25,15.25,36000,0.86
1999-11-05,16.00,16.00,15.25,15.50,58400,0.87
1999-11-04,15.69,16.00,15.06,15.25,87200,0.86
1999-11-03,15.19,15.75,15.19,15.75,16800,0.88
1999-11-02,15.38,15.75,15.38,15.75,4020800,0.88
1999-11-01,14.56,15.62,14.38,15.62,130400,0.88
1999-10-29,14.62,14.62,14.12,14.56,12800,0.82
1999-10-28,13.88,14.50,13.81,14.50,184800,0.81
1999-10-27,13.75,13.75,13.63,13.63,117600,0.77
1999-10-26,13.50,13.94,13.50,13.69,128000,0.77
1999-10-25,13.50,13.88,13.50,13.88,32000,0.78
1999-10-22,13.75,13.75,13.50,13.50,113600,0.76
1999-10-21,13.75,13.88,13.75,13.75,129600,0.77
1999-10-20,14.00,14.00,14.00,14.00,2400,0.79
1999-10-19,13.88,13.88,13.81,13.88,158400,0.78
1999-10-18,14.06,14.06,13.75,13.81,51200,0.78
1999-10-15,14.12,14.38,14.06,14.06,33600,0.79
1999-10-14,14.38,14.38,14.38,14.38,800,0.81
1999-10-13,14.38,14.38,14.00,14.00,69600,0.79
1999-10-12,14.38,14.38,14.38,14.38,000,0.81
1999-10-11,13.88,14.38,13.88,14.38,101600,0.81
1999-10-08,14.00,14.75,14.00,14.38,160800,0.81
1999-10-07,14.62,14.94,13.94,13.94,130400,0.78
1999-10-06,14.50,14.50,14.25,14.25,24800,0.80
1999-10-05,15.50,15.50,14.50,14.56,180800,0.82
1999-10-04,15.75,15.75,14.75,14.75,112800,0.83
1999-10-01,15.75,15.75,15.75,15.75,38400,0.88
1999-09-30,15.75,15.88,15.75,15.88,124800,0.89
1999-09-29,15.88,16.00,15.88,16.00,10400,0.90
1999-09-28,16.19,16.37,15.75,15.75,58400,0.88
1999-09-27,16.31,16.31,16.19,16.19,187200,0.91
1999-09-24,16.50,16.50,16.31,16.31,14400,0.92
1999-09-23,16.59,16.59,16.31,16.44,118400,0.92
1999-09-22,16.31,16.88,16.31,16.88,14400,0.94
1999-09-21,16.88,17.00,16.88,16.88,249600,0.94
1999-09-20,16.88,17.00,16.88,16.88,14400,0.94
1999-09-17,16.88,17.00,16.88,17.00,108000,0.94
1999-09-16,16.88,16.88,16.88,16.88,108000,0.94
1999-09-15,17.25,17.38,16.88,17.12,128000,0.95
1999-09-14,17.75,17.75,17.75,17.75,4800,0.99
1999-09-13,17.38,17.75,17.38,17.75,2400,0.99
1999-09-10,17.75,18.00,17.38,17.81,717600,0.99
1999-09-09,18.00,18.00,17.87,17.87,163200,0.99
1999-09-08,17.75,18.00,17.62,18.00,39200,1.00
1999-09-07,17.75,17.75,17.00,17.56,20000,0.98
1999-09-03,17.87,17.87,17.25,17.62,40800,0.98
1999-09-02,17.87,17.87,17.12,17.87,9600,0.99
1999-09-01,17.69,17.87,17.38,17.38,536000,0.97
1999-08-31,17.25,17.50,17.00,17.50,103200,0.97
1999-08-30,17.50,17.50,16.75,17.50,9600,0.97
1999-08-27,16.88,17.50,16.88,17.00,122400,0.94
1999-08-26,16.63,16.75,16.63,16.75,137600,0.93
1999-08-25,16.63,16.63,16.63,16.63,800,0.92
1999-08-24,16.88,16.88,16.63,16.88,188000,0.94
1999-08-23,16.37,16.88,16.37,16.37,16800,0.91
1999-08-20,16.63,16.63,16.63,16.63,2400,0.92
1999-08-19,16.75,16.75,16.37,16.37,45600,0.91
1999-08-18,16.25,16.63,16.25,16.50,68000,0.92
1999-08-17,16.47,16.69,16.00,16.50,192000,0.92
1999-08-16,16.75,16.75,16.25,16.50,28800,0.92
1999-08-13,16.63,16.63,16.25,16.25,7200,0.90
1999-08-12,16.63,16.63,16.37,16.50,180800,0.92
1999-08-11,16.63,16.63,16.63,16.63,000,0.92
1999-08-10,16.63,16.63,16.63,16.63,000,0.92
1999-08-09,16.63,16.63,16.63,16.63,22400,0.92
1999-08-06,16.63,16.63,16.63,16.63,000,0.92
1999-08-05,16.63,16.63,16.63,16.63,26400,0.92
1999-08-04,17.00,17.00,16.63,16.63,24800,0.92
1999-08-03,16.63,16.81,16.63,16.81,76800,0.93
1999-08-02,16.75,16.75,16.75,16.75,15200,0.93
1999-07-30,16.63,16.81,16.63,16.63,75200,0.92
1999-07-29,16.63,16.75,16.63,16.75,14400,0.93
1999-07-28,16.63,16.63,16.63,16.63,58400,0.92
1999-07-27,17.12,17.12,16.88,16.88,3200,0.94
1999-07-26,17.00,17.00,16.75,16.75,33600,0.93
1999-07-23,17.00,17.00,17.00,17.00,3200,0.94
1999-07-22,17.00,17.00,17.00,17.00,16800,0.94
1999-07-21,17.25,17.25,17.25,17.25,36000,0.96
1999-07-20,17.12,17.50,17.12,17.50,10400,0.97
1999-07-19,17.50,17.87,17.25,17.25,62400,0.96
1999-07-16,16.50,18.25,16.12,17.87,252800,0.99
1999-07-15,16.50,16.50,16.50,16.50,21600,0.92
1999-07-14,16.25,16.25,16.25,16.25,7200,0.90
1999-07-13,16.12,16.12,16.12,16.12,000,0.90
1999-07-12,16.25,16.25,16.12,16.12,8000,0.90
1999-07-09,17.00,17.00,16.25,16.25,5600,0.90
1999-07-08,16.50,16.50,16.12,16.25,53600,0.90
1999-07-07,16.25,16.25,16.25,16.25,800,0.90
1999-07-06,16.12,16.88,16.12,16.63,70400,0.92
1999-07-02,16.00,16.06,16.00,16.00,28800,0.89
1999-07-01,16.00,16.37,16.00,16.37,36800,0.91
1999-06-30,16.12,16.12,16.00,16.00,16800,0.89
1999-06-29,16.00,16.02,16.00,16.00,69600,0.89
1999-06-28,15.75,15.75,15.75,15.75,8000,0.88
1999-06-25,16.12,16.12,16.06,16.06,15200,0.89
1999-06-24,16.00,16.00,15.75,15.81,104000,0.88
1999-06-23,15.75,15.88,15.75,15.75,34400,0.88
1999-06-22,15.75,15.88,15.75,15.88,256800,0.87
1999-06-21,16.00,16.00,16.00,16.00,000,0.88
1999-06-18,15.75,16.00,15.75,16.00,12800,0.88
1999-06-17,15.75,16.25,15.75,15.88,36000,0.87
1999-06-16,15.75,15.88,15.75,15.75,24800,0.87
1999-06-15,15.75,15.88,15.75,15.75,20000,0.87
1999-06-14,15.75,15.81,15.75,15.81,84000,0.87
1999-06-11,16.00,16.19,15.75,15.75,48800,0.87
1999-06-10,16.00,16.00,15.75,15.88,19200,0.87
1999-06-09,15.75,16.00,15.75,16.00,56000,0.88
1999-06-08,15.75,16.00,15.75,15.75,87200,0.87
1999-06-07,15.75,15.75,15.75,15.75,32000,0.87
1999-06-04,16.00,16.00,15.94,15.94,3200,0.88
1999-06-03,16.00,16.00,16.00,16.00,800,0.88
1999-06-02,16.00,16.00,15.75,16.00,76800,0.88
1999-06-01,16.25,16.25,15.88,15.88,161600,0.87
1999-05-28,15.75,15.75,15.75,15.75,000,0.87
1999-05-27,15.62,16.00,15.62,15.75,48000,0.87
1999-05-26,15.62,15.62,15.50,15.50,144000,0.85
1999-05-25,15.50,15.62,15.50,15.50,103200,0.85
1999-05-24,15.62,15.62,15.50,15.50,12800,0.85
1999-05-21,15.62,15.62,15.50,15.50,12800,0.85
1999-05-20,15.50,15.62,15.00,15.62,56000,0.86
1999-05-19,15.03,15.25,15.03,15.13,142400,0.83
1999-05-18,14.62,15.62,14.56,15.38,173600,0.85
1999-05-17,14.62,15.00,14.62,15.00,26400,0.83
1999-05-14,14.75,14.87,14.62,14.62,158400,0.80
1999-05-13,14.62,14.75,14.62,14.75,132000,0.81
1999-05-12,14.62,15.00,14.38,14.87,269600,0.82
1999-05-11,14.38,14.87,14.25,14.38,137600,0.79
1999-05-10,13.88,14.25,13.88,14.25,147200,0.78
1999-05-07,14.06,14.25,13.94,14.00,252000,0.77
1999-05-06,14.25,14.25,14.06,14.06,74400,0.77
1999-05-05,14.00,14.12,14.00,14.12,56000,0.78
1999-05-04,14.00,14.87,14.00,14.38,211200,0.79
1999-05-03,13.88,14.00,13.88,13.88,14400,0.76
1999-04-30,14.00,14.00,13.75,14.00,65600,0.77
1999-04-29,14.00,14.00,13.75,14.00,528800,0.77
1999-04-28,14.12,14.12,13.88,14.00,132800,0.77
1999-04-27,13.88,14.00,13.88,14.00,111200,0.77
1999-04-26,14.12,14.12,13.88,13.88,93600,0.76
1999-04-23,14.19,14.19,14.00,14.12,845600,0.78
1999-04-22,14.00,14.38,14.00,14.06,58400,0.77
1999-04-21,14.00,14.00,14.00,14.00,800,0.77
1999-04-20,14.00,14.12,14.00,14.00,208800,0.77
1999-04-19,14.19,14.19,14.19,14.19,8000,0.78
1999-04-16,14.00,14.19,14.00,14.00,74400,0.77
1999-04-15,14.00,14.19,13.88,14.00,511200,0.77
1999-04-14,13.88,14.03,13.88,14.03,36000,0.77
1999-04-13,13.75,14.12,13.75,13.88,39200,0.76
1999-04-12,13.69,13.75,13.69,13.75,104000,0.76
1999-04-09,13.75,13.75,13.69,13.69,140000,0.75
1999-04-08,13.69,13.75,13.69,13.75,172800,0.76
1999-04-07,13.69,13.88,13.69,13.69,129600,0.75
1999-04-06,13.69,13.69,13.69,13.69,21600,0.75
1999-04-05,13.50,13.63,13.50,13.63,204000,0.75
1999-04-01,14.00,14.00,13.50,14.00,303200,0.77
1999-03-31,14.00,14.00,14.00,14.00,178400,0.77
1999-03-30,14.00,14.19,14.00,14.00,118400,0.77
1999-03-29,14.50,14.50,14.00,14.19,172800,0.78
1999-03-26,14.38,14.38,14.12,14.12,26400,0.78
1999-03-25,14.12,14.25,14.12,14.25,70400,0.78
1999-03-24,14.25,14.38,14.25,14.25,115200,0.78
1999-03-23,14.25,14.50,14.25,14.50,41600,0.79
1999-03-22,14.25,14.25,14.25,14.25,4800,0.78
1999-03-19,14.75,14.75,14.25,14.25,50400,0.78
1999-03-18,14.25,14.31,14.25,14.25,137600,0.78
1999-03-17,14.38,14.87,14.25,14.25,147200,0.78
1999-03-16,14.38,14.38,14.38,14.38,28800,0.78
1999-03-15,14.38,14.87,14.38,14.50,106400,0.79
1999-03-12,14.50,14.87,14.50,14.75,52800,0.80
1999-03-11,14.38,14.38,14.00,14.38,60800,0.78
1999-03-10,14.50,14.50,14.12,14.25,45600,0.78
1999-03-09,14.50,14.75,14.50,14.75,24800,0.80
1999-03-08,14.87,14.87,14.62,14.62,118400,0.80
1999-03-05,14.75,14.87,14.62,14.62,153600,0.80
1999-03-04,14.62,14.75,14.62,14.75,16800,0.80
1999-03-03,14.62,14.87,14.62,14.62,15200,0.80
1999-03-02,14.50,14.62,14.25,14.38,48000,0.78
1999-03-01,14.50,14.56,14.50,14.56,19200,0.79
1999-02-26,15.00,15.25,14.75,14.75,116000,0.80
1999-02-25,15.25,15.38,15.00,15.00,305600,0.82
1999-02-24,15.50,15.50,15.25,15.25,15200,0.83
1999-02-23,15.25,15.25,15.25,15.25,7200,0.83
1999-02-22,15.25,15.25,15.25,15.25,000,0.83
1999-02-19,15.25,15.25,15.25,15.25,24000,0.83
1999-02-18,15.38,15.38,15.25,15.25,12800,0.83
1999-02-17,15.88,15.88,15.88,15.88,000,0.86
1999-02-16,15.50,15.88,15.50,15.88,43200,0.86
1999-02-12,15.88,15.88,15.88,15.88,000,0.86
1999-02-11,15.75,15.88,15.75,15.88,26400,0.86
1999-02-10,15.75,15.75,15.75,15.75,19200,0.86
1999-02-09,16.00,16.12,16.00,16.00,70400,0.87
1999-02-08,15.75,16.12,15.75,16.12,27200,0.88
1999-02-05,15.62,16.00,15.62,15.62,48000,0.85
1999-02-04,15.62,16.12,15.62,15.62,41600,0.85
1999-02-03,16.37,16.37,15.75,16.12,45600,0.88
1999-02-02,16.12,16.50,15.75,15.75,44000,0.86
1999-02-01,15.88,16.12,15.62,16.12,36000,0.88
1999-01-29,15.75,16.25,15.62,16.00,164000,0.87
1999-01-28,15.25,16.12,15.25,15.75,142400,0.86
1999-01-27,15.50,15.62,15.38,15.50,141600,0.84
1999-01-26,15.50,15.62,15.50,15.62,8000,0.85
1999-01-25,15.50,15.75,15.50,15.62,81600,0.85
1999-01-22,15.88,15.88,15.50,15.62,231200,0.85
1999-01-21,15.75,15.88,15.75,15.81,115200,0.86
1999-01-20,16.00,16.00,15.75,15.75,31200,0.86
1999-01-19,15.75,15.75,15.75,15.75,12000,0.86
1999-01-15,16.25,16.25,16.00,16.00,36000,0.87
1999-01-14,15.75,15.75,15.75,15.75,000,0.86
1999-01-13,15.75,15.88,15.75,15.75,170400,0.86
1999-01-12,15.75,16.00,15.75,16.00,33600,0.87
1999-01-11,15.88,16.25,15.62,16.25,48800,0.88
1999-01-08,16.00,16.00,16.00,16.00,7200,0.87
1999-01-07,16.00,16.00,15.88,15.88,16800,0.86
1999-01-06,16.63,16.88,16.00,16.25,31200,0.88
1999-01-05,16.63,16.63,16.00,16.63,44000,0.90
1999-01-04,16.12,16.37,15.75,16.37,152000,0.89
1998-12-31,16.12,16.12,16.12,16.12,14400,0.88
1998-12-30,16.00,16.12,15.75,15.75,36000,0.86
1998-12-29,16.12,16.12,15.75,15.75,154400,0.86
1998-12-28,15.75,16.25,15.75,15.75,140000,0.86
1998-12-24,15.88,15.88,15.62,15.88,144000,0.86
1998-12-23,15.62,15.88,15.62,15.62,33600,0.85
1998-12-22,16.63,16.63,15.62,15.62,39200,0.84
1998-12-21,16.00,16.00,16.00,16.00,12000,0.86
1998-12-18,16.00,16.25,16.00,16.00,26400,0.86
1998-12-17,16.63,16.63,16.00,16.00,92000,0.86
1998-12-16,16.63,16.81,16.63,16.81,12000,0.91
1998-12-15,16.88,16.88,16.75,16.75,15200,0.90
1998-12-14,16.88,17.00,16.88,16.88,80000,0.91
1998-12-11,16.88,16.94,16.88,16.94,46400,0.91
1998-12-10,17.25,17.25,17.00,17.00,39200,0.92
1998-12-09,17.38,17.50,17.00,17.50,20000,0.94
1998-12-08,17.00,17.12,17.00,17.12,43200,0.92
1998-12-07,17.38,17.38,17.00,17.00,9600,0.92
1998-12-04,17.00,17.12,17.00,17.12,53600,0.92
1998-12-03,17.25,17.50,17.00,17.06,10400,0.92
1998-12-02,17.12,17.12,17.12,17.12,5600,0.92
1998-12-01,17.06,17.50,17.00,17.06,44000,0.92
1998-11-30,17.25,17.50,17.00,17.00,57600,0.92
1998-11-27,17.75,17.75,17.00,17.12,24000,0.92
1998-11-25,16.88,16.88,16.88,16.88,14400,0.91
1998-11-24,16.88,17.12,16.88,17.12,43200,0.92
1998-11-23,17.50,17.50,16.88,17.00,122400,0.92
1998-11-20,17.25,17.87,17.25,17.38,28800,0.94
1998-11-19,18.00,18.00,17.50,17.50,67200,0.94
1998-11-18,17.50,17.87,17.50,17.87,19200,0.96
1998-11-17,17.25,17.75,17.25,17.75,12800,0.96
1998-11-16,17.75,17.75,17.75,17.75,17600,0.96
1998-11-13,17.50,17.75,17.50,17.75,8000,0.96
1998-11-12,17.00,17.12,17.00,17.00,34400,0.92
1998-11-11,16.25,17.25,16.25,17.25,76800,0.93
1998-11-10,16.12,16.37,16.12,16.37,60000,0.88
1998-11-09,16.00,16.25,16.00,16.00,240000,0.86
1998-11-06,16.00,16.37,16.00,16.00,44000,0.86
1998-11-05,16.12,16.12,16.00,16.00,58400,0.86
1998-11-04,16.50,16.50,16.44,16.50,19200,0.89
1998-11-03,16.75,16.75,16.00,16.44,79200,0.89
1998-11-02,15.88,16.25,15.25,16.25,176000,0.88
1998-10-30,16.37,16.37,16.37,16.37,800,0.88
1998-10-29,16.00,16.00,16.00,16.00,000,0.86
1998-10-28,16.00,16.00,16.00,16.00,4800,0.86
1998-10-27,15.88,15.88,15.88,15.88,800,0.85
1998-10-26,16.25,16.25,15.88,16.00,34400,0.86
1998-10-23,16.00,16.25,16.00,16.25,113600,0.88
1998-10-22,16.00,16.00,15.88,15.88,27200,0.85
1998-10-21,15.88,15.88,15.88,15.88,48000,0.85
1998-10-20,15.88,16.00,15.88,16.00,92000,0.86
1998-10-19,15.88,15.88,15.88,15.88,5600,0.85
1998-10-16,15.94,16.00,15.88,16.00,63200,0.86
1998-10-15,15.88,16.00,15.88,15.94,63200,0.86
1998-10-14,16.00,16.00,15.88,15.88,24800,0.85
1998-10-13,15.88,15.88,15.88,15.88,10400,0.85
1998-10-12,15.88,15.88,15.88,15.88,000,0.85
1998-10-09,16.00,16.00,15.88,15.88,101600,0.85
1998-10-08,15.88,15.88,15.88,15.88,3200,0.85
1998-10-07,15.88,16.00,15.88,15.88,91200,0.85
1998-10-06,15.88,16.00,15.88,16.00,115200,0.86
1998-10-05,15.88,16.50,15.88,16.50,187200,0.89
1998-10-02,15.88,16.50,15.62,15.88,98400,0.85
1998-10-01,16.75,16.75,15.62,15.62,70400,0.84
1998-09-30,17.50,17.50,16.75,16.75,24800,0.90
1998-09-29,17.75,17.75,17.00,17.00,45600,0.92
1998-09-28,17.50,17.50,17.50,17.50,17600,0.94
1998-09-25,17.75,17.75,17.75,17.75,16800,0.96
1998-09-24,18.00,18.06,17.75,17.75,125600,0.96
1998-09-23,18.00,18.00,18.00,18.00,000,0.97
1998-09-22,18.00,18.00,18.00,18.00,000,0.96
1998-09-21,18.00,18.00,18.00,18.00,000,0.96
1998-09-18,18.00,18.00,18.00,18.00,31200,0.96
1998-09-17,18.00,18.00,18.00,18.00,4800,0.96
1998-09-16,18.00,18.00,18.00,18.00,800,0.96
1998-09-15,18.00,18.00,18.00,18.00,000,0.96
1998-09-14,18.00,18.00,18.00,18.00,135200,0.96
1998-09-11,18.00,18.13,18.00,18.13,16800,0.97
1998-09-10,18.00,18.00,18.00,18.00,5600,0.96
1998-09-09,18.00,18.00,18.00,18.00,7200,0.96
1998-09-08,18.00,18.06,18.00,18.00,16800,0.96
1998-09-04,18.00,18.06,18.00,18.06,195200,0.96
1998-09-03,18.00,18.00,18.00,18.00,12800,0.96
1998-09-02,18.00,18.13,18.00,18.00,151200,0.96
1998-09-01,18.00,18.38,18.00,18.00,10400,0.96
1998-08-31,18.75,18.75,18.00,18.00,224000,0.96
1998-08-28,18.75,18.88,18.75,18.75,15200,1.00
1998-08-27,18.75,19.25,18.75,18.75,16800,1.00
1998-08-26,18.75,18.75,18.75,18.75,48800,1.00
1998-08-25,18.88,18.88,18.88,18.88,000,1.01
1998-08-24,18.88,18.94,18.88,18.88,72000,1.01
1998-08-21,18.88,18.88,18.75,18.75,27200,1.00
1998-08-20,18.75,18.81,18.75,18.81,67200,1.00
1998-08-19,19.00,19.00,19.00,19.00,000,1.01
1998-08-18,19.00,19.00,18.75,19.00,33600,1.01
1998-08-17,19.25,19.25,18.75,19.00,67200,1.01
1998-08-14,18.88,18.88,18.75,18.88,117600,1.01
1998-08-13,18.75,18.75,18.75,18.75,36000,1.00
1998-08-12,18.75,18.75,18.75,18.75,16800,1.00
1998-08-11,19.12,19.12,18.75,19.00,149600,1.01
1998-08-10,19.12,19.25,19.12,19.25,281600,1.03
1998-08-07,19.12,19.37,19.12,19.12,39200,1.02
1998-08-06,19.12,19.37,19.12,19.12,28800,1.02
1998-08-05,19.12,19.37,19.12,19.37,55200,1.03
1998-08-04,19.12,19.12,19.12,19.12,800,1.02
1998-08-03,19.25,19.37,19.25,19.25,48800,1.03
1998-07-31,19.12,19.19,19.00,19.19,65600,1.02
1998-07-30,19.12,19.25,19.12,19.25,86400,1.03
1998-07-29,19.12,19.12,19.12,19.12,12000,1.02
1998-07-28,19.12,19.19,19.12,19.19,69600,1.02
1998-07-27,19.50,19.50,19.12,19.12,24800,1.02
1998-07-24,19.12,19.22,19.12,19.22,101600,1.03
1998-07-23,19.12,19.12,19.12,19.12,12000,1.02
1998-07-22,19.12,19.12,19.12,19.12,800,1.02
1998-07-21,19.12,19.37,19.12,19.12,24800,1.02
1998-07-20,19.12,19.25,19.12,19.25,737600,1.03
1998-07-17,19.12,19.12,19.12,19.12,000,1.02
1998-07-16,19.12,19.12,19.12,19.12,12000,1.02
1998-07-15,19.12,19.50,19.12,19.37,128000,1.03
1998-07-14,19.25,19.25,19.12,19.25,139200,1.03
1998-07-13,19.12,19.12,19.12,19.12,2400,1.02
1998-07-10,19.25,19.25,19.25,19.25,000,1.03
1998-07-09,19.12,19.25,19.12,19.25,3200,1.03
1998-07-08,19.12,19.50,19.12,19.12,39200,1.02
1998-07-07,19.12,19.12,19.12,19.12,4800,1.02
1998-07-06,19.12,19.12,19.12,19.12,43200,1.02
1998-07-02,19.12,19.25,19.12,19.12,120800,1.02
1998-07-01,19.12,19.50,19.12,19.12,125600,1.02
1998-06-30,19.12,19.50,19.12,19.12,84000,1.02
1998-06-29,19.12,19.12,19.12,19.12,14400,1.02
1998-06-26,19.12,19.12,19.12,19.12,2400,1.02
1998-06-25,19.12,19.50,19.12,19.12,34400,1.02
1998-06-24,19.12,19.37,19.12,19.12,24000,1.02
1998-06-23,19.12,19.12,19.12,19.12,2400,1.01
1998-06-22,19.12,19.25,19.12,19.12,10400,1.01
1998-06-19,19.50,19.50,19.12,19.12,24000,1.01
1998-06-18,19.12,19.37,19.12,19.37,26400,1.03
1998-06-17,19.12,19.50,19.12,19.50,77600,1.03
1998-06-16,19.37,19.37,19.37,19.37,2400,1.03
1998-06-15,19.25,19.37,19.12,19.37,29600,1.03
1998-06-12,19.00,19.25,19.00,19.12,108000,1.01
1998-06-11,19.63,19.63,19.25,19.25,60800,1.02
1998-06-10,19.63,19.81,19.63,19.81,55200,1.05
1998-06-09,20.00,20.00,19.63,19.63,26400,1.04
1998-06-08,19.63,20.00,19.63,19.63,180800,1.04
1998-06-05,20.00,20.00,19.63,19.75,50400,1.05
1998-06-04,19.63,19.63,19.50,19.50,21600,1.03
1998-06-03,19.88,20.00,19.63,19.63,220800,1.04
1998-06-02,20.00,20.00,20.00,20.00,000,1.06
1998-06-01,20.00,20.25,20.00,20.00,1036800,1.06
1998-05-29,20.00,20.00,20.00,20.00,27200,1.06
1998-05-28,20.00,20.38,20.00,20.38,62400,1.08
1998-05-27,20.19,20.38,20.00,20.38,175200,1.08
1998-05-26,19.88,20.12,19.88,20.00,20000,1.06
1998-05-22,19.88,20.38,19.88,20.38,24800,1.08
1998-05-21,19.88,19.88,19.88,19.88,31200,1.05
1998-05-20,20.00,20.00,19.88,20.00,27200,1.06
1998-05-19,19.88,20.12,19.88,20.12,24800,1.07
1998-05-18,19.75,20.00,19.75,19.88,74400,1.05
1998-05-15,19.63,20.00,19.50,20.00,24800,1.06
1998-05-14,19.50,19.75,19.50,19.63,60800,1.04
1998-05-13,19.69,20.00,19.69,19.69,512000,1.04
1998-05-12,19.69,19.69,19.69,19.69,20000,1.04
1998-05-11,19.69,19.69,19.69,19.69,15200,1.04
1998-05-08,19.69,19.69,19.69,19.69,10400,1.04
1998-05-07,19.69,20.00,19.69,19.69,28800,1.04
1998-05-06,19.69,19.69,19.69,19.69,19200,1.04
1998-05-05,19.69,19.69,19.69,19.69,50400,1.04
1998-05-04,19.63,19.69,19.63,19.69,28800,1.04
1998-05-01,19.75,20.00,19.75,19.75,62400,1.05
1998-04-30,19.75,20.00,19.50,19.75,92000,1.05
1998-04-29,19.37,19.75,19.37,19.75,94400,1.05
1998-04-28,19.25,19.25,19.25,19.25,5600,1.02
1998-04-27,20.25,20.25,19.25,19.75,216000,1.05
1998-04-24,20.25,20.25,20.25,20.25,8000,1.07
1998-04-23,20.25,20.50,20.25,20.25,50400,1.07
1998-04-22,20.38,20.38,20.25,20.25,4800,1.07
1998-04-21,20.38,20.87,20.38,20.87,28800,1.11
1998-04-20,20.75,21.25,20.38,20.38,163200,1.08
1998-04-17,21.00,21.00,20.75,20.75,375200,1.10
1998-04-16,20.87,21.00,20.87,20.87,36800,1.11
1998-04-15,20.75,21.00,20.75,21.00,53600,1.11
1998-04-14,20.75,20.87,20.75,20.75,28800,1.10
1998-04-13,20.75,20.87,20.75,20.75,21600,1.10
1998-04-09,21.25,21.25,20.75,20.75,60000,1.10
1998-04-08,21.25,21.31,20.75,21.31,148800,1.13
1998-04-07,20.75,21.25,20.75,21.00,46400,1.11
1998-04-06,20.75,21.25,20.75,21.25,15200,1.13
1998-04-03,20.75,21.00,20.62,21.00,36800,1.11
1998-04-02,21.00,21.00,20.75,20.81,425600,1.10
1998-04-01,21.25,21.25,21.00,21.25,41600,1.13
1998-03-31,21.00,21.25,21.00,21.25,39200,1.13
1998-03-30,21.00,21.00,20.87,20.87,19200,1.11
1998-03-27,20.75,20.75,20.75,20.75,27200,1.10
1998-03-26,21.25,21.25,21.25,21.25,000,1.13
1998-03-25,20.00,21.25,20.00,21.25,312800,1.13
1998-03-24,20.00,20.00,20.00,20.00,12800,1.05
1998-03-23,20.00,20.12,20.00,20.00,204000,1.05
1998-03-20,21.00,21.00,20.00,20.00,232800,1.05
1998-03-19,22.25,22.63,20.75,21.00,720800,1.10
1998-03-18,22.12,22.19,22.12,22.19,31200,1.17
1998-03-17,22.12,22.25,22.12,22.12,48000,1.16
1998-03-16,22.12,22.19,22.00,22.19,44000,1.17
1998-03-13,22.12,22.12,22.12,22.12,19200,1.16
1998-03-12,22.12,22.37,22.12,22.25,53600,1.17
1998-03-11,22.12,22.25,22.12,22.12,38400,1.16
1998-03-10,22.12,22.12,22.12,22.12,10400,1.16
1998-03-09,22.37,22.37,22.12,22.12,12000,1.16
1998-03-06,22.12,22.31,22.12,22.12,34400,1.16
1998-03-05,22.12,22.12,22.12,22.12,3200,1.16
1998-03-04,22.12,22.12,22.12,22.12,800,1.16
1998-03-03,22.37,22.37,22.12,22.37,21600,1.18
1998-03-02,22.19,22.31,22.00,22.31,140000,1.17
1998-02-27,22.25,22.37,22.25,22.25,189600,1.17
1998-02-26,22.25,22.37,22.25,22.25,192000,1.17
1998-02-25,22.25,22.37,22.25,22.25,148800,1.17
1998-02-24,22.25,22.37,22.25,22.37,334400,1.18
1998-02-23,22.25,22.75,22.25,22.25,24800,1.17
1998-02-20,22.25,22.25,22.25,22.25,12800,1.17
1998-02-19,22.37,22.37,22.37,22.37,84000,1.18
1998-02-18,22.25,22.37,22.25,22.37,108800,1.18
1998-02-17,22.25,22.25,22.25,22.25,17600,1.17
1998-02-13,22.25,22.37,22.25,22.37,34400,1.18
1998-02-12,22.37,22.50,22.37,22.50,69600,1.18
1998-02-11,22.25,22.37,22.25,22.37,112800,1.18
1998-02-10,22.12,22.31,22.12,22.31,74400,1.17
1998-02-09,22.12,22.25,22.12,22.25,55200,1.17
1998-02-06,22.75,22.75,22.12,22.25,5600,1.17
1998-02-05,22.12,22.50,22.12,22.37,48800,1.18
1998-02-04,22.12,22.12,22.12,22.12,14400,1.16
1998-02-03,22.75,22.75,22.12,22.12,9600,1.16
1998-02-02,22.12,22.12,22.12,22.12,800,1.16
1998-01-30,22.63,22.63,22.12,22.63,8000,1.19
1998-01-29,22.12,22.25,22.12,22.25,111200,1.17
1998-01-28,22.12,22.12,22.12,22.12,15200,1.16
1998-01-27,22.12,22.12,22.12,22.12,19200,1.16
1998-01-26,22.50,22.50,22.25,22.25,33600,1.17
1998-01-23,22.12,22.12,22.12,22.12,5600,1.16
1998-01-22,22.75,22.75,22.50,22.56,194400,1.19
1998-01-21,22.00,22.37,22.00,22.00,21600,1.16
1998-01-20,21.75,22.75,21.75,21.88,36800,1.15
1998-01-16,21.75,22.25,21.75,22.25,29600,1.17
1998-01-15,21.75,22.00,21.75,21.88,15200,1.15
1998-01-14,22.00,22.00,22.00,22.00,15200,1.16
1998-01-13,22.00,22.00,21.88,21.88,56000,1.15
1998-01-12,21.38,21.75,21.38,21.69,57600,1.14
1998-01-09,22.00,22.00,21.38,21.38,39200,1.12
1998-01-08,21.38,21.50,21.38,21.38,80000,1.12
1998-01-07,21.38,21.38,21.38,21.38,8000,1.12
1998-01-06,21.38,21.62,21.38,21.38,21600,1.12
1998-01-05,21.38,21.38,21.38,21.38,7200,1.12
1998-01-02,21.38,21.38,21.38,21.38,17600,1.12
1997-12-31,21.38,21.50,21.38,21.50,100800,1.13
1997-12-30,21.38,21.38,21.38,21.38,14400,1.12
1997-12-29,21.50,21.56,21.38,21.50,140000,1.13
1997-12-26,22.00,22.00,22.00,22.00,000,1.16
1997-12-24,21.50,22.00,21.50,22.00,26400,1.16
1997-12-23,21.50,21.62,21.50,21.50,21600,1.12
1997-12-22,21.50,22.00,21.50,21.75,60000,1.14
1997-12-19,21.50,21.50,21.50,21.50,15200,1.12
1997-12-18,21.50,21.50,21.50,21.50,115200,1.12
1997-12-17,21.38,22.00,21.38,21.50,10400,1.12
1997-12-16,21.44,21.50,21.38,21.50,19200,1.12
1997-12-15,22.00,22.12,21.44,22.12,8000,1.15
1997-12-12,21.00,21.38,21.00,21.00,44000,1.10
1997-12-11,20.75,20.87,20.75,20.75,148800,1.08
1997-12-10,20.75,21.75,20.75,20.75,72000,1.08
1997-12-09,20.75,21.25,20.75,20.87,705600,1.09
1997-12-08,20.75,21.25,20.75,21.25,5600,1.11
1997-12-05,21.75,21.75,20.75,21.13,15200,1.10
1997-12-04,21.00,21.25,21.00,21.13,346400,1.10
1997-12-03,21.50,21.50,20.81,20.81,442400,1.09
1997-12-02,21.50,21.50,21.00,21.00,3200,1.10
1997-12-01,21.50,22.37,20.87,22.06,283200,1.15
1997-11-28,20.62,20.69,20.62,20.69,9600,1.08
1997-11-26,21.00,22.25,20.62,20.62,98400,1.08
1997-11-25,21.75,22.50,20.75,20.75,77600,1.08
1997-11-24,19.50,20.75,19.50,20.75,99200,1.08
1997-11-21,20.75,20.75,19.63,19.63,68000,1.02
1997-11-20,20.00,21.00,20.00,20.00,48800,1.04
1997-11-19,21.25,21.88,21.00,21.13,160800,1.10
1997-11-18,22.75,22.75,22.00,22.50,506400,1.17
1997-11-17,22.50,23.25,22.50,22.63,26400,1.18
1997-11-14,23.50,23.50,22.50,22.75,21600,1.19
1997-11-13,23.38,23.38,22.50,22.50,159200,1.17
1997-11-12,22.75,23.19,22.75,22.75,41600,1.19
1997-11-11,22.75,23.00,22.75,22.75,48800,1.19
1997-11-10,22.75,23.25,22.75,23.25,364800,1.21
1997-11-07,22.37,23.75,22.37,23.50,24800,1.23
1997-11-06,23.75,23.75,23.75,23.75,800,1.24
1997-11-05,23.50,23.50,22.50,23.00,29600,1.20
1997-11-04,22.50,23.50,22.50,23.50,7200,1.23
1997-11-03,23.00,23.25,23.00,23.25,48000,1.21
1997-10-31,23.50,23.50,22.50,22.50,43200,1.17
1997-10-30,21.25,23.50,21.25,23.50,33600,1.23
1997-10-29,23.25,23.25,22.75,22.75,16800,1.19
1997-10-28,21.75,22.75,20.87,22.75,188000,1.19
1997-10-27,23.62,23.62,22.00,22.81,72800,1.19
1997-10-24,23.50,23.75,22.75,22.75,17600,1.19
1997-10-23,23.25,23.38,21.75,23.38,132000,1.22
1997-10-22,24.50,24.50,23.50,23.50,148800,1.23
1997-10-21,24.38,24.38,24.13,24.38,10400,1.27
1997-10-20,25.00,25.00,24.13,24.13,175200,1.26
1997-10-17,24.75,25.00,24.13,24.13,663200,1.26
1997-10-16,24.75,25.50,24.62,25.25,285600,1.32
1997-10-15,25.75,25.75,25.25,25.50,38400,1.33
1997-10-14,24.62,25.50,24.62,25.00,22400,1.30
1997-10-13,25.00,25.00,25.00,25.00,33600,1.30
1997-10-10,25.00,25.00,24.50,25.00,62400,1.30
1997-10-09,25.00,25.00,24.50,24.50,137600,1.28
1997-10-08,24.75,25.00,24.25,25.00,77600,1.30
1997-10-07,24.00,24.00,24.00,24.00,31200,1.25
1997-10-06,24.00,24.00,23.50,24.00,79200,1.25
1997-10-03,24.00,24.25,23.75,24.25,46400,1.27
1997-10-02,23.75,23.75,23.38,23.62,108000,1.23
1997-10-01,25.00,25.00,23.87,23.87,112800,1.25
1997-09-30,24.25,25.00,24.25,24.56,127200,1.28
1997-09-29,24.50,25.00,24.00,25.00,146400,1.30
1997-09-26,25.12,25.25,24.75,24.75,293600,1.29
1997-09-25,25.12,25.12,25.00,25.12,8000,1.31
1997-09-24,24.75,25.00,24.75,25.00,75200,1.30
1997-09-23,24.75,24.88,24.75,24.88,65600,1.30
1997-09-22,24.75,24.88,24.75,24.88,116000,1.29
1997-09-19,24.25,24.62,24.25,24.25,19200,1.26
1997-09-18,24.25,24.75,24.25,24.75,44000,1.28
1997-09-17,24.50,25.00,24.25,24.75,50400,1.28
1997-09-16,25.00,25.00,25.00,25.00,2400,1.30
1997-09-15,24.25,24.25,24.25,24.25,12000,1.26
1997-09-12,25.00,25.00,24.50,24.50,8000,1.27
1997-09-11,24.62,25.00,24.25,24.25,15200,1.26
1997-09-10,24.50,24.50,24.50,24.50,5600,1.27
1997-09-09,23.75,25.00,23.75,25.00,32000,1.30
1997-09-08,23.75,24.00,23.75,24.00,20000,1.25
1997-09-05,24.00,24.50,24.00,24.00,19200,1.25
1997-09-04,25.00,25.25,24.50,25.00,58400,1.30
1997-09-03,25.25,25.25,24.75,24.75,88800,1.28
1997-09-02,24.75,25.25,24.75,25.25,130400,1.31
1997-08-29,25.25,25.25,25.00,25.00,22400,1.30
1997-08-28,25.00,25.00,25.00,25.00,12000,1.30
1997-08-27,25.25,25.25,24.75,25.00,43200,1.30
1997-08-26,24.50,25.00,24.50,24.75,31200,1.28
1997-08-25,24.50,25.50,24.50,25.50,122400,1.32
1997-08-22,25.25,25.25,25.25,25.25,000,1.31
1997-08-21,25.25,25.63,25.00,25.25,104000,1.31
1997-08-20,25.25,25.25,25.25,25.25,36800,1.31
1997-08-19,25.25,25.25,25.25,25.25,12000,1.31
1997-08-18,25.50,25.50,25.00,25.25,51200,1.31
1997-08-15,24.25,25.75,24.25,25.75,108000,1.34
1997-08-14,24.50,25.00,24.50,25.00,15200,1.30
1997-08-13,24.50,25.00,24.50,25.00,168000,1.30
1997-08-12,24.75,24.75,24.25,24.75,20000,1.28
1997-08-11,24.75,24.75,24.25,24.75,86400,1.28
1997-08-08,24.75,24.75,24.50,24.50,24000,1.27
1997-08-07,24.25,24.75,24.25,24.25,29600,1.26
1997-08-06,24.75,24.75,24.25,24.75,77600,1.28
1997-08-05,24.50,24.75,24.50,24.75,44000,1.28
1997-08-04,24.50,24.50,24.00,24.00,27200,1.25
1997-08-01,24.00,24.75,24.00,24.75,29600,1.28
1997-07-31,24.00,24.25,24.00,24.25,8000,1.26
1997-07-30,24.25,24.50,24.00,24.06,122400,1.25
1997-07-29,24.00,24.50,24.00,24.50,134400,1.27
1997-07-28,24.38,24.38,24.25,24.25,17600,1.26
1997-07-25,24.25,24.38,24.00,24.00,5600,1.25
1997-07-24,24.00,24.13,24.00,24.00,12800,1.25
1997-07-23,24.38,24.38,24.00,24.13,31200,1.25
1997-07-22,24.00,24.00,24.00,24.00,5600,1.25
1997-07-21,24.00,24.00,24.00,24.00,000,1.25
1997-07-18,24.00,24.00,24.00,24.00,2400,1.25
1997-07-17,23.87,23.87,23.87,23.87,000,1.24
1997-07-16,24.25,24.50,23.87,23.87,96000,1.24
1997-07-15,23.75,24.50,23.50,24.50,16800,1.27
1997-07-14,24.00,24.00,23.75,23.75,33600,1.23
1997-07-11,24.00,24.25,24.00,24.25,14400,1.26
1997-07-10,24.00,24.38,24.00,24.00,27200,1.25
1997-07-09,24.75,24.88,24.00,24.38,22400,1.26
1997-07-08,24.38,24.50,23.50,24.00,58400,1.25
1997-07-07,23.50,24.00,23.50,24.00,7200,1.25
1997-07-03,24.25,24.38,23.38,24.38,16800,1.26
1997-07-02,23.38,24.38,23.38,24.38,12800,1.26
1997-07-01,24.13,24.13,24.13,24.13,000,1.25
1997-06-30,24.13,24.13,24.00,24.13,108000,1.25
1997-06-27,23.94,24.25,23.94,24.25,26400,1.26
1997-06-26,23.75,23.75,23.75,23.75,36000,1.23
1997-06-25,23.75,23.75,23.75,23.75,800,1.23
1997-06-24,24.75,24.75,23.75,23.75,84800,1.23
1997-06-23,24.13,24.13,23.75,23.75,26400,1.23
1997-06-20,23.62,23.62,23.62,23.62,800,1.22
1997-06-19,23.87,23.87,23.75,23.75,24800,1.23
1997-06-18,23.62,23.87,23.62,23.87,21600,1.23
1997-06-17,23.87,24.62,23.75,23.75,46400,1.23
1997-06-16,23.87,23.87,23.38,23.87,33600,1.23
1997-06-13,23.38,23.38,23.38,23.38,800,1.21
1997-06-12,23.75,23.87,23.50,23.62,41600,1.22
1997-06-11,23.25,23.75,23.25,23.25,28800,1.20
1997-06-10,23.25,23.50,23.25,23.50,3200,1.21
1997-06-09,23.25,23.25,23.25,23.25,3200,1.20
1997-06-06,23.75,23.75,23.75,23.75,8000,1.23
1997-06-05,23.25,23.75,23.25,23.50,34400,1.21
1997-06-04,23.75,23.75,23.75,23.75,4800,1.23
1997-06-03,23.75,23.75,23.75,23.75,800,1.23
1997-06-02,23.00,23.75,23.00,23.00,46400,1.19
1997-05-30,23.38,23.75,22.75,23.75,50400,1.23
1997-05-29,23.62,23.75,23.50,23.50,45600,1.21
1997-05-28,23.50,23.50,23.50,23.50,8000,1.21
1997-05-27,23.50,23.87,23.50,23.50,57600,1.21
1997-05-23,24.00,24.25,23.50,23.50,57600,1.21
1997-05-22,23.75,24.00,23.75,24.00,19200,1.24
1997-05-21,23.50,23.50,23.50,23.50,20000,1.21
1997-05-20,23.50,23.87,23.25,23.50,256800,1.21
1997-05-19,23.25,23.25,23.25,23.25,000,1.20
1997-05-16,23.50,23.50,22.75,23.25,43200,1.20
1997-05-15,22.75,23.25,22.75,22.75,24000,1.17
1997-05-14,23.25,23.25,22.75,23.00,224000,1.19
1997-05-13,23.00,23.00,23.00,23.00,5600,1.19
1997-05-12,23.00,23.00,22.50,22.50,50400,1.16
1997-05-09,22.50,23.00,22.50,22.88,96800,1.18
1997-05-08,23.00,23.00,22.37,22.37,60800,1.15
1997-05-07,23.00,23.00,22.63,22.63,29600,1.17
1997-05-06,22.75,23.00,22.50,22.50,77600,1.16
1997-05-05,23.00,23.00,22.50,22.75,27200,1.17
1997-05-02,23.25,23.25,22.50,23.00,15200,1.19
1997-05-01,23.25,23.25,22.50,22.50,24800,1.16
1997-04-30,23.25,23.25,22.37,22.37,108800,1.15
1997-04-29,22.50,22.50,22.50,22.50,3200,1.16
1997-04-28,22.50,22.50,22.50,22.50,12000,1.16
1997-04-25,23.00,23.25,22.50,23.25,10400,1.20
1997-04-24,22.75,22.75,22.37,22.50,93600,1.16
1997-04-23,22.50,22.50,22.25,22.25,52800,1.15
1997-04-22,23.25,23.25,22.75,22.75,10400,1.17
1997-04-21,23.25,23.25,22.37,23.25,27200,1.20
1997-04-18,23.25,23.25,23.25,23.25,4800,1.20
1997-04-17,22.63,23.25,22.63,23.25,29600,1.20
1997-04-16,23.25,23.25,22.63,22.63,44000,1.17
1997-04-15,23.25,23.25,22.25,22.25,64800,1.15
1997-04-14,22.25,23.25,22.25,23.25,46400,1.20
1997-04-11,23.25,23.25,23.25,23.25,000,1.20
1997-04-10,23.25,23.25,23.25,23.25,4800,1.20
1997-04-09,22.25,23.25,22.25,23.25,62400,1.20
1997-04-08,22.75,22.75,22.25,22.25,248000,1.15
1997-04-07,22.75,23.00,22.25,22.50,82400,1.16
1997-04-04,23.00,23.00,23.00,23.00,800,1.19
1997-04-03,23.50,23.50,23.50,23.50,000,1.21
1997-04-02,22.88,23.50,22.88,23.50,36800,1.21
1997-04-01,23.00,23.00,22.19,22.19,364800,1.14
1997-03-31,23.50,23.50,23.50,23.50,2400,1.21
1997-03-27,22.25,23.50,22.25,23.50,136800,1.21
1997-03-26,22.25,23.50,22.25,23.50,14400,1.21
1997-03-25,22.50,22.50,22.50,22.50,000,1.16
1997-03-24,23.50,23.50,22.50,22.50,8000,1.15
1997-03-21,23.50,23.50,23.00,23.50,34400,1.21
1997-03-20,22.50,22.50,22.50,22.50,24000,1.15
1997-03-19,22.25,22.50,22.25,22.31,44000,1.14
1997-03-18,22.50,22.50,22.31,22.31,117600,1.14
1997-03-17,22.00,23.50,22.00,23.50,36800,1.21
1997-03-14,23.50,23.50,21.75,22.00,144000,1.13
1997-03-13,23.12,23.75,22.50,23.12,144000,1.19
1997-03-12,22.88,23.75,22.88,23.75,51200,1.22
1997-03-11,22.25,22.88,22.25,22.50,208800,1.15
1997-03-10,22.50,23.00,22.00,23.00,261600,1.18
1997-03-07,22.50,22.50,22.12,22.12,43200,1.13
1997-03-06,22.50,22.50,22.50,22.50,000,1.15
1997-03-05,23.25,23.25,22.12,22.50,57600,1.15
1997-03-04,22.63,22.63,22.63,22.63,17600,1.16
1997-03-03,21.75,22.50,21.75,22.25,166400,1.14
1997-02-28,22.25,22.50,21.75,21.75,70400,1.12
1997-02-27,23.25,23.25,22.25,22.25,14400,1.14
1997-02-26,23.25,23.25,22.25,22.50,36800,1.15
1997-02-25,22.25,23.25,22.25,23.25,24000,1.19
1997-02-24,22.50,22.50,22.50,22.50,17600,1.15
1997-02-21,23.25,23.25,22.25,22.25,26400,1.14
1997-02-20,23.00,23.50,22.50,22.50,80000,1.15
1997-02-19,23.00,23.00,23.00,23.00,000,1.18
1997-02-18,23.00,23.00,23.00,23.00,4800,1.18
1997-02-14,24.00,24.00,23.25,23.25,40800,1.19
1997-02-13,23.25,23.25,23.25,23.25,7200,1.19
1997-02-12,24.00,24.00,23.25,23.50,50400,1.21
1997-02-11,23.00,23.00,23.00,23.00,800,1.18
1997-02-10,23.50,23.50,23.50,23.50,000,1.21
1997-02-07,23.00,23.50,23.00,23.50,38400,1.21
1997-02-06,24.00,24.00,24.00,24.00,800,1.23
1997-02-05,23.00,24.00,23.00,24.00,72800,1.23
1997-02-04,24.00,24.50,23.00,23.00,65600,1.18
1997-02-03,23.50,23.50,22.75,22.75,27200,1.17
1997-01-31,22.50,22.50,22.50,22.50,4800,1.15
1997-01-30,23.00,23.00,23.00,23.00,2400,1.18
1997-01-29,22.50,22.50,22.50,22.50,000,1.15
1997-01-28,22.50,22.50,22.50,22.50,000,1.15
1997-01-27,22.50,22.50,22.50,22.50,3200,1.15
1997-01-24,23.00,23.50,22.50,23.50,34400,1.21
1997-01-23,22.50,23.50,22.50,23.50,108000,1.21
1997-01-22,21.50,21.50,21.50,21.50,4800,1.10
1997-01-21,22.50,22.50,22.50,22.50,3200,1.15
1997-01-20,22.50,22.50,21.50,21.50,12800,1.10
1997-01-17,22.50,22.50,22.50,22.50,000,1.15
1997-01-16,22.50,22.50,22.50,22.50,19200,1.15
1997-01-15,22.50,22.50,21.50,22.50,10400,1.15
1997-01-14,22.50,22.50,22.00,22.25,64800,1.14
1997-01-13,22.75,22.75,21.75,22.25,76800,1.14
1997-01-10,22.75,22.75,21.75,22.75,48000,1.17
1997-01-09,22.00,22.00,21.75,21.75,60800,1.12
1997-01-08,22.37,22.50,22.37,22.50,24000,1.15
1997-01-07,22.00,22.00,22.00,22.00,60000,1.13
1997-01-06,21.75,21.75,21.75,21.75,3200,1.12
1997-01-03,22.75,22.75,21.75,21.75,28800,1.12
1997-01-02,21.75,22.75,21.75,22.50,80000,1.15
1996-12-31,21.50,22.75,21.50,22.75,79200,1.17
1996-12-30,21.50,22.50,21.50,22.50,94400,1.15
1996-12-27,21.75,21.75,21.75,21.75,000,1.12
1996-12-26,21.75,21.75,21.75,21.75,22400,1.12
1996-12-24,21.50,21.50,21.50,21.50,5600,1.10
1996-12-23,21.75,22.50,21.75,22.50,15200,1.15
1996-12-20,22.00,22.00,22.00,22.00,000,1.13
1996-12-19,22.50,22.50,21.50,22.00,36800,1.13
1996-12-18,22.75,23.00,22.50,23.00,10400,1.17
1996-12-17,21.50,21.50,21.50,21.50,800,1.10
1996-12-16,21.75,22.75,21.50,22.75,180000,1.16
1996-12-13,22.00,22.00,22.00,22.00,3200,1.12
1996-12-12,22.12,22.63,22.00,22.00,29600,1.12
1996-12-11,21.25,22.06,21.25,22.06,29600,1.13
1996-12-10,21.75,21.75,21.13,21.25,20000,1.08
1996-12-09,21.38,21.38,21.38,21.38,000,1.09
1996-12-06,21.00,21.75,21.00,21.38,14400,1.09
1996-12-05,21.00,21.00,21.00,21.00,000,1.07
1996-12-04,21.00,21.69,21.00,21.00,161600,1.07
1996-12-03,22.00,22.00,21.00,21.62,40800,1.10
1996-12-02,21.88,21.88,21.25,21.50,142400,1.10
1996-11-29,21.00,21.00,21.00,21.00,8000,1.07
1996-11-27,21.00,21.25,21.00,21.25,16800,1.08
1996-11-26,22.50,22.50,21.00,21.75,12000,1.11
1996-11-25,22.50,22.50,21.75,22.00,34400,1.12
1996-11-22,20.50,21.75,20.50,21.50,574400,1.10
1996-11-21,20.50,21.00,20.50,21.00,2400,1.07
1996-11-20,21.75,21.75,21.00,21.00,45600,1.07
1996-11-19,21.75,21.75,20.87,21.00,168800,1.07
1996-11-18,20.87,20.87,20.87,20.87,000,1.06
1996-11-15,21.00,21.13,20.87,20.87,132800,1.06
1996-11-14,21.00,21.00,20.87,20.87,12000,1.06
1996-11-13,21.00,21.25,21.00,21.00,32000,1.07
1996-11-12,21.00,21.50,21.00,21.50,10400,1.10
1996-11-11,21.62,21.62,21.62,21.62,000,1.10
1996-11-08,21.62,21.62,21.62,21.62,000,1.10
1996-11-07,21.00,21.62,21.00,21.62,12800,1.10
1996-11-06,21.00,21.13,20.50,21.00,100800,1.07
1996-11-05,21.00,21.13,20.50,20.87,344000,1.06
1996-11-04,21.00,22.00,20.50,21.25,29600,1.08
1996-11-01,21.88,22.25,21.00,22.25,111200,1.13
1996-10-31,21.00,21.00,21.00,21.00,800,1.07
1996-10-30,21.88,21.88,21.00,21.75,213600,1.11
1996-10-29,21.00,21.00,21.00,21.00,800,1.07
1996-10-28,21.38,21.38,21.38,21.38,4800,1.09
1996-10-25,21.25,21.88,21.25,21.75,264000,1.11
1996-10-24,21.81,22.00,21.25,21.75,370400,1.11
1996-10-23,21.75,22.00,21.25,21.25,108000,1.08
1996-10-22,21.88,22.00,21.13,21.13,9600,1.08
1996-10-21,21.13,22.50,21.13,22.50,8000,1.15
1996-10-18,21.13,21.75,21.13,21.75,15200,1.11
1996-10-17,22.50,22.50,21.00,21.00,64800,1.07
1996-10-16,21.13,21.62,21.13,21.13,32000,1.08
1996-10-15,21.25,22.50,21.13,21.13,87200,1.08
1996-10-14,22.50,22.50,21.13,22.50,9600,1.15
1996-10-11,22.50,22.50,22.50,22.50,800,1.15
1996-10-10,21.25,21.75,21.25,21.44,53600,1.09
1996-10-09,21.13,21.13,21.13,21.13,5600,1.08
1996-10-08,21.13,21.50,21.13,21.13,17600,1.08
1996-10-07,21.13,21.38,21.00,21.19,676800,1.08
1996-10-04,21.00,21.38,21.00,21.25,204000,1.08
1996-10-03,21.25,21.25,21.00,21.25,303200,1.08
1996-10-02,21.50,21.50,20.87,20.87,9600,1.06
1996-10-01,20.87,20.87,20.87,20.87,48000,1.06
1996-09-30,21.00,22.00,20.75,20.75,53600,1.06
1996-09-27,21.50,21.50,20.75,20.75,264800,1.06
1996-09-26,20.75,21.50,20.75,21.50,20000,1.10
1996-09-25,20.87,21.50,20.75,20.75,267200,1.06
1996-09-24,21.38,21.50,20.75,20.75,82400,1.06
1996-09-23,21.62,21.62,20.75,21.39,278400,1.09
1996-09-20,21.62,22.50,21.62,21.62,89600,1.10
1996-09-19,21.50,22.00,21.50,21.62,58400,1.10
1996-09-18,21.38,21.38,21.38,21.38,7200,1.08
1996-09-17,21.50,22.00,21.25,21.38,192000,1.08
1996-09-16,21.62,22.75,21.50,21.50,139200,1.09
1996-09-13,22.00,22.12,21.75,22.12,206400,1.12
1996-09-12,22.00,22.00,22.00,22.00,000,1.12
1996-09-11,22.00,22.00,22.00,22.00,4800,1.12
1996-09-10,22.12,22.12,22.12,22.12,5600,1.12
1996-09-09,21.88,21.88,21.88,21.88,000,1.11
1996-09-06,21.88,21.88,21.88,21.88,000,1.11
1996-09-05,21.75,21.88,21.75,21.88,32000,1.11
1996-09-04,22.75,22.75,21.75,21.75,8000,1.10
1996-09-03,22.75,22.75,22.75,22.75,000,1.15
1996-08-30,22.75,22.75,22.75,22.75,12800,1.15
1996-08-29,22.00,22.75,21.75,22.12,288800,1.12
1996-08-28,22.00,23.00,22.00,22.12,106400,1.12
1996-08-27,21.25,22.75,21.25,22.12,154400,1.12
1996-08-26,21.88,21.88,21.88,21.88,2400,1.11
1996-08-23,21.75,22.75,21.75,22.00,81600,1.12
1996-08-22,21.25,23.00,21.00,21.75,705600,1.10
1996-08-21,20.75,21.50,20.00,20.75,62400,1.05
1996-08-20,20.75,20.75,20.75,20.75,7200,1.05
1996-08-19,20.00,20.75,20.00,20.75,17600,1.05
1996-08-16,20.25,21.75,19.50,21.75,272000,1.10
1996-08-15,20.25,20.25,18.50,20.25,21600,1.03
1996-08-14,19.25,20.00,19.00,20.00,784800,1.01
1996-08-13,18.25,19.12,18.25,18.38,160800,0.93
1996-08-12,18.75,18.75,18.25,18.25,4800,0.93
1996-08-09,19.00,19.00,19.00,19.00,000,0.96
1996-08-08,19.75,19.75,19.00,19.00,2400,0.96
1996-08-07,19.75,19.75,18.75,18.75,45600,0.95
1996-08-06,18.50,18.50,18.50,18.50,000,0.94
1996-08-05,18.50,18.50,18.50,18.50,16800,0.94
1996-08-02,19.75,19.75,18.38,18.50,168000,0.94
1996-08-01,18.00,18.50,18.00,18.50,278400,0.94
1996-07-31,18.00,19.00,18.00,19.00,4800,0.96
1996-07-30,18.62,18.62,18.62,18.62,28800,0.94
1996-07-29,18.88,18.88,18.88,18.88,26400,0.96
1996-07-26,18.25,19.50,18.25,18.62,188000,0.94
1996-07-25,18.75,18.81,18.75,18.81,8000,0.95
1996-07-24,18.50,18.75,18.25,18.25,19200,0.93
1996-07-23,18.75,19.25,18.75,19.00,53600,0.96
1996-07-22,19.37,19.37,18.75,18.75,70400,0.95
1996-07-19,19.25,19.25,19.25,19.25,28800,0.98
1996-07-18,19.25,19.37,19.25,19.37,2400,0.98
1996-07-17,19.37,19.37,19.25,19.25,8000,0.98
1996-07-16,19.75,20.75,19.50,20.75,113600,1.05
1996-07-15,19.75,21.00,19.75,19.75,12800,1.00
1996-07-12,20.00,20.00,20.00,20.00,000,1.01
1996-07-11,20.00,20.00,20.00,20.00,12000,1.01
1996-07-10,20.00,20.50,20.00,20.50,48000,1.04
1996-07-09,20.00,20.00,20.00,20.00,000,1.01
1996-07-08,20.62,20.62,20.00,20.00,22400,1.01
1996-07-05,20.25,20.25,20.25,20.25,12000,1.03
1996-07-03,20.25,20.25,20.25,20.25,800,1.03
1996-07-02,21.75,21.75,21.75,21.75,3200,1.10
1996-07-01,20.25,20.25,20.25,20.25,9600,1.03
1996-06-28,21.75,21.75,20.25,20.25,36000,1.03
1996-06-27,20.75,20.75,20.25,20.75,12000,1.05
1996-06-26,20.25,20.25,20.25,20.25,7200,1.03
1996-06-25,20.75,20.75,20.25,20.25,14400,1.03
1996-06-24,20.25,20.75,20.25,20.75,3200,1.05
1996-06-21,21.38,21.38,20.50,20.50,16800,1.04
1996-06-20,21.00,21.00,21.00,21.00,000,1.06
1996-06-19,22.00,22.00,20.50,21.00,91200,1.06
1996-06-18,20.50,21.50,20.50,21.38,128000,1.08
1996-06-17,20.50,20.50,20.50,20.50,2400,1.03
1996-06-14,20.50,21.50,20.50,20.50,9600,1.03
1996-06-13,20.50,20.50,20.50,20.50,800,1.03
1996-06-12,22.25,22.25,21.00,21.00,2400,1.06
1996-06-11,20.50,20.50,20.50,20.50,000,1.03
1996-06-10,20.50,22.25,20.50,20.50,16800,1.03
1996-06-07,20.50,20.50,20.50,20.50,14400,1.03
1996-06-06,20.50,21.50,20.50,21.50,187200,1.08
1996-06-05,20.50,21.25,20.50,21.25,60800,1.07
1996-06-04,22.25,22.25,20.50,21.00,264800,1.06
1996-06-03,21.00,22.00,20.50,22.00,152000,1.11
1996-05-31,20.25,21.00,19.75,19.75,91200,1.00
1996-05-30,19.25,19.25,19.25,19.25,5600,0.97
1996-05-29,20.25,20.25,19.25,20.25,31200,1.02
1996-05-28,19.00,20.25,18.25,20.25,84800,1.02
1996-05-24,18.00,18.75,18.00,18.62,19200,0.94
1996-05-23,18.00,18.75,18.00,18.75,88800,0.95
1996-05-22,17.75,17.75,17.75,17.75,7200,0.89
1996-05-21,18.75,18.75,18.50,18.50,7200,0.93
1996-05-20,17.50,18.50,17.50,18.50,38400,0.93
1996-05-17,18.38,18.38,17.50,17.75,16800,0.89
1996-05-16,18.38,18.38,17.50,18.00,106400,0.91
1996-05-15,18.00,18.75,18.00,18.75,53600,0.95
1996-05-14,17.50,18.00,17.50,18.00,46400,0.91
1996-05-13,17.50,18.00,17.50,18.00,31200,0.91
1996-05-10,17.50,18.00,17.50,17.50,41600,0.88
1996-05-09,18.00,18.00,17.50,18.00,12000,0.91
1996-05-08,17.50,18.00,17.50,18.00,43200,0.91
1996-05-07,18.00,18.00,17.75,17.75,14400,0.89
1996-05-06,18.00,18.00,17.50,17.50,91200,0.88
1996-05-03,18.00,18.00,17.50,17.62,89600,0.89
1996-05-02,17.00,18.00,17.00,18.00,16800,0.91
1996-05-01,17.12,18.00,17.12,18.00,62400,0.91
1996-04-30,16.75,17.50,16.75,17.00,53600,0.86
1996-04-29,16.75,17.50,16.75,17.25,36800,0.87
1996-04-26,17.50,17.50,16.50,16.75,60800,0.84
1996-04-25,16.50,16.50,16.50,16.50,5600,0.83
1996-04-24,17.00,17.50,16.50,17.00,79200,0.86
1996-04-23,16.25,17.50,16.25,16.25,156000,0.82
1996-04-22,16.50,17.00,16.00,17.00,194400,0.86
1996-04-19,16.50,17.00,16.00,16.00,72000,0.81
1996-04-18,16.00,16.75,16.00,16.00,41600,0.81
1996-04-17,16.00,16.50,16.00,16.06,39200,0.81
1996-04-16,16.50,16.50,16.50,16.50,12000,0.83
1996-04-15,17.25,17.25,16.00,16.37,427200,0.83
1996-04-12,16.00,17.00,16.00,17.00,46400,0.86
1996-04-11,16.25,16.25,16.25,16.25,14400,0.82
1996-04-10,16.50,16.50,16.25,16.25,32000,0.82
1996-04-09,16.50,17.00,16.25,16.25,321600,0.82
1996-04-08,16.00,17.50,16.00,17.12,75200,0.86
1996-04-04,17.50,17.50,16.00,16.00,81600,0.81
1996-04-03,16.88,16.88,16.88,16.88,000,0.85
1996-04-02,16.75,17.50,16.75,16.88,122400,0.85
1996-04-01,16.00,16.00,16.00,16.00,3200,0.81
1996-03-29,17.50,17.50,17.50,17.50,000,0.88
1996-03-28,17.50,17.50,17.50,17.50,000,0.88
1996-03-27,17.50,17.50,17.50,17.50,000,0.88
1996-03-26,17.50,17.50,17.50,17.50,4800,0.88
1996-03-25,16.25,16.75,16.25,16.75,98400,0.84
1996-03-22,16.25,17.50,16.25,16.25,17600,0.82
1996-03-21,16.94,16.94,16.25,16.25,142400,0.82
1996-03-20,16.88,17.50,16.25,16.88,33600,0.84
1996-03-19,17.50,17.50,16.25,16.25,20000,0.81
1996-03-18,16.88,16.88,16.88,16.88,000,0.84
1996-03-15,17.00,17.00,16.88,16.88,142400,0.84
1996-03-14,16.00,16.75,16.00,16.75,84000,0.84
1996-03-13,16.00,17.50,16.00,17.50,158400,0.88
1996-03-12,16.00,16.50,16.00,16.50,9600,0.83
1996-03-11,16.00,16.00,16.00,16.00,800,0.80
1996-03-08,17.00,17.00,16.25,16.25,48800,0.81
1996-03-07,16.50,17.50,16.50,17.50,19200,0.88
1996-03-06,16.75,17.12,16.50,16.50,140000,0.83
1996-03-05,16.50,16.50,16.50,16.50,36800,0.83
1996-03-04,16.50,17.50,16.50,16.50,21600,0.83
1996-03-01,17.50,17.50,16.50,16.50,320000,0.83
1996-02-29,17.50,17.50,16.88,17.50,41600,0.88
1996-02-28,16.50,16.50,16.50,16.50,3200,0.83
1996-02-27,16.50,16.88,16.50,16.88,104000,0.84
1996-02-26,17.50,17.50,16.50,16.50,840800,0.83
1996-02-23,16.50,17.00,16.50,17.00,27200,0.85
1996-02-22,17.50,17.50,16.50,17.00,603200,0.85
1996-02-21,17.50,17.50,17.25,17.25,88800,0.86
1996-02-20,17.75,18.50,17.75,17.75,56000,0.89
1996-02-16,17.75,17.75,17.75,17.75,3200,0.89
1996-02-15,17.75,17.75,17.75,17.75,000,0.89
1996-02-14,17.75,17.75,17.75,17.75,3200,0.89
1996-02-13,17.75,17.75,17.75,17.75,220800,0.89
1996-02-12,17.75,19.00,17.75,17.75,31200,0.89
1996-02-09,19.00,19.00,17.75,17.75,21600,0.89
1996-02-08,18.25,18.25,17.75,17.75,12000,0.89
1996-02-07,17.75,18.44,17.75,18.44,3200,0.92
1996-02-06,17.75,17.75,17.75,17.75,19200,0.89
1996-02-05,18.00,18.00,17.75,17.75,32000,0.89
1996-02-02,19.00,19.00,18.00,18.00,63200,0.90
1996-02-01,18.25,19.25,18.00,18.75,19200,0.94
1996-01-31,18.00,19.25,18.00,19.25,67200,0.96
1996-01-30,18.00,18.00,18.00,18.00,2400,0.90
1996-01-29,18.00,18.00,18.00,18.00,21600,0.90
1996-01-26,18.50,18.50,18.50,18.50,000,0.93
1996-01-25,18.00,18.62,18.00,18.50,437600,0.93
1996-01-24,18.00,18.75,17.75,17.75,65600,0.89
1996-01-23,17.75,18.25,17.75,18.25,14400,0.91
1996-01-22,17.75,19.12,17.75,17.75,7200,0.89
1996-01-19,17.75,17.75,17.75,17.75,60000,0.89
1996-01-18,19.00,19.00,19.00,19.00,2400,0.95
1996-01-17,17.81,18.00,17.81,18.00,19200,0.90
1996-01-16,17.50,19.00,17.50,19.00,43200,0.95
1996-01-15,18.00,18.50,18.00,18.50,4800,0.93
1996-01-12,17.50,18.00,17.50,18.00,9600,0.90
1996-01-11,17.50,19.00,17.50,19.00,7200,0.95
1996-01-10,17.50,18.13,17.50,18.13,188000,0.91
1996-01-09,17.50,18.00,17.50,18.00,27200,0.90
1996-01-08,17.50,18.00,17.50,17.50,5600,0.88
1996-01-05,18.00,18.50,17.50,18.25,52800,0.91
1996-01-04,18.00,18.00,18.00,18.00,000,0.90
1996-01-03,19.00,19.00,18.00,18.00,26400,0.90
1996-01-02,18.00,18.00,17.50,18.00,28800,0.90
1995-12-29,19.00,19.00,17.50,18.25,32000,0.91
1995-12-28,17.25,17.75,17.25,17.75,14400,0.89
1995-12-27,17.25,18.00,17.25,18.00,45600,0.90
1995-12-26,17.00,18.00,17.00,17.00,5600,0.85
1995-12-22,17.00,18.25,17.00,17.00,5600,0.85
1995-12-21,18.25,18.25,17.00,17.00,14400,0.85
1995-12-20,17.00,17.25,17.00,17.00,21600,0.85
1995-12-19,16.50,17.75,16.50,16.50,43200,0.82
1995-12-18,17.00,18.00,16.50,18.00,104000,0.89
1995-12-15,17.00,17.00,16.00,17.00,72800,0.84
1995-12-14,16.00,17.00,16.00,16.50,21600,0.82
1995-12-13,16.00,17.00,16.00,17.00,20000,0.84
1995-12-12,17.00,17.00,16.75,16.75,9600,0.83
1995-12-11,17.00,17.00,16.00,16.50,271200,0.82
1995-12-08,17.00,17.00,16.00,16.50,28800,0.82
1995-12-07,17.00,17.00,15.50,15.50,36800,0.77
1995-12-06,16.75,16.75,15.50,15.50,21600,0.77
1995-12-05,16.25,16.50,15.50,15.75,916800,0.78
1995-12-04,16.25,16.25,15.50,15.50,96000,0.77
1995-12-01,15.50,16.25,15.50,16.25,324800,0.81
1995-11-30,16.12,17.00,15.50,15.62,312800,0.78
1995-11-29,16.12,16.12,16.12,16.12,2400,0.80
1995-11-28,16.50,17.50,16.25,16.50,72800,0.82
1995-11-27,16.50,16.75,16.50,16.50,57600,0.82
1995-11-24,17.75,17.75,16.50,16.50,17600,0.82
1995-11-22,16.50,16.75,16.50,16.50,797600,0.82
1995-11-21,16.50,16.50,16.50,16.50,3200,0.82
1995-11-20,16.75,18.25,16.75,17.25,64800,0.86
1995-11-17,16.75,16.75,16.75,16.75,14400,0.83
1995-11-16,16.75,16.75,16.75,16.75,8000,0.83
1995-11-15,17.00,17.50,16.75,17.25,24000,0.86
1995-11-14,17.00,18.25,17.00,17.25,75200,0.86
1995-11-13,17.50,17.50,17.00,17.00,14400,0.84
1995-11-10,18.50,18.50,18.50,18.50,800,0.92
1995-11-09,17.00,18.50,17.00,18.50,5600,0.92
1995-11-08,17.00,17.00,17.00,17.00,800,0.84
1995-11-07,17.00,17.00,17.00,17.00,000,0.84
1995-11-06,17.00,17.00,17.00,17.00,2400,0.84
1995-11-03,18.50,18.50,17.25,18.00,57600,0.89
1995-11-02,17.75,18.50,17.75,18.50,15200,0.92
1995-11-01,17.00,18.50,17.00,18.50,447200,0.92
1995-10-31,18.50,18.50,17.00,17.50,44000,0.87
1995-10-30,18.50,18.50,18.50,18.50,2400,0.92
1995-10-27,18.50,18.50,17.00,17.87,230400,0.89
1995-10-26,17.75,17.75,17.75,17.75,5600,0.88
1995-10-25,18.50,18.50,17.87,17.87,17600,0.89
1995-10-24,17.87,18.25,17.87,17.87,319200,0.89
1995-10-23,17.87,17.87,17.87,17.87,2400,0.89
1995-10-20,17.87,17.87,17.87,17.87,12000,0.89
1995-10-19,18.00,19.00,17.62,17.87,240800,0.89
1995-10-18,18.00,19.00,18.00,18.00,29600,0.89
1995-10-17,18.00,18.00,18.00,18.00,3200,0.89
1995-10-16,18.00,18.00,18.00,18.00,12800,0.89
1995-10-13,19.25,19.25,19.25,19.25,2400,0.96
1995-10-12,18.00,18.25,18.00,18.25,583200,0.91
1995-10-11,18.13,19.00,18.00,19.00,399200,0.94
1995-10-10,18.00,18.62,18.00,18.25,24000,0.91
1995-10-09,18.62,18.62,18.62,18.62,4800,0.93
1995-10-06,19.00,19.25,18.00,19.25,14400,0.96
1995-10-05,18.00,19.00,18.00,19.00,2400,0.94
1995-10-04,18.13,18.38,18.13,18.25,104000,0.91
1995-10-03,18.00,19.50,18.00,18.00,17600,0.89
1995-10-02,18.00,19.50,18.00,19.00,29600,0.94
1995-09-29,18.13,19.50,18.00,18.00,53600,0.89
1995-09-28,18.00,19.50,18.00,19.50,31200,0.97
1995-09-27,18.94,18.94,18.94,18.94,3200,0.94
1995-09-26,18.25,18.25,18.00,18.00,44000,0.89
1995-09-25,18.00,18.62,18.00,18.00,51200,0.89
1995-09-22,19.25,19.25,18.00,18.00,5600,0.89
1995-09-21,18.00,18.62,18.00,18.62,38400,0.93
1995-09-20,18.00,18.00,18.00,18.00,7200,0.89
1995-09-19,18.50,18.62,18.00,18.62,17600,0.92
1995-09-18,19.00,19.25,18.62,18.62,45600,0.92
1995-09-15,18.00,19.00,18.00,18.00,22400,0.89
1995-09-14,19.25,19.25,19.25,19.25,12000,0.95
1995-09-13,17.75,18.50,17.75,18.50,55200,0.91
1995-09-12,19.25,19.25,17.75,18.62,84800,0.92
1995-09-11,17.75,19.00,17.75,17.75,88800,0.88
1995-09-08,19.00,19.00,17.75,19.00,12000,0.94
1995-09-07,17.75,17.75,17.75,17.75,800,0.88
1995-09-06,17.75,19.00,17.75,19.00,60000,0.94
1995-09-05,18.50,18.50,17.75,17.75,12800,0.88
1995-09-01,17.75,19.00,17.75,19.00,16800,0.94
1995-08-31,17.75,19.00,17.75,19.00,163200,0.94
1995-08-30,17.75,17.75,17.75,17.75,800,0.88
1995-08-29,18.00,18.00,18.00,18.00,10400,0.89
1995-08-28,17.50,18.50,17.50,18.00,53600,0.89
1995-08-25,18.00,18.25,17.50,17.75,17600,0.88
1995-08-24,18.50,18.50,17.50,18.25,22400,0.90
1995-08-23,19.25,19.75,18.00,18.25,252800,0.90
1995-08-22,20.00,20.00,19.25,19.75,44000,0.98
1995-08-21,20.25,20.25,19.25,20.00,12800,0.99
1995-08-18,19.25,20.00,19.25,20.00,4800,0.99
1995-08-17,20.50,20.50,19.50,19.50,29600,0.96
1995-08-16,20.50,20.50,19.50,19.50,7200,0.96
1995-08-15,20.00,20.00,19.88,19.88,96000,0.98
1995-08-14,20.50,20.50,20.50,20.50,4800,1.01
1995-08-11,19.50,20.50,19.50,19.75,180800,0.98
1995-08-10,19.50,19.50,19.50,19.50,000,0.96
1995-08-09,19.88,19.88,19.50,19.50,24000,0.96
1995-08-08,20.00,20.00,20.00,20.00,4800,0.99
1995-08-07,19.50,20.50,19.50,19.50,55200,0.96
1995-08-04,19.50,19.50,19.50,19.50,4800,0.96
1995-08-03,20.06,20.12,19.50,19.50,117600,0.96
1995-08-02,20.50,20.50,19.63,19.63,9600,0.97
1995-08-01,19.50,20.38,19.50,20.38,15200,1.01
1995-07-31,20.50,20.50,19.50,19.50,27200,0.96
1995-07-28,19.50,20.50,19.50,20.50,36000,1.01
1995-07-27,19.50,19.94,19.50,19.50,108000,0.96
1995-07-26,20.50,20.50,19.50,20.50,175200,1.01
1995-07-25,20.50,20.50,19.50,20.00,171200,0.99
1995-07-24,20.50,20.50,19.50,20.50,33600,1.01
1995-07-21,19.50,20.50,19.50,20.50,64800,1.01
1995-07-20,19.50,19.75,19.50,19.50,62400,0.96
1995-07-19,19.50,20.50,19.50,19.50,60800,0.96
1995-07-18,19.50,20.50,19.50,19.50,16800,0.96
1995-07-17,19.50,20.12,19.50,19.75,74400,0.98
1995-07-14,20.50,20.50,19.50,19.50,46400,0.96
1995-07-13,19.75,19.75,19.75,19.75,17600,0.98
1995-07-12,19.50,20.25,19.50,20.25,12800,1.00
1995-07-11,19.50,20.50,19.50,20.50,9600,1.01
1995-07-10,19.50,20.50,19.50,20.50,92000,1.01
1995-07-07,20.50,20.50,19.50,20.00,82400,0.99
1995-07-06,19.50,19.75,19.50,19.75,20000,0.98
1995-07-05,20.50,20.50,19.50,19.50,27200,0.96
1995-07-03,19.75,19.75,19.50,19.50,26400,0.96
1995-06-30,19.50,19.75,19.50,19.75,76800,0.98
1995-06-29,19.50,20.50,19.50,19.50,165600,0.96
1995-06-28,19.75,19.75,19.75,19.75,000,0.98
1995-06-27,19.50,20.50,19.50,19.75,166400,0.98
1995-06-26,20.50,20.50,19.50,19.63,139200,0.97
1995-06-23,19.75,19.75,19.50,19.50,1140800,0.96
1995-06-22,19.50,19.50,19.50,19.50,10400,0.96
1995-06-21,19.50,20.50,19.50,20.00,21600,0.99
1995-06-20,19.50,19.50,19.50,19.50,4800,0.96
1995-06-19,19.50,19.88,19.50,19.88,146400,0.98
1995-06-16,20.50,20.50,19.75,19.75,12000,0.97
1995-06-15,20.50,20.50,19.50,19.50,16800,0.96
1995-06-14,20.50,20.50,19.50,19.50,44000,0.96
1995-06-13,20.50,20.50,20.50,20.50,000,1.01
1995-06-12,20.50,20.50,20.50,20.50,000,1.01
1995-06-09,19.50,20.50,19.50,20.50,340800,1.01
1995-06-08,19.50,20.50,19.50,20.00,216000,0.98
1995-06-07,19.50,19.73,19.50,19.73,206400,0.97
1995-06-06,20.50,20.50,20.00,20.06,144800,0.99
1995-06-05,19.50,20.50,19.50,20.50,8000,1.01
1995-06-02,20.50,20.50,20.50,20.50,3200,1.01
1995-06-01,20.00,20.00,19.50,19.50,56000,0.96
1995-05-31,20.50,20.50,19.50,20.00,268800,0.98
1995-05-30,20.03,20.03,20.03,20.03,60800,0.98
1995-05-26,19.88,19.88,19.88,19.88,17600,0.98
1995-05-25,19.50,20.50,19.50,19.88,322400,0.98
1995-05-24,20.75,20.75,20.00,20.75,14400,1.02
1995-05-23,20.75,20.75,19.50,19.50,147200,0.96
1995-05-22,20.50,20.50,19.50,19.88,101600,0.98
1995-05-19,19.75,19.88,19.75,19.88,77600,0.98
1995-05-18,20.00,20.00,19.88,20.00,127200,0.98
1995-05-17,19.50,19.50,19.50,19.50,800,0.96
1995-05-16,19.50,21.00,19.50,20.00,63200,0.98
1995-05-15,19.50,19.50,19.50,19.50,5600,0.96
1995-05-12,19.88,19.88,19.50,19.88,218400,0.98
1995-05-11,19.50,20.25,19.50,19.75,279200,0.97
1995-05-10,19.50,20.25,19.50,19.50,36800,0.96
1995-05-09,19.50,20.75,19.50,20.75,200000,1.02
1995-05-08,19.50,20.75,19.50,20.75,194400,1.02
1995-05-05,20.00,20.00,19.50,19.50,12000,0.96
1995-05-04,20.00,20.75,19.50,19.50,21600,0.96
1995-05-03,20.00,20.50,19.50,20.50,28800,1.01
1995-05-02,19.88,19.88,19.88,19.88,000,0.98
1995-05-01,20.50,20.50,19.88,19.88,3200,0.98
1995-04-28,19.25,20.50,19.25,20.50,24800,1.01
1995-04-27,20.00,20.50,19.25,20.50,20000,1.01
1995-04-26,19.25,19.25,19.25,19.25,800,0.95
1995-04-25,19.25,19.25,19.25,19.25,800,0.95
1995-04-24,19.25,20.50,19.25,20.00,20000,0.98
1995-04-21,19.25,19.25,19.25,19.25,15200,0.95
1995-04-20,19.50,19.50,19.50,19.50,000,0.96
1995-04-19,19.50,20.50,19.25,19.50,116000,0.96
1995-04-18,20.50,20.50,20.50,20.50,7200,1.01
1995-04-17,19.00,19.25,19.00,19.25,5600,0.95
1995-04-13,19.00,19.00,19.00,19.00,000,0.93
1995-04-12,19.50,19.75,19.00,19.00,15200,0.93
1995-04-11,19.50,20.00,19.50,20.00,19200,0.98
1995-04-10,19.50,19.50,19.50,19.50,9600,0.96
1995-04-07,20.50,20.50,19.00,19.00,10400,0.93
1995-04-06,20.50,20.50,20.50,20.50,800,1.01
1995-04-05,19.00,19.00,19.00,19.00,5600,0.93
1995-04-04,20.50,20.50,19.00,19.00,12800,0.93
1995-04-03,20.50,20.50,20.50,20.50,2400,1.01
1995-03-31,20.50,20.50,19.00,20.50,9600,1.01
1995-03-30,19.00,20.50,19.00,19.37,26400,0.95
1995-03-29,19.00,19.00,19.00,19.00,000,0.93
1995-03-28,19.00,20.50,19.00,19.00,22400,0.93
1995-03-27,19.00,19.00,19.00,19.00,5600,0.93
1995-03-24,20.00,20.00,20.00,20.00,12000,0.98
1995-03-23,19.00,19.75,19.00,19.00,77600,0.93
1995-03-22,20.25,20.25,19.00,19.00,64800,0.93
1995-03-21,20.25,20.25,19.00,19.50,12000,0.96
1995-03-20,19.00,19.00,19.00,19.00,16800,0.93
1995-03-17,19.00,19.00,19.00,19.00,10400,0.93
1995-03-16,18.81,20.00,18.81,19.50,58400,0.95
1995-03-15,19.50,19.50,19.00,19.50,26400,0.95
1995-03-14,18.00,18.50,18.00,18.50,17600,0.90
1995-03-13,18.00,19.50,18.00,19.00,168000,0.93
1995-03-10,18.75,18.75,18.00,18.00,2400,0.88
1995-03-09,18.00,18.75,18.00,18.00,4800,0.88
1995-03-08,18.00,18.88,18.00,18.75,574400,0.92
1995-03-07,18.00,18.25,18.00,18.00,9600,0.88
1995-03-06,18.00,18.00,18.00,18.00,5600,0.88
1995-03-03,19.50,19.50,18.00,19.50,24000,0.95
1995-03-02,18.75,18.75,18.75,18.75,000,0.92
1995-03-01,18.75,18.75,18.75,18.75,000,0.92
1995-02-28,18.75,19.50,18.00,18.75,91200,0.92
1995-02-27,18.00,18.88,18.00,18.88,98400,0.92
1995-02-24,18.00,19.25,18.00,19.25,7200,0.94
1995-02-23,18.75,19.00,18.00,19.00,46400,0.93
1995-02-22,19.00,19.00,18.38,18.50,108000,0.90
1995-02-21,18.50,19.00,18.50,18.50,91200,0.90
1995-02-17,17.75,17.75,17.75,17.75,2400,0.87
1995-02-16,18.50,18.50,17.75,18.50,20000,0.90
1995-02-15,17.75,18.50,17.75,18.00,40800,0.88
1995-02-14,18.50,18.50,17.75,18.25,22400,0.89
1995-02-13,17.75,18.00,17.75,17.75,168000,0.87
1995-02-10,18.50,18.50,17.75,18.50,65600,0.90
1995-02-09,18.25,18.38,18.25,18.38,204000,0.90
1995-02-08,17.50,18.50,17.50,18.50,33600,0.90
1995-02-07,18.50,18.50,18.25,18.25,2400,0.89
1995-02-06,18.50,18.50,17.50,17.50,24000,0.85
1995-02-03,18.75,18.75,17.25,17.25,75200,0.84
1995-02-02,19.50,19.50,18.00,18.75,135200,0.92
1995-02-01,19.50,19.50,18.75,19.50,10400,0.95
1995-01-31,18.75,19.50,18.75,18.75,22400,0.92
1995-01-30,19.50,19.50,18.75,18.75,21600,0.92
1995-01-27,18.75,18.75,18.75,18.75,2400,0.92
1995-01-26,19.00,19.50,19.00,19.00,16800,0.93
1995-01-25,18.75,18.75,18.75,18.75,000,0.92
1995-01-24,18.75,18.75,18.75,18.75,000,0.92
1995-01-23,18.75,19.12,18.75,18.75,74400,0.92
1995-01-20,18.75,19.50,18.75,19.50,2400,0.95
1995-01-19,18.75,18.88,18.75,18.88,36800,0.92
1995-01-18,19.50,19.50,18.75,19.50,31200,0.95
1995-01-17,18.75,19.50,18.75,19.25,27200,0.94
1995-01-16,19.50,19.50,18.75,18.75,21600,0.92
1995-01-13,19.50,19.50,18.75,18.88,153600,0.92
1995-01-12,18.75,19.12,18.75,18.75,60000,0.92
1995-01-11,19.50,19.50,19.00,19.50,118400,0.95
1995-01-10,20.00,20.00,19.25,19.88,168000,0.97
1995-01-09,18.75,20.00,18.75,18.75,22400,0.92
1995-01-06,18.75,19.37,18.75,19.37,8000,0.95
1995-01-05,20.00,20.00,19.25,19.25,4800,0.94
1995-01-04,18.75,19.00,18.75,19.00,12000,0.93
1995-01-03,20.00,20.00,18.75,18.75,4800,0.92
1994-12-30,18.75,20.00,18.75,20.00,39200,0.98
1994-12-29,20.00,20.00,18.75,19.69,176000,0.96
1994-12-28,20.00,20.00,18.75,18.75,36000,0.92
1994-12-27,18.81,18.81,18.75,18.75,16800,0.92
1994-12-23,20.00,20.00,18.75,18.75,87200,0.92
1994-12-22,20.00,20.00,18.75,18.75,55200,0.92
1994-12-21,18.75,20.00,18.75,19.50,84800,0.95
1994-12-20,18.75,19.75,18.75,19.75,34400,0.96
1994-12-19,19.50,19.50,19.50,19.50,2400,0.95
1994-12-16,19.50,19.50,18.75,19.50,24800,0.95
1994-12-15,19.50,19.50,18.75,19.50,180000,0.95
1994-12-14,18.75,19.50,18.75,19.50,100800,0.95
1994-12-13,19.50,19.50,19.50,19.50,000,0.95
1994-12-12,19.50,19.50,19.50,19.50,800,0.95
1994-12-09,18.75,18.75,18.75,18.75,7200,0.91
1994-12-08,19.50,19.50,19.50,19.50,000,0.95
1994-12-07,19.50,19.50,18.75,19.50,58400,0.95
1994-12-06,18.75,19.25,18.75,19.25,105600,0.93
1994-12-05,19.25,19.25,18.75,19.25,12000,0.93
1994-12-02,18.75,19.25,18.75,18.75,100800,0.91
1994-12-01,19.25,19.25,19.00,19.25,135200,0.93
1994-11-30,18.75,19.50,18.75,19.25,38400,0.93
1994-11-29,18.75,18.75,18.75,18.75,000,0.91
1994-11-28,19.00,19.12,18.75,18.75,14400,0.91
1994-11-25,18.75,18.75,18.75,18.75,8000,0.91
1994-11-23,19.50,19.50,19.50,19.50,000,0.95
1994-11-22,19.50,19.50,19.50,19.50,000,0.95
1994-11-21,19.50,19.50,19.50,19.50,5600,0.95
1994-11-18,19.50,19.50,18.75,18.75,19200,0.91
1994-11-17,19.50,19.50,18.75,19.50,29600,0.95
1994-11-16,18.50,20.00,18.50,19.12,69600,0.93
1994-11-15,19.50,19.50,18.25,18.50,80000,0.90
1994-11-14,18.25,19.50,18.25,19.50,40800,0.95
1994-11-11,19.37,19.50,18.25,19.50,43200,0.95
1994-11-10,18.25,19.00,18.25,18.50,36000,0.90
1994-11-09,18.25,18.75,18.25,18.75,10400,0.91
1994-11-08,18.25,19.00,18.25,18.50,48800,0.90
1994-11-07,18.25,19.50,18.25,18.25,16800,0.89
1994-11-04,18.25,19.50,18.25,18.25,32000,0.89
1994-11-03,19.50,19.50,18.25,18.25,10400,0.89
1994-11-02,18.25,18.25,18.25,18.25,9600,0.89
1994-11-01,19.37,19.37,19.37,19.37,800,0.94
1994-10-31,18.25,19.50,18.25,19.50,24800,0.95
1994-10-28,19.50,19.50,19.50,19.50,9600,0.95
1994-10-27,19.50,19.50,19.50,19.50,12000,0.95
1994-10-26,19.50,19.50,18.25,18.25,64800,0.89
1994-10-25,19.50,19.50,18.50,19.50,17600,0.95
1994-10-24,18.25,19.50,18.25,19.50,41600,0.95
1994-10-21,18.25,19.25,18.25,18.25,115200,0.89
1994-10-20,18.25,18.25,18.25,18.25,000,0.89
1994-10-19,18.25,18.25,18.25,18.25,16800,0.89
1994-10-18,18.25,18.75,18.25,18.75,124800,0.91
1994-10-17,18.25,18.50,18.25,18.50,31200,0.90
1994-10-14,18.25,18.25,18.25,18.25,24000,0.89
1994-10-13,18.25,18.25,18.25,18.25,000,0.89
1994-10-12,18.13,19.25,18.13,18.25,19200,0.89
1994-10-11,18.00,19.00,18.00,19.00,2400,0.92
1994-10-10,19.25,19.25,18.00,18.00,5600,0.87
1994-10-07,19.25,19.25,18.00,18.50,36800,0.90
1994-10-06,19.25,19.25,19.25,19.25,2400,0.93
1994-10-05,18.50,18.50,18.50,18.50,000,0.90
1994-10-04,19.00,19.25,18.50,18.50,17600,0.90
1994-10-03,18.00,18.50,18.00,18.50,9600,0.90
1994-09-30,19.00,19.25,18.75,18.75,22400,0.91
1994-09-29,18.00,18.00,18.00,18.00,5600,0.87
1994-09-28,19.25,19.25,18.50,19.25,63200,0.93
1994-09-27,19.25,19.25,18.00,19.25,80000,0.93
1994-09-26,18.00,19.25,18.00,18.00,16800,0.87
1994-09-23,19.00,19.25,18.00,18.00,10400,0.87
1994-09-22,18.00,19.50,18.00,19.25,36800,0.93
1994-09-21,18.00,19.50,18.00,19.25,183200,0.93
1994-09-20,18.00,19.50,18.00,18.00,68000,0.87
1994-09-19,19.50,19.50,18.00,18.00,8000,0.87
1994-09-16,19.50,19.50,18.00,18.00,9600,0.87
1994-09-15,18.00,19.50,18.00,18.00,48000,0.87
1994-09-14,18.00,19.50,18.00,19.50,2400,0.94
1994-09-13,18.00,18.75,18.00,18.00,10400,0.87
1994-09-12,19.50,19.50,18.00,18.00,48000,0.87
1994-09-09,18.00,19.50,18.00,19.50,5600,0.94
1994-09-08,19.50,19.50,18.00,18.00,36800,0.87
1994-09-07,18.00,19.50,18.00,18.50,26400,0.89
1994-09-06,19.50,19.50,18.00,18.00,2400,0.87
1994-09-02,18.50,18.50,18.00,18.00,21600,0.87
1994-09-01,19.50,19.50,18.00,18.00,9600,0.87
1994-08-31,18.75,18.75,18.06,18.75,267200,0.91
1994-08-30,18.00,19.50,18.00,18.75,245600,0.91
1994-08-29,18.75,18.75,18.75,18.75,4800,0.91
1994-08-26,19.50,19.50,19.50,19.50,800,0.94
1994-08-25,18.00,18.75,18.00,18.00,21600,0.87
1994-08-24,19.50,19.50,19.50,19.50,15200,0.94
1994-08-23,19.50,19.50,19.50,19.50,32000,0.94
1994-08-22,18.00,19.50,18.00,19.50,9600,0.94
1994-08-19,18.00,19.50,18.00,19.12,45600,0.92
1994-08-18,18.00,19.50,18.00,18.00,76800,0.87
1994-08-17,18.50,19.50,18.00,19.50,116000,0.94
1994-08-16,18.50,19.81,18.50,19.81,21600,0.96
1994-08-15,19.00,19.81,18.50,19.81,52800,0.96
1994-08-12,19.75,19.75,18.50,18.50,20000,0.89
1994-08-11,18.50,18.50,18.50,18.50,10400,0.89
1994-08-10,18.50,19.50,18.50,19.50,67200,0.94
1994-08-09,18.50,18.50,18.50,18.50,36000,0.89
1994-08-08,19.00,19.00,18.50,18.50,125600,0.89
1994-08-05,19.75,19.75,19.00,19.00,24000,0.92
1994-08-04,20.00,20.00,19.00,20.00,44000,0.97
1994-08-03,18.50,20.00,18.50,19.88,46400,0.96
1994-08-02,18.50,18.50,18.50,18.50,3200,0.89
1994-08-01,18.50,19.88,18.50,18.50,12800,0.89
1994-07-29,20.00,20.00,19.75,20.00,8000,0.97
1994-07-28,19.00,19.75,18.62,19.75,22400,0.95
1994-07-27,18.62,20.00,18.50,20.00,242400,0.97
1994-07-26,19.69,20.00,19.69,20.00,5600,0.97
1994-07-25,19.00,20.00,18.75,20.00,46400,0.97
1994-07-22,20.00,20.00,19.75,19.75,12800,0.95
1994-07-21,18.50,19.63,18.50,19.63,24800,0.95
1994-07-20,19.50,19.50,19.50,19.50,000,0.94
1994-07-19,19.50,19.50,18.50,19.50,12000,0.94
1994-07-18,19.50,19.50,18.50,19.50,33600,0.94
1994-07-15,18.50,19.50,18.50,19.50,24800,0.94
1994-07-14,19.00,19.00,19.00,19.00,000,0.92
1994-07-13,19.00,19.00,19.00,19.00,2400,0.92
1994-07-12,18.50,18.50,18.50,18.50,000,0.89
1994-07-11,18.50,18.50,18.50,18.50,2400,0.89
1994-07-08,18.50,19.50,18.50,19.50,39200,0.94
1994-07-07,18.50,18.50,18.50,18.50,000,0.89
1994-07-06,19.50,19.50,18.50,18.50,4800,0.89
1994-07-05,19.50,19.50,18.50,18.50,20000,0.89
1994-07-01,19.12,19.50,18.50,19.00,103200,0.92
1994-06-30,19.00,19.12,18.50,19.12,117600,0.92
1994-06-29,19.50,19.50,18.50,18.50,27200,0.89
1994-06-28,19.50,19.50,18.50,19.50,19200,0.94
1994-06-27,18.50,20.00,18.50,19.50,176000,0.94
1994-06-24,19.00,19.00,19.00,19.00,800,0.92
1994-06-23,18.50,20.00,18.50,18.50,14400,0.89
1994-06-22,19.50,19.75,19.00,19.50,27200,0.94
1994-06-21,18.50,19.00,18.50,19.00,45600,0.92
1994-06-20,18.50,20.00,18.50,18.50,53600,0.89
1994-06-17,19.25,19.50,18.50,18.50,319200,0.89
1994-06-16,18.50,20.00,18.50,19.25,26400,0.93
1994-06-15,20.00,20.00,18.50,18.50,123200,0.89
1994-06-14,18.50,19.50,18.50,18.50,64800,0.89
1994-06-13,18.50,20.00,18.50,19.00,104000,0.91
1994-06-10,18.75,19.50,18.50,18.50,53600,0.89
1994-06-09,18.50,20.00,18.50,18.50,36000,0.89
1994-06-08,18.50,20.00,18.50,18.50,26400,0.89
1994-06-07,20.00,20.00,18.50,19.00,41600,0.91
1994-06-06,18.25,19.50,18.25,18.75,93600,0.90
1994-06-03,18.25,19.75,18.25,19.12,159200,0.92
1994-06-02,18.75,18.88,18.25,18.75,127200,0.90
1994-06-01,20.00,20.00,18.75,19.75,55200,0.95
1994-05-31,19.00,20.50,19.00,20.50,45600,0.99
1994-05-27,20.25,20.25,19.50,19.50,3200,0.94
1994-05-26,20.25,20.25,19.00,20.25,29600,0.97
1994-05-25,19.00,20.50,19.00,20.25,660800,0.97
1994-05-24,21.00,21.00,19.12,19.37,595200,0.93
1994-05-23,20.50,20.50,20.50,20.50,8000,0.99
1994-05-20,20.75,20.75,20.50,20.50,65600,0.99
1994-05-19,20.50,22.00,20.50,22.00,17600,1.06
1994-05-18,20.50,20.50,20.50,20.50,17600,0.99
1994-05-17,21.00,21.00,21.00,21.00,3200,1.01
1994-05-16,21.00,22.00,21.00,22.00,2400,1.06
1994-05-13,21.00,21.50,21.00,21.25,115200,1.02
1994-05-12,21.06,21.06,21.06,21.06,000,1.01
1994-05-11,21.06,21.06,21.06,21.06,2400,1.01
1994-05-10,22.25,22.50,21.00,22.50,33600,1.08
1994-05-09,21.00,21.00,21.00,21.00,5600,1.01
1994-05-06,21.00,21.00,21.00,21.00,000,1.01
1994-05-05,21.00,21.00,21.00,21.00,000,1.01
1994-05-04,21.00,21.00,21.00,21.00,2400,1.01
1994-05-03,22.50,22.50,22.50,22.50,3200,1.08
1994-05-02,21.00,22.00,21.00,21.50,48000,1.03
1994-04-29,21.00,21.00,21.00,21.00,000,1.01
1994-04-28,21.50,21.50,21.00,21.00,9600,1.01
1994-04-26,21.50,21.50,21.50,21.50,4800,1.03
1994-04-25,23.00,23.00,21.50,21.50,4800,1.03
1994-04-22,23.00,23.00,23.00,23.00,2400,1.11
1994-04-21,22.25,22.25,20.00,20.00,7200,0.96
1994-04-20,20.38,20.38,20.38,20.38,3200,0.98
1994-04-19,21.00,23.00,20.25,20.25,464000,0.97
1994-04-18,20.00,21.50,20.00,20.00,16800,0.96
1994-04-15,23.00,23.00,22.00,22.00,21600,1.06
1994-04-14,22.00,22.00,22.00,22.00,000,1.06
1994-04-13,24.25,24.25,22.00,22.00,3200,1.06
1994-04-12,24.50,24.50,23.00,23.75,29600,1.14
1994-04-11,24.00,24.50,24.00,24.50,2400,1.18
1994-04-08,23.00,24.50,23.00,23.25,22400,1.12
1994-04-07,23.50,23.56,23.00,23.00,28800,1.11
1994-04-06,22.75,23.75,22.75,23.75,127200,1.14
1994-04-05,22.37,22.75,22.00,22.06,60800,1.06
1994-04-04,21.50,21.75,21.50,21.62,108000,1.04
1994-03-31,21.75,22.75,21.75,22.75,33600,1.09
1994-03-30,22.00,22.50,21.75,21.75,5600,1.05
1994-03-29,22.50,22.50,22.50,22.50,4800,1.08
1994-03-28,23.25,23.25,23.25,23.25,800,1.12
1994-03-25,22.50,22.75,22.50,22.75,7200,1.09
1994-03-24,22.50,22.63,22.50,22.50,115200,1.08
1994-03-23,21.75,23.00,21.75,22.50,100800,1.08
1994-03-22,22.50,22.50,21.75,21.75,22400,1.05
1994-03-21,21.75,21.75,21.75,21.75,8000,1.05
1994-03-18,21.75,22.50,21.75,21.75,48000,1.05
1994-03-17,21.75,22.37,21.75,21.75,128000,1.05
1994-03-16,21.75,22.50,21.75,22.50,104000,1.08
1994-03-15,22.25,22.50,21.75,21.75,28800,1.04
1994-03-14,21.25,22.25,21.25,22.00,32000,1.05
1994-03-11,21.25,21.75,21.25,21.25,12000,1.02
1994-03-10,21.25,22.25,21.25,22.00,60000,1.05
1994-03-09,22.25,22.25,21.25,21.88,137600,1.05
1994-03-08,21.25,22.25,21.25,21.25,224000,1.02
1994-03-07,20.50,22.25,20.50,22.25,156800,1.07
1994-03-04,20.75,20.75,20.25,20.25,146400,0.97
1994-03-03,20.00,20.75,20.00,20.75,22400,0.99
1994-03-02,20.00,20.00,20.00,20.00,3200,0.96
1994-03-01,20.00,20.75,20.00,20.00,197600,0.96
1994-02-28,20.75,20.75,20.00,20.75,8000,0.99
1994-02-25,20.00,20.00,20.00,20.00,2400,0.96
1994-02-24,20.00,20.75,19.75,19.75,15200,0.95
1994-02-23,19.75,20.75,19.75,20.25,33600,0.97
1994-02-22,20.75,20.75,20.00,20.75,10400,0.99
1994-02-18,20.50,20.50,20.50,20.50,000,0.98
1994-02-17,20.50,20.75,20.00,20.50,75200,0.98
1994-02-16,19.75,19.88,19.75,19.88,43200,0.95
1994-02-15,20.50,20.50,19.75,19.75,36000,0.95
1994-02-14,20.50,20.50,20.50,20.50,9600,0.98
1994-02-11,19.75,20.50,19.75,20.50,8000,0.98
1994-02-10,20.50,20.50,20.50,20.50,000,0.98
1994-02-09,20.00,20.50,20.00,20.50,96000,0.98
1994-02-08,20.50,20.50,20.00,20.50,40800,0.98
1994-02-07,20.50,20.50,20.00,20.50,19200,0.98
1994-02-04,20.50,20.50,20.00,20.00,110400,0.96
1994-02-03,20.25,20.50,20.12,20.12,264000,0.96
1994-02-02,20.75,20.75,20.00,20.75,16800,0.99
1994-02-01,20.50,20.75,20.50,20.75,24000,0.99
1994-01-31,20.00,20.50,20.00,20.00,31200,0.96
1994-01-28,20.50,20.50,20.00,20.00,4800,0.96
1994-01-27,20.00,20.50,20.00,20.50,3200,0.98
1994-01-26,20.00,20.50,19.75,20.00,190400,0.96
1994-01-25,20.25,21.00,20.25,20.25,43200,0.97
1994-01-24,21.00,21.00,20.25,20.25,58400,0.97
1994-01-21,20.25,21.00,20.25,20.25,15200,0.97
1994-01-20,20.25,21.00,20.25,21.00,17600,1.01
1994-01-19,20.50,20.75,20.50,20.50,45600,0.98
1994-01-18,20.50,20.75,20.50,20.50,58400,0.98
1994-01-17,20.75,21.00,20.75,21.00,36000,1.01
1994-01-14,21.50,21.50,21.00,21.00,31200,1.01
1994-01-13,20.75,21.50,20.75,21.50,12800,1.03
1994-01-12,21.50,21.50,20.75,21.50,62400,1.03
1994-01-11,20.75,21.50,20.75,21.50,10400,1.03
1994-01-10,21.25,21.25,21.00,21.00,68000,1.01
1994-01-07,21.75,21.75,21.75,21.75,2400,1.04
1994-01-06,21.00,21.00,21.00,21.00,5600,1.01
1994-01-05,21.75,21.75,21.75,21.75,000,1.04
1994-01-04,21.75,21.75,21.00,21.75,72800,1.04
1994-01-03,20.75,21.75,20.75,21.00,178400,1.01
1993-12-31,20.75,21.50,20.75,20.75,48000,0.99
1993-12-30,21.25,21.50,20.75,21.38,188000,1.02
1993-12-29,20.75,21.25,20.75,21.25,9600,1.02
1993-12-28,21.00,21.00,20.75,21.00,12800,1.01
1993-12-27,21.25,21.25,20.75,21.00,60800,1.01
1993-12-23,21.25,22.00,21.25,22.00,8000,1.05
1993-12-22,22.00,22.00,21.25,21.25,48800,1.02
1993-12-21,22.00,22.00,21.25,21.25,7200,1.02
1993-12-20,21.25,21.25,21.25,21.25,17600,1.02
1993-12-17,22.75,22.75,21.75,21.75,142400,1.04
1993-12-16,22.50,22.75,21.75,21.75,165600,1.04
1993-12-15,21.75,22.50,21.75,22.50,124800,1.08
1993-12-14,22.50,22.50,22.50,22.50,3200,1.07
1993-12-13,21.50,22.25,21.50,22.00,84000,1.05
1993-12-10,22.00,22.00,22.00,22.00,800,1.05
1993-12-09,22.00,22.00,21.25,21.25,16800,1.01
1993-12-08,22.00,22.00,21.25,22.00,291200,1.05
1993-12-07,20.25,21.50,20.25,21.00,88800,1.00
1993-12-06,20.25,20.25,20.25,20.25,000,0.97
1993-12-03,20.50,21.00,20.25,20.25,76800,0.97
1993-12-02,21.00,21.00,20.25,20.75,55200,0.99
1993-12-01,20.25,21.00,20.25,20.38,24000,0.97
1993-11-30,20.25,21.00,19.50,20.25,177600,0.97
1993-11-29,19.63,20.25,19.50,19.88,101600,0.95
1993-11-26,19.50,19.50,19.50,19.50,000,0.93
1993-11-24,19.25,20.00,19.25,19.50,26400,0.93
1993-11-23,19.50,19.63,19.50,19.63,247200,0.94
1993-11-22,19.50,19.75,19.25,19.25,120800,0.92
1993-11-19,19.75,19.75,19.75,19.75,2400,0.94
1993-11-18,19.75,19.75,19.75,19.75,29600,0.94
1993-11-17,20.75,20.75,19.75,20.00,44000,0.95
1993-11-16,20.00,21.00,20.00,20.00,81600,0.95
1993-11-15,20.25,21.00,20.00,21.00,46400,1.00
1993-11-12,20.25,20.50,20.25,20.50,132800,0.98
1993-11-11,20.25,21.00,20.25,21.00,24000,1.00
1993-11-10,20.25,21.00,20.25,21.00,60000,1.00
1993-11-09,20.25,20.25,20.25,20.25,29600,0.97
1993-11-08,21.00,21.00,20.00,20.00,7200,0.95
1993-11-05,20.25,21.00,20.00,21.00,94400,1.00
1993-11-04,20.50,20.50,20.00,20.50,33600,0.98
1993-11-03,20.00,20.87,20.00,20.00,51200,0.95
1993-11-02,21.00,21.00,20.00,21.00,50400,1.00
1993-11-01,20.75,20.75,20.25,20.25,31200,0.97
1993-10-29,20.75,20.75,20.75,20.75,000,0.99
1993-10-28,20.25,20.75,20.25,20.75,21600,0.99
1993-10-27,20.50,20.75,20.00,20.25,139200,0.97
1993-10-26,20.75,21.25,20.75,20.75,12000,0.99
1993-10-25,20.75,21.25,20.25,20.50,79200,0.98
1993-10-22,20.25,20.50,20.25,20.50,7200,0.98
1993-10-21,20.75,20.75,20.25,20.25,55200,0.97
1993-10-20,20.00,20.75,20.00,20.75,94400,0.99
1993-10-19,20.50,20.50,20.50,20.50,24000,0.98
1993-10-18,20.50,20.50,20.50,20.50,800,0.98
1993-10-15,19.37,20.50,19.37,20.50,192000,0.98
1993-10-14,19.37,20.00,19.37,20.00,15200,0.95
1993-10-13,19.63,19.88,19.25,19.88,108800,0.95
1993-10-12,19.63,20.00,19.25,20.00,22400,0.95
1993-10-11,19.75,19.75,19.00,19.00,22400,0.91
1993-10-08,20.25,20.25,20.00,20.25,7200,0.97
1993-10-07,20.50,20.50,19.50,20.50,9600,0.98
1993-10-06,20.12,20.50,19.50,20.50,123200,0.98
1993-10-05,20.12,20.12,20.12,20.12,204000,0.96
1993-10-04,20.25,20.25,19.75,19.75,72000,0.94
1993-10-01,20.50,20.50,19.50,19.50,17600,0.93
1993-09-30,20.50,20.50,19.50,19.50,5600,0.93
1993-09-29,19.50,20.50,19.50,20.00,21600,0.95
1993-09-28,20.50,20.50,20.50,20.50,800,0.98
1993-09-27,19.50,20.25,19.50,20.00,115200,0.95
1993-09-24,19.75,19.75,18.75,19.50,21600,0.93
1993-09-23,19.25,19.75,19.25,19.75,24000,0.94
1993-09-22,19.25,19.25,19.25,19.25,2400,0.92
1993-09-21,19.25,20.00,19.25,20.00,2400,0.95
1993-09-20,20.00,20.00,19.25,19.25,27200,0.92
1993-09-17,19.25,19.25,19.25,19.25,3200,0.92
1993-09-16,19.25,19.25,19.25,19.25,2400,0.92
1993-09-15,20.00,20.00,20.00,20.00,2400,0.95
1993-09-14,20.00,20.00,19.25,20.00,14400,0.95
1993-09-13,20.00,20.00,19.50,19.50,9600,0.93
1993-09-10,20.00,20.00,20.00,20.00,000,0.95
1993-09-09,20.25,20.25,20.00,20.00,3200,0.95
1993-09-08,19.25,20.25,19.25,19.75,276800,0.94
1993-09-07,19.25,20.00,19.25,19.50,52800,0.93
1993-09-03,19.88,20.00,19.00,20.00,45600,0.95
1993-09-02,20.00,20.00,19.25,19.75,29600,0.94
1993-09-01,20.00,20.00,19.50,20.00,7200,0.95
1993-08-31,20.00,20.00,19.25,20.00,132000,0.95
1993-08-30,20.25,20.25,19.50,19.50,7200,0.93
1993-08-27,19.50,20.25,19.50,20.25,8000,0.96
1993-08-26,19.50,20.25,19.50,20.25,17600,0.96
1993-08-25,20.25,20.25,20.25,20.25,800,0.96
1993-08-24,20.75,20.75,20.75,20.75,15200,0.98
1993-08-23,20.50,20.75,19.88,19.88,153600,0.94
1993-08-20,21.25,21.25,20.50,20.50,31200,0.97
1993-08-19,21.25,21.25,20.50,21.25,40800,1.01
1993-08-18,21.00,21.75,20.50,21.50,1383200,1.02
1993-08-17,21.50,22.25,20.25,20.62,128000,0.98
1993-08-16,19.50,20.00,19.25,20.00,80000,0.95
1993-08-13,20.00,20.00,19.88,19.88,148800,0.94
1993-08-12,20.00,20.00,19.50,19.88,300800,0.94
1993-08-11,21.25,21.25,19.00,19.37,473600,0.92
1993-08-10,21.75,22.00,21.75,22.00,12000,1.04
1993-08-09,21.75,21.75,21.25,21.75,158400,1.03
1993-08-06,21.75,21.75,21.75,21.75,12000,1.03
1993-08-05,22.25,22.25,22.25,22.25,9600,1.06
1993-08-04,21.75,22.12,21.75,22.00,204000,1.04
1993-08-03,22.25,22.25,22.25,22.25,7200,1.06
1993-08-02,22.25,22.25,22.25,22.25,105600,1.06
1993-07-30,21.75,22.00,21.50,22.00,204000,1.04
1993-07-29,22.00,23.00,21.00,21.00,164000,1.00
1993-07-28,23.00,23.00,23.00,23.00,800,1.09
1993-07-27,23.00,23.00,22.25,22.25,24800,1.06
1993-07-26,22.75,23.50,22.75,23.00,76800,1.09
1993-07-23,22.00,22.25,22.00,22.25,4800,1.06
1993-07-22,22.75,22.75,22.00,22.75,10400,1.08
1993-07-21,22.75,22.75,22.00,22.00,48800,1.04
1993-07-20,22.25,22.75,22.00,22.50,86400,1.07
1993-07-19,22.25,22.25,21.25,21.50,7200,1.02
1993-07-16,21.75,21.75,21.25,21.25,79200,1.01
1993-07-15,21.75,21.75,21.00,21.00,8000,1.00
1993-07-14,21.50,21.50,20.75,20.75,12000,0.98
1993-07-13,20.75,21.50,20.75,21.00,141600,1.00
1993-07-12,20.75,21.50,20.75,20.75,16800,0.98
1993-07-09,21.00,21.00,20.75,20.75,28800,0.98
1993-07-08,21.50,22.00,21.25,21.50,65600,1.02
1993-07-07,22.25,22.25,21.75,21.75,38400,1.03
1993-07-06,22.00,22.50,22.00,22.50,84000,1.07
1993-07-02,20.75,22.25,20.75,22.25,180000,1.06
1993-07-01,21.00,21.25,20.50,21.25,36000,1.01
1993-06-30,20.75,21.00,20.50,20.50,76800,0.97
1993-06-29,20.75,21.62,20.25,20.75,296000,0.98
1993-06-28,19.75,20.75,19.75,20.75,7200,0.98
1993-06-25,20.75,20.75,20.75,20.75,5600,0.98
1993-06-24,20.25,20.75,20.25,20.75,12800,0.98
1993-06-23,19.75,20.75,19.75,20.75,16800,0.98
1993-06-22,19.75,20.75,19.75,20.00,20000,0.95
1993-06-21,20.25,20.75,19.75,19.75,34400,0.94
1993-06-18,20.25,20.75,19.75,20.00,147200,0.95
1993-06-17,19.75,19.75,19.75,19.75,12800,0.94
1993-06-16,20.25,20.25,20.25,20.25,5600,0.96
1993-06-15,20.75,20.75,19.75,20.75,36800,0.98
1993-06-14,19.75,20.75,19.75,20.38,17600,0.96
1993-06-11,20.75,20.75,20.00,20.00,8000,0.95
1993-06-10,20.75,20.75,20.00,20.00,24000,0.95
1993-06-09,20.00,20.50,20.00,20.25,658400,0.96
1993-06-08,20.38,20.50,20.00,20.00,24000,0.95
1993-06-07,20.25,20.75,20.25,20.75,56000,0.98
1993-06-04,20.50,20.75,20.50,20.75,9600,0.98
1993-06-03,20.75,20.75,20.00,20.50,182400,0.97
1993-06-02,19.75,20.75,19.75,20.75,118400,0.98
1993-06-01,20.50,20.75,19.75,19.75,55200,0.93
1993-05-28,20.25,20.50,19.75,20.50,27200,0.97
1993-05-27,20.50,20.50,20.50,20.50,800,0.97
1993-05-26,20.50,20.75,20.50,20.75,8000,0.98
1993-05-25,20.25,20.75,20.25,20.75,58400,0.98
1993-05-24,21.25,21.25,20.50,21.25,29600,1.00
1993-05-21,19.75,21.00,19.75,20.50,116000,0.97
1993-05-20,19.75,20.50,19.75,20.50,14400,0.97
1993-05-19,19.75,20.00,19.75,20.00,55200,0.95
1993-05-18,18.75,19.75,18.75,19.75,245600,0.93
1993-05-17,19.00,19.00,18.00,18.50,398400,0.87
1993-05-14,19.75,19.75,19.12,19.12,60800,0.90
1993-05-13,19.75,19.75,19.25,19.25,72800,0.91
1993-05-12,19.75,19.75,19.75,19.75,31200,0.93
1993-05-11,20.50,20.50,19.75,19.75,15200,0.93
1993-05-10,19.25,20.50,19.25,20.50,87200,0.97
1993-05-07,19.25,19.25,19.00,19.25,196800,0.91
1993-05-06,19.00,19.00,19.00,19.00,12800,0.90
1993-05-05,19.25,19.25,19.00,19.25,9600,0.91
1993-05-04,18.50,19.25,18.25,19.12,72000,0.90
1993-05-03,19.25,19.25,18.75,18.75,32000,0.89
1993-04-30,19.25,19.25,18.25,18.25,9600,0.86
1993-04-29,19.00,19.00,18.25,18.25,12000,0.86
1993-04-28,19.00,19.00,18.50,18.50,38400,0.87
1993-04-27,18.25,19.00,18.25,18.88,12800,0.89
1993-04-26,18.75,18.75,18.75,18.75,800,0.89
1993-04-23,19.25,19.50,18.50,19.25,192800,0.91
1993-04-22,19.50,19.50,18.62,18.75,92000,0.89
1993-04-21,18.75,19.50,18.75,18.75,135200,0.89
1993-04-20,19.00,19.00,19.00,19.00,000,0.90
1993-04-19,19.50,19.50,18.75,19.00,8000,0.90
1993-04-16,18.88,19.00,18.75,19.00,214400,0.90
1993-04-15,19.50,19.50,19.50,19.50,800,0.92
1993-04-14,19.50,19.50,18.75,19.50,9600,0.92
1993-04-13,19.50,19.50,18.75,19.00,28800,0.90
1993-04-12,18.75,19.50,18.75,18.75,12000,0.89
1993-04-08,19.50,19.50,19.12,19.50,24800,0.92
1993-04-07,19.37,19.50,19.25,19.50,15200,0.92
1993-04-06,19.50,19.50,19.12,19.25,168000,0.91
1993-04-05,19.00,19.12,18.50,19.12,173600,0.90
1993-04-02,18.50,19.00,18.50,19.00,108000,0.90
1993-04-01,19.25,19.25,19.25,19.25,800,0.91
1993-03-31,19.00,19.00,18.50,18.75,19200,0.89
1993-03-30,18.75,19.00,18.75,18.75,190400,0.89
1993-03-29,19.00,19.00,18.75,18.88,190400,0.89
1993-03-26,19.00,19.00,19.00,19.00,800,0.90
1993-03-25,19.00,19.25,19.00,19.00,548000,0.90
1993-03-24,19.25,19.25,19.00,19.00,38400,0.90
1993-03-23,19.37,19.75,19.00,19.00,29600,0.90
1993-03-22,19.00,19.75,19.00,19.75,16800,0.93
1993-03-19,19.00,19.00,19.00,19.00,12000,0.90
1993-03-18,19.75,19.75,19.75,19.75,5600,0.93
1993-03-17,19.75,19.75,19.00,19.00,5600,0.90
1993-03-16,19.00,19.25,19.00,19.25,21600,0.91
1993-03-15,19.00,19.00,19.00,19.00,3200,0.90
1993-03-12,19.12,19.75,19.00,19.75,388800,0.93
1993-03-11,20.00,20.00,19.00,19.75,135200,0.93
1993-03-10,19.75,20.50,19.75,20.50,39200,0.97
1993-03-09,19.75,20.12,19.75,20.12,5600,0.95
1993-03-08,20.50,20.50,19.75,20.50,8000,0.97
1993-03-05,20.50,20.50,20.25,20.25,32000,0.95
1993-03-04,19.75,20.50,19.75,20.50,16800,0.97
1993-03-03,20.00,20.50,19.75,20.50,233600,0.97
1993-03-02,19.00,19.75,18.50,19.75,216000,0.93
1993-03-01,18.75,19.25,18.50,18.50,74400,0.87
1993-02-26,19.00,19.00,18.75,18.75,36800,0.88
1993-02-25,19.25,19.25,19.25,19.25,5600,0.91
1993-02-24,18.75,19.25,18.75,19.25,10400,0.91
1993-02-23,19.25,19.25,18.75,19.25,38400,0.91
1993-02-22,18.75,19.25,18.75,19.25,36000,0.91
1993-02-19,20.25,20.25,18.50,18.50,283200,0.87
1993-02-18,19.75,20.25,19.75,20.25,99200,0.95
1993-02-17,19.75,20.12,19.75,20.12,9600,0.95
1993-02-16,20.62,20.62,19.75,19.75,96800,0.93
1993-02-12,20.62,20.62,20.00,20.00,14400,0.94
1993-02-11,20.00,20.25,20.00,20.00,9600,0.94
1993-02-10,20.00,20.62,20.00,20.38,15200,0.96
1993-02-09,20.50,20.50,20.00,20.50,28800,0.97
1993-02-08,19.75,20.50,19.75,19.75,24800,0.93
1993-02-05,20.50,20.50,19.75,19.75,65600,0.93
1993-02-04,19.75,20.50,19.75,19.75,14400,0.93
1993-02-03,20.50,20.50,19.75,19.75,12000,0.93
1993-02-02,20.50,20.50,19.75,20.50,31200,0.97
1993-02-01,20.38,20.50,19.75,20.50,34400,0.97
1993-01-29,20.38,20.38,19.75,19.75,12000,0.93
1993-01-28,20.38,20.38,19.75,20.38,38400,0.96
1993-01-27,19.75,20.50,19.75,20.00,360000,0.94
1993-01-26,20.25,20.25,19.75,19.75,125600,0.93
1993-01-25,20.25,20.25,20.25,20.25,4800,0.95
1993-01-22,20.25,20.25,20.25,20.25,5600,0.95
1993-01-21,20.25,20.25,19.75,20.25,14400,0.95
1993-01-20,20.25,20.25,19.50,20.12,154400,0.95
1993-01-19,19.50,20.25,19.50,19.75,14400,0.93
1993-01-18,19.50,20.25,19.50,19.50,96800,0.92
1993-01-15,19.50,20.25,19.50,20.00,89600,0.94
1993-01-14,20.00,20.00,19.50,19.50,17600,0.92
1993-01-13,20.00,20.00,20.00,20.00,16800,0.94
1993-01-12,19.25,20.00,19.25,20.00,39200,0.94
1993-01-11,19.25,20.00,19.25,20.00,12800,0.94
1993-01-08,20.00,20.00,20.00,20.00,12800,0.94
1993-01-07,19.25,20.00,19.25,19.63,118400,0.92
1993-01-06,21.50,21.50,19.50,19.50,247200,0.92
1993-01-05,21.00,21.00,20.50,20.50,4800,0.97
1993-01-04,20.50,21.50,20.50,21.50,36000,1.01
1992-12-31,20.50,20.50,20.50,20.50,800,0.97
1992-12-30,20.50,20.50,20.50,20.50,16800,0.97
1992-12-29,20.50,21.25,20.50,21.25,28800,1.00
1992-12-28,21.25,21.25,20.50,20.50,70400,0.97
1992-12-24,20.62,21.00,20.25,21.00,125600,0.99
1992-12-23,20.75,20.75,20.00,20.62,77600,0.97
1992-12-22,20.75,20.75,20.00,20.00,19200,0.94
1992-12-21,20.50,20.75,20.00,20.00,32000,0.94
1992-12-18,19.25,20.25,19.25,19.75,67200,0.93
1992-12-17,19.25,19.25,19.25,19.25,9600,0.90
1992-12-16,19.25,20.25,19.25,20.25,12000,0.95
1992-12-15,19.50,19.75,18.75,19.75,134400,0.93
1992-12-14,19.50,19.50,18.75,19.00,8000,0.89
1992-12-11,18.75,19.50,18.75,18.75,12000,0.88
1992-12-10,19.00,19.50,19.00,19.50,132800,0.92
1992-12-09,19.75,19.75,19.25,19.25,135200,0.90
1992-12-08,19.50,19.75,19.00,19.00,92000,0.89
1992-12-07,20.00,20.00,19.00,19.37,303200,0.91
1992-12-04,20.25,20.25,19.25,19.25,164000,0.90
1992-12-03,17.75,20.25,17.75,19.75,612800,0.93
1992-12-02,17.25,18.00,17.25,17.75,315200,0.83
1992-12-01,17.75,17.75,17.25,17.75,103200,0.83
1992-11-30,17.25,17.75,17.25,17.75,53600,0.83
1992-11-27,17.50,18.00,17.12,17.75,48000,0.83
1992-11-25,17.00,17.50,17.00,17.38,24800,0.82
1992-11-24,17.50,17.75,17.25,17.75,32000,0.83
1992-11-23,17.25,17.50,17.00,17.00,89600,0.80
1992-11-20,17.12,17.50,17.12,17.25,41600,0.81
1992-11-19,17.50,17.50,17.00,17.00,82400,0.80
1992-11-18,17.75,17.75,17.00,17.00,20000,0.80
1992-11-17,17.00,17.00,17.00,17.00,12000,0.80
1992-11-16,16.88,17.12,16.75,17.12,116000,0.80
1992-11-13,16.88,16.88,16.75,16.75,29600,0.79
1992-11-12,16.75,17.00,16.75,16.88,24000,0.79
1992-11-11,16.88,16.88,16.75,16.88,7200,0.79
1992-11-10,17.00,17.00,16.75,16.75,96800,0.79
1992-11-09,16.37,16.75,16.37,16.75,46400,0.79
1992-11-06,16.50,16.75,16.25,16.25,103200,0.76
1992-11-05,16.88,16.88,16.25,16.63,50400,0.78
1992-11-04,16.25,16.75,16.00,16.75,68000,0.79
1992-11-03,16.12,16.12,16.00,16.12,24800,0.76
1992-11-02,15.75,16.12,15.75,16.12,57600,0.76
1992-10-30,15.75,15.75,15.62,15.62,15200,0.73
1992-10-29,15.62,15.62,15.50,15.62,26400,0.73
1992-10-28,15.25,15.62,15.25,15.62,82400,0.73
1992-10-27,15.13,15.25,15.13,15.25,48000,0.72
1992-10-26,15.13,15.13,15.00,15.13,64800,0.71
1992-10-23,14.50,15.25,14.50,15.25,132000,0.72
1992-10-22,14.25,14.50,14.25,14.50,106400,0.68
1992-10-21,13.88,14.25,13.88,14.25,247200,0.67
1992-10-20,13.63,13.88,13.63,13.88,115200,0.65
1992-10-19,13.88,14.00,13.88,13.88,132000,0.65
1992-10-16,13.75,13.88,13.75,13.88,84800,0.65
1992-10-15,20.75,20.75,20.75,20.75,36000,0.65
1992-10-14,20.75,20.75,20.75,20.75,24800,0.65
1992-10-13,20.75,20.75,20.50,20.75,29600,0.65
1992-10-12,20.75,20.87,20.75,20.75,60800,0.65
1992-10-09,21.00,21.00,21.00,21.00,165600,0.66
1992-10-08,21.00,21.00,21.00,21.00,800,0.66
1992-10-07,21.12,21.25,21.00,21.00,87200,0.66
1992-10-06,20.87,21.12,20.87,21.00,21600,0.66
1992-10-05,21.38,21.38,20.87,21.00,158400,0.66
1992-10-02,21.38,21.38,21.25,21.38,46400,0.67
1992-10-01,21.75,21.88,21.25,21.25,147200,0.66
1992-09-30,21.75,21.88,21.75,21.88,43200,0.68
1992-09-29,22.00,22.00,22.00,22.00,800,0.69
1992-09-28,22.50,22.50,22.00,22.00,156000,0.69
1992-09-25,22.25,22.38,22.13,22.38,116000,0.70
1992-09-24,22.62,22.62,22.00,22.13,262400,0.69
1992-09-23,22.87,22.87,22.87,22.87,3200,0.72
1992-09-22,22.87,22.87,22.75,22.75,21600,0.71
1992-09-21,23.37,23.37,23.00,23.00,22400,0.72
1992-09-18,23.50,23.50,23.50,23.50,36000,0.74
1992-09-17,24.00,24.00,23.75,23.75,24800,0.74
1992-09-16,24.00,24.00,23.88,23.88,19200,0.75
1992-09-15,24.25,24.25,24.00,24.00,21600,0.75
1992-09-14,24.75,24.87,24.25,24.25,118400,0.76
1992-09-11,25.00,25.12,25.00,25.00,17600,0.78
1992-09-10,25.12,25.12,25.00,25.00,14400,0.78
1992-09-09,25.12,25.12,25.12,25.12,7200,0.78
1992-09-08,25.12,25.37,24.87,25.12,86400,0.78
1992-09-04,24.87,25.00,24.87,25.00,3200,0.78
1992-09-03,25.00,25.00,24.75,24.75,14400,0.77
1992-09-02,25.00,25.00,24.75,24.75,29600,0.77
1992-09-01,24.75,24.87,24.75,24.87,10400,0.77
1992-08-31,24.63,24.87,24.63,24.63,24800,0.77
1992-08-28,24.75,24.75,24.50,24.50,15200,0.76
1992-08-27,24.50,24.50,24.50,24.50,800,0.76
1992-08-26,24.63,24.63,24.50,24.50,262400,0.76
1992-08-25,24.63,24.63,24.50,24.50,57600,0.76
1992-08-24,25.00,25.00,24.75,24.75,28800,0.77
1992-08-21,25.37,25.37,25.00,25.12,53600,0.78
1992-08-20,25.25,25.37,25.12,25.37,98400,0.79
1992-08-19,25.62,25.62,25.62,25.62,17600,0.80
1992-08-18,25.50,25.62,25.50,25.62,28800,0.80
1992-08-17,25.00,25.50,25.00,25.50,36000,0.79
1992-08-14,25.00,25.00,24.87,24.87,19200,0.77
1992-08-13,25.12,25.12,25.12,25.12,3200,0.78
1992-08-12,25.37,25.37,25.37,25.37,14400,0.79
1992-08-11,25.00,25.25,25.00,25.25,3200,0.79
1992-08-10,25.37,25.37,25.00,25.00,134400,0.78
1992-08-07,25.00,25.25,25.00,25.25,24800,0.79
1992-08-06,25.00,25.37,25.00,25.12,21600,0.78
1992-08-05,25.00,25.00,25.00,25.00,33600,0.78
1992-08-04,25.25,25.37,25.25,25.25,22400,0.79
1992-08-03,24.87,25.37,24.87,25.12,57600,0.78
1992-07-31,24.75,24.75,24.75,24.75,000,0.77
1992-07-30,24.25,24.75,24.25,24.75,29600,0.77
1992-07-29,24.38,24.38,24.25,24.38,32000,0.76
1992-07-28,24.50,24.50,24.50,24.50,8000,0.76
1992-07-27,24.25,24.25,24.25,24.25,800,0.76
1992-07-24,24.25,24.38,24.25,24.38,14400,0.76
1992-07-23,24.00,24.00,23.88,24.00,24800,0.75
1992-07-22,23.62,23.75,23.62,23.75,24800,0.74
1992-07-21,23.88,23.88,23.75,23.75,33600,0.74
1992-07-20,24.13,24.13,24.00,24.00,7200,0.75
1992-07-17,24.25,24.25,24.25,24.25,8000,0.76
1992-07-16,24.00,24.00,24.00,24.00,180000,0.75
1992-07-15,24.13,24.13,24.13,24.13,19200,0.75
1992-07-14,24.00,24.13,24.00,24.13,15200,0.75
1992-07-13,24.00,24.00,24.00,24.00,8000,0.75
1992-07-10,24.00,24.00,24.00,24.00,14400,0.75
1992-07-09,24.00,24.00,24.00,24.00,4800,0.75
1992-07-08,23.75,23.88,23.75,23.88,26400,0.74
1992-07-07,23.50,23.62,23.50,23.62,14400,0.74
1992-07-06,23.25,23.62,23.25,23.62,17600,0.74
1992-07-02,23.50,23.62,23.25,23.25,144800,0.72
1992-07-01,23.37,23.50,23.37,23.50,33600,0.73
1992-06-30,23.12,23.12,23.12,23.12,8000,0.72
1992-06-29,23.12,23.25,23.12,23.25,69600,0.72
1992-06-26,23.25,23.25,23.25,23.25,8000,0.72
1992-06-25,23.37,23.37,23.12,23.25,80000,0.72
1992-06-24,23.50,23.50,23.50,23.50,000,0.73
1992-06-23,23.50,23.50,23.50,23.50,4800,0.73
1992-06-22,23.88,23.88,23.50,23.62,55200,0.74
1992-06-19,23.75,23.88,23.75,23.88,24800,0.74
1992-06-18,23.75,23.75,23.62,23.62,7200,0.74
1992-06-17,24.00,24.00,24.00,24.00,8000,0.75
1992-06-16,24.25,24.25,24.00,24.00,21600,0.75
1992-06-15,24.75,24.75,24.50,24.50,36800,0.76
1992-06-12,25.00,25.00,25.00,25.00,8000,0.78
1992-06-11,25.12,25.25,25.12,25.25,10400,0.78
1992-06-10,25.25,25.37,25.25,25.25,24800,0.78
1992-06-09,25.25,25.25,25.12,25.12,26400,0.78
1992-06-08,25.12,25.75,25.12,25.50,115200,0.79
1992-06-05,25.00,25.25,25.00,25.00,36000,0.78
1992-06-04,25.25,25.25,25.00,25.00,7200,0.78
1992-06-03,25.00,25.12,25.00,25.00,40800,0.78
1992-06-02,24.87,25.37,24.87,25.25,152000,0.78
1992-06-01,24.63,24.87,24.63,24.75,108800,0.77
1992-05-29,24.87,24.87,24.63,24.75,40800,0.77
1992-05-28,24.38,24.75,24.38,24.75,26400,0.77
1992-05-27,24.75,24.75,24.50,24.50,19200,0.76
1992-05-26,24.63,24.63,24.63,24.63,4800,0.76
1992-05-22,24.87,24.87,24.63,24.75,32000,0.77
1992-05-21,24.50,24.63,24.50,24.63,32000,0.76
1992-05-20,24.63,24.63,24.38,24.38,40800,0.76
1992-05-19,24.75,24.87,24.50,24.75,216800,0.77
1992-05-18,24.38,24.50,24.38,24.50,21600,0.76
1992-05-15,23.88,24.25,23.75,24.25,57600,0.75
1992-05-14,23.88,23.88,23.75,23.75,15200,0.74
1992-05-13,23.62,23.62,23.62,23.62,000,0.73
1992-05-12,23.62,23.62,23.62,23.62,000,0.73
1992-05-11,23.75,23.88,23.62,23.62,22400,0.73
1992-05-08,23.88,23.88,23.75,23.75,7200,0.74
1992-05-07,23.75,23.75,23.62,23.75,22400,0.74
1992-05-06,23.50,23.75,23.50,23.75,26400,0.74
1992-05-05,23.00,23.75,23.00,23.75,33600,0.74
1992-05-04,23.00,23.00,23.00,23.00,89600,0.71
1992-05-01,22.00,22.25,22.00,22.25,12000,0.69
1992-04-30,22.38,22.38,22.13,22.13,12000,0.69
1992-04-29,22.38,22.38,22.13,22.25,10400,0.69
1992-04-28,23.25,23.25,22.50,22.50,29600,0.70
1992-04-27,23.25,23.25,23.00,23.00,12000,0.71
1992-04-24,23.00,23.00,23.00,23.00,4800,0.71
1992-04-23,22.87,23.00,22.87,22.87,176000,0.71
1992-04-22,23.00,23.00,23.00,23.00,4800,0.71
1992-04-21,23.12,23.25,22.75,23.00,58400,0.71
1992-04-20,23.37,23.50,23.37,23.37,295200,0.73
1992-04-16,23.37,23.50,23.37,23.37,108000,0.73
1992-04-15,23.00,23.25,23.00,23.25,14400,0.72
1992-04-14,22.50,22.87,22.50,22.87,40800,0.71
1992-04-13,22.50,22.75,22.50,22.75,24800,0.71
1992-04-10,22.50,22.75,22.50,22.75,154400,0.71
1992-04-09,22.25,22.50,22.25,22.50,26400,0.70
1992-04-08,23.12,23.12,22.50,22.50,134400,0.70
1992-04-07,23.37,23.37,23.37,23.37,53600,0.73
1992-04-06,23.25,23.50,23.25,23.50,28800,0.73
1992-04-03,23.50,23.50,23.37,23.37,46400,0.73
1992-04-02,23.88,23.88,23.62,23.62,48000,0.73
1992-04-01,24.13,24.13,23.75,24.00,116000,0.74
1992-03-31,24.50,24.50,24.25,24.25,44000,0.75
1992-03-30,24.63,24.75,24.50,24.50,28800,0.76
1992-03-27,24.50,24.50,24.50,24.50,4800,0.76
1992-03-26,24.63,24.63,24.63,24.63,000,0.76
1992-03-25,24.38,24.87,24.38,24.63,55200,0.76
1992-03-24,24.25,24.38,24.25,24.38,22400,0.76
1992-03-23,24.25,24.38,24.13,24.38,36800,0.76
1992-03-20,24.13,24.25,24.13,24.13,14400,0.75
1992-03-19,24.50,24.50,24.13,24.38,82400,0.76
1992-03-18,24.13,24.38,24.13,24.38,36000,0.76
1992-03-17,24.38,24.38,24.13,24.13,80000,0.75
1992-03-16,24.25,24.38,24.13,24.38,15200,0.75
1992-03-13,23.37,24.13,23.37,24.13,76800,0.75
1992-03-12,23.37,23.50,23.25,23.37,28800,0.72
1992-03-11,23.37,23.37,23.12,23.12,48000,0.71
1992-03-10,23.12,23.12,23.12,23.12,000,0.71
1992-03-09,23.00,23.12,23.00,23.12,127200,0.71
1992-03-06,22.87,23.00,22.87,22.87,96800,0.71
1992-03-05,23.00,23.00,22.87,23.00,65600,0.71
1992-03-04,23.12,23.12,23.00,23.00,84000,0.71
1992-03-03,23.25,23.25,23.25,23.25,3200,0.72
1992-03-02,23.00,23.25,23.00,23.25,65600,0.72
1992-02-28,23.12,23.12,22.75,22.75,43200,0.70
1992-02-27,22.75,23.00,22.62,23.00,57600,0.71
1992-02-26,21.63,22.50,21.63,22.50,96800,0.70
1992-02-25,21.50,21.88,21.50,21.88,15200,0.68
1992-02-24,21.63,21.75,21.50,21.50,36000,0.66
1992-02-21,22.00,22.00,21.63,21.63,39200,0.67
1992-02-20,21.63,22.00,21.63,22.00,69600,0.68
1992-02-19,21.75,21.75,21.50,21.75,36800,0.67
1992-02-18,21.25,21.88,21.25,21.50,72800,0.66
1992-02-14,21.38,21.63,21.38,21.38,57600,0.66
1992-02-13,21.00,21.25,21.00,21.25,14400,0.66
1992-02-12,21.00,21.12,20.87,21.12,22400,0.65
1992-02-11,20.87,21.38,20.87,21.12,180000,0.65
1992-02-10,21.00,21.00,20.75,20.75,29600,0.64
1992-02-07,21.50,21.50,21.12,21.12,50400,0.65
1992-02-06,21.12,21.88,20.75,21.63,201600,0.67
1992-02-05,22.13,22.25,21.38,21.38,184800,0.66
1992-02-04,22.25,22.38,22.25,22.25,120000,0.69
1992-02-03,22.25,22.25,22.13,22.25,29600,0.69
1992-01-31,22.13,22.25,22.00,22.13,12000,0.68
1992-01-30,22.00,22.00,22.00,22.00,4800,0.68
1992-01-29,22.13,22.38,22.00,22.13,32000,0.68
1992-01-28,22.00,22.25,22.00,22.25,44000,0.69
1992-01-27,21.88,22.38,21.88,22.25,32000,0.69
1992-01-24,21.75,22.00,21.75,22.00,122400,0.68
1992-01-23,22.38,22.50,22.38,22.38,22400,0.69
1992-01-22,23.37,23.37,22.50,22.62,76800,0.70
1992-01-21,23.50,23.50,23.25,23.37,14400,0.72
1992-01-20,23.50,23.50,23.37,23.37,26400,0.72
1992-01-17,23.25,23.75,23.25,23.62,98400,0.73
1992-01-16,23.37,23.37,23.25,23.37,15200,0.72
1992-01-15,23.50,23.50,23.37,23.37,15200,0.72
1992-01-14,23.12,23.75,23.12,23.75,212000,0.73
1992-01-13,23.37,23.37,23.00,23.00,21600,0.71
1992-01-10,23.00,23.62,23.00,23.25,532800,0.72
1992-01-09,22.62,23.50,22.62,23.50,44000,0.73
1992-01-08,22.25,22.87,22.25,22.62,87200,0.70
1992-01-07,21.88,22.25,21.88,22.00,134400,0.68
1992-01-06,20.50,22.25,20.50,21.75,199200,0.67
1992-01-03,20.13,20.37,20.13,20.37,696000,0.63
1992-01-02,20.37,20.37,20.00,20.13,194400,0.62
1991-12-31,19.63,20.25,19.63,20.25,180000,0.63
1991-12-30,19.75,19.75,19.50,19.75,46400,0.61
1991-12-27,20.00,20.00,20.00,20.00,3200,0.62
1991-12-26,19.88,19.88,19.88,19.88,800,0.61
1991-12-24,20.00,20.00,20.00,20.00,26400,0.62
1991-12-23,20.00,20.13,20.00,20.13,7200,0.62
1991-12-20,19.88,19.88,19.88,19.88,000,0.61
1991-12-19,20.37,20.37,19.88,19.88,44000,0.61
1991-12-18,20.25,20.25,20.13,20.13,4800,0.62
1991-12-17,20.13,20.13,20.13,20.13,8000,0.62
1991-12-16,20.25,20.25,20.13,20.13,19200,0.62
1991-12-13,19.88,20.25,19.88,20.25,15200,0.62
1991-12-12,19.75,20.00,19.75,20.00,199200,0.61
1991-12-11,19.75,19.75,19.75,19.75,800,0.61
1991-12-10,19.75,19.75,19.75,19.75,800,0.61
1991-12-09,19.88,19.88,19.88,19.88,104000,0.61
1991-12-06,20.13,20.13,20.13,20.13,000,0.62
1991-12-05,20.25,20.37,20.13,20.13,14400,0.62
1991-12-04,19.88,20.13,19.88,20.13,32000,0.62
1991-12-03,19.38,19.75,19.38,19.75,100800,0.61
1991-12-02,19.50,19.50,19.50,19.50,55200,0.60
1991-11-29,19.63,19.63,19.63,19.63,36800,0.60
1991-11-27,19.50,19.63,19.50,19.50,12000,0.60
1991-11-26,19.63,19.63,19.38,19.50,44000,0.60
1991-11-25,19.38,19.63,19.38,19.63,36800,0.60
1991-11-22,19.75,19.75,19.38,19.50,51200,0.60
1991-11-21,20.50,20.50,19.50,19.63,471200,0.60
1991-11-20,20.62,20.75,20.37,20.37,55200,0.63
1991-11-19,20.75,20.87,20.37,20.62,129600,0.63
1991-11-18,20.50,20.62,20.25,20.62,26400,0.63
1991-11-15,20.75,21.00,20.75,20.75,33600,0.64
1991-11-14,20.62,20.75,20.62,20.75,10400,0.64
1991-11-13,20.75,20.87,20.75,20.87,32000,0.64
1991-11-12,20.00,20.62,20.00,20.50,104000,0.63
1991-11-11,20.50,20.50,20.00,20.00,21600,0.61
1991-11-08,20.62,20.62,20.37,20.37,26400,0.63
1991-11-07,21.75,21.75,20.87,20.87,62400,0.64
1991-11-06,20.25,21.75,20.25,21.75,57600,0.67
1991-11-05,20.13,20.37,20.13,20.25,43200,0.62
1991-11-04,19.75,20.00,19.75,20.00,82400,0.61
1991-11-01,19.50,19.75,19.38,19.75,26400,0.61
1991-10-31,19.50,19.50,19.50,19.50,3200,0.60
1991-10-30,19.88,19.88,19.63,19.63,48000,0.60
1991-10-29,19.75,20.50,19.75,20.00,94400,0.61
1991-10-28,19.75,19.88,19.75,19.75,21600,0.61
1991-10-25,19.63,19.63,19.63,19.63,24800,0.60
1991-10-24,19.50,19.75,19.38,19.75,44000,0.61
1991-10-23,19.75,19.75,19.50,19.50,12000,0.60
1991-10-22,19.75,19.75,19.50,19.75,22400,0.61
1991-10-21,20.00,20.00,19.75,19.75,69600,0.61
1991-10-18,19.88,20.13,19.88,20.00,79200,0.61
1991-10-17,19.38,20.00,19.38,19.88,180800,0.61
1991-10-16,18.87,19.25,18.62,19.25,55200,0.59
1991-10-15,18.50,18.87,18.50,18.87,48000,0.58
1991-10-14,18.00,18.12,18.00,18.12,616800,0.56
1991-10-11,17.88,17.88,17.88,17.88,4800,0.55
1991-10-10,17.75,17.75,17.63,17.75,21600,0.55
1991-10-09,17.75,17.75,17.63,17.75,12000,0.55
1991-10-08,17.75,17.88,17.63,17.75,29600,0.55
1991-10-07,17.63,17.75,17.50,17.75,12000,0.55
1991-10-04,17.63,17.75,17.50,17.63,22400,0.54
1991-10-03,17.63,17.63,17.50,17.63,19200,0.54
1991-10-02,17.75,17.75,17.75,17.75,000,0.55
1991-10-01,17.75,18.00,17.63,17.75,288000,0.55
1991-09-30,17.75,17.75,17.75,17.75,4800,0.55
1991-09-27,17.50,17.50,17.50,17.50,51200,0.54
1991-09-26,17.50,17.63,17.50,17.63,101600,0.54
1991-09-25,17.50,17.50,17.50,17.50,22400,0.54
1991-09-24,17.50,17.63,17.50,17.63,7200,0.54
1991-09-23,17.50,17.63,17.50,17.50,58400,0.54
1991-09-20,17.50,17.63,17.50,17.50,65600,0.54
1991-09-19,17.38,17.38,17.38,17.38,267200,0.53
1991-09-18,17.38,17.38,17.38,17.38,15200,0.53
1991-09-17,17.75,17.75,17.50,17.50,144000,0.54
1991-09-16,17.75,17.75,17.75,17.75,19200,0.55
1991-09-13,18.00,18.00,17.88,18.00,204800,0.55
1991-09-12,17.88,18.00,17.88,18.00,123200,0.55
1991-09-11,17.63,17.75,17.63,17.75,28800,0.54
1991-09-10,17.63,17.63,17.63,17.63,800,0.54
1991-09-09,17.63,17.63,17.50,17.50,65600,0.53
1991-09-06,17.63,17.63,17.63,17.63,7200,0.54
1991-09-05,17.75,18.00,17.75,17.75,29600,0.54
1991-09-04,17.63,17.88,17.63,17.75,204800,0.54
1991-09-03,17.88,18.00,17.63,17.63,36800,0.54
1991-08-30,18.00,18.00,17.88,17.88,12000,0.55
1991-08-29,18.12,18.12,18.12,18.12,000,0.55
1991-08-28,18.00,18.12,18.00,18.12,12000,0.55
1991-08-27,18.00,18.00,18.00,18.00,800,0.55
1991-08-26,17.88,18.00,17.88,17.88,32000,0.55
1991-08-23,17.75,17.88,17.75,17.75,22400,0.54
1991-08-22,17.88,18.00,17.75,17.75,44000,0.54
1991-08-21,17.50,18.00,17.50,17.88,184800,0.55
1991-08-20,17.50,17.63,17.38,17.50,24800,0.53
1991-08-19,16.25,17.50,16.25,17.50,168800,0.53
1991-08-16,15.75,16.25,15.75,16.12,115200,0.49
1991-08-15,15.75,15.87,15.75,15.75,120000,0.48
1991-08-14,15.50,15.75,15.50,15.75,187200,0.48
1991-08-13,15.75,15.75,15.50,15.50,51200,0.47
1991-08-12,15.87,15.87,15.75,15.87,10400,0.49
1991-08-09,16.00,16.00,15.63,15.87,40800,0.49
1991-08-08,16.12,16.12,16.00,16.00,14400,0.49
1991-08-07,16.25,16.25,16.00,16.12,68000,0.49
1991-08-06,16.25,16.25,16.25,16.25,12000,0.50
1991-08-05,16.00,16.25,15.87,16.25,116000,0.50
1991-08-02,16.12,16.25,15.87,16.00,80000,0.49
1991-08-01,16.50,16.50,15.00,16.12,1124000,0.49
1991-07-31,16.88,17.00,16.88,16.88,26400,0.52
1991-07-30,16.88,17.00,16.88,16.88,28800,0.52
1991-07-29,16.88,16.88,16.75,16.88,21600,0.52
1991-07-26,16.75,16.88,16.75,16.88,24800,0.52
1991-07-25,16.88,17.00,16.75,16.75,50400,0.51
1991-07-24,16.88,16.88,16.88,16.88,800,0.52
1991-07-23,16.88,17.00,16.88,17.00,72800,0.52
1991-07-22,16.75,16.88,16.75,16.88,32000,0.52
1991-07-19,17.00,17.13,16.75,16.75,22400,0.51
1991-07-18,16.88,17.00,16.88,17.00,53600,0.52
1991-07-17,16.37,16.75,16.37,16.75,98400,0.51
1991-07-16,15.75,16.12,15.75,16.12,242400,0.49
1991-07-15,15.87,16.00,15.75,15.75,10400,0.48
1991-07-12,15.87,16.00,15.87,15.87,22400,0.49
1991-07-11,15.75,15.75,15.75,15.75,000,0.48
1991-07-10,15.75,15.75,15.75,15.75,32000,0.48
1991-07-09,15.87,16.00,15.87,15.87,3200,0.49
1991-07-08,15.87,15.87,15.87,15.87,000,0.49
1991-07-05,15.87,15.87,15.87,15.87,51200,0.49
1991-07-03,15.75,15.75,15.75,15.75,8000,0.48
1991-07-02,15.87,16.00,15.87,15.87,44000,0.49
1991-07-01,16.00,16.00,15.87,15.87,8000,0.49
1991-06-28,16.00,16.00,16.00,16.00,000,0.49
1991-06-27,15.87,16.00,15.87,16.00,75200,0.49
1991-06-26,16.25,16.25,15.87,15.87,122400,0.49
1991-06-25,16.25,16.37,16.25,16.37,14400,0.50
1991-06-24,16.50,16.50,16.25,16.25,51200,0.50
1991-06-21,16.62,16.62,16.50,16.62,17600,0.51
1991-06-20,16.62,16.62,16.62,16.62,15200,0.51
1991-06-19,17.25,17.25,16.88,16.88,118400,0.52
1991-06-18,17.38,17.38,17.25,17.38,33600,0.53
1991-06-17,17.75,17.75,17.38,17.38,32000,0.53
1991-06-14,17.63,17.75,17.50,17.75,8000,0.54
1991-06-13,17.75,17.75,17.63,17.63,8000,0.54
1991-06-12,18.00,18.12,17.75,17.75,40800,0.54
1991-06-11,18.12,18.12,18.00,18.00,7200,0.55
1991-06-10,18.12,18.12,18.12,18.12,7200,0.55
1991-06-07,18.25,18.25,18.12,18.25,12000,0.56
1991-06-06,18.25,18.25,18.25,18.25,12000,0.56
1991-06-05,18.25,18.25,18.12,18.25,65600,0.56
1991-06-04,18.25,18.25,18.25,18.25,19200,0.56
1991-06-03,18.12,18.12,18.00,18.12,43200,0.55
1991-05-31,18.12,18.12,18.12,18.12,15200,0.55
1991-05-30,18.00,18.00,17.88,18.00,69600,0.55
1991-05-29,18.25,18.25,18.00,18.00,44000,0.55
1991-05-28,18.25,18.37,18.25,18.37,22400,0.56
1991-05-24,18.25,18.25,18.25,18.25,7200,0.56
1991-05-23,18.50,18.50,18.25,18.37,28800,0.56
1991-05-22,18.50,18.50,18.37,18.50,36000,0.56
1991-05-21,18.62,18.62,18.37,18.50,28800,0.56
1991-05-20,18.50,18.87,18.50,18.62,127200,0.57
1991-05-17,18.25,18.50,18.12,18.50,39200,0.56
1991-05-16,18.25,18.37,18.25,18.25,32000,0.56
1991-05-15,18.00,18.50,18.00,18.12,48000,0.55
1991-05-14,17.75,17.88,17.63,17.88,62400,0.54
1991-05-13,17.25,17.75,17.25,17.75,46400,0.54
1991-05-10,17.50,17.50,17.13,17.13,26400,0.52
1991-05-09,17.50,17.88,17.50,17.50,68000,0.53
1991-05-08,17.25,17.25,17.13,17.25,28800,0.52
1991-05-07,17.25,17.50,17.25,17.38,46400,0.53
1991-05-06,17.50,17.50,17.25,17.25,48000,0.52
1991-05-03,17.25,17.63,17.13,17.63,72800,0.54
1991-05-02,17.13,17.38,17.00,17.25,48000,0.52
1991-05-01,17.13,17.25,17.13,17.13,3200,0.52
1991-04-30,17.50,17.50,17.13,17.13,50400,0.52
1991-04-29,17.50,17.50,17.50,17.50,000,0.53
1991-04-26,17.38,17.63,17.25,17.63,39200,0.54
1991-04-25,17.50,17.75,17.38,17.38,75200,0.53
1991-04-24,18.37,18.50,17.50,17.50,115200,0.53
1991-04-23,18.25,18.50,18.12,18.37,43200,0.56
1991-04-22,18.00,18.37,17.88,18.25,68000,0.56
1991-04-19,18.50,18.50,17.75,18.00,144800,0.55
1991-04-18,17.13,19.12,17.00,18.75,348800,0.57
1991-04-17,16.62,17.13,16.50,17.13,159200,0.52
1991-04-16,16.50,16.62,16.25,16.62,93600,0.51
1991-04-15,16.50,16.50,16.25,16.50,58400,0.50
1991-04-12,16.50,16.62,16.50,16.50,32000,0.50
1991-04-11,16.12,16.25,15.87,16.25,62400,0.49
1991-04-10,16.50,16.50,16.12,16.12,33600,0.49
1991-04-09,16.50,16.50,16.12,16.50,51200,0.50
1991-04-08,16.50,16.50,16.25,16.50,48000,0.50
1991-04-05,16.00,16.50,16.00,16.50,65600,0.50
1991-04-04,16.37,16.37,16.00,16.00,64800,0.49
1991-04-03,16.25,16.37,16.25,16.37,33600,0.50
1991-04-02,16.12,16.25,16.12,16.25,26400,0.49
1991-04-01,15.63,16.12,15.63,16.00,69600,0.49
1991-03-28,16.00,16.00,15.63,15.63,40800,0.48
1991-03-27,16.00,16.00,16.00,16.00,7200,0.49
1991-03-26,15.75,15.87,15.75,15.75,51200,0.48
1991-03-25,15.75,15.75,15.25,15.50,94400,0.47
1991-03-22,15.75,15.75,15.50,15.75,26400,0.48
1991-03-21,15.63,15.87,15.50,15.75,80000,0.48
1991-03-20,15.63,15.75,15.38,15.63,69600,0.48
1991-03-19,15.13,15.63,14.75,15.63,93600,0.48
1991-03-18,15.13,15.25,15.00,15.13,46400,0.46
1991-03-15,14.88,15.13,14.88,15.13,125600,0.46
1991-03-14,14.50,14.88,14.50,14.75,346400,0.45
1991-03-13,14.62,14.62,14.37,14.37,75200,0.43
1991-03-12,14.62,14.62,14.62,14.62,7200,0.44
1991-03-11,14.75,14.75,14.50,14.50,32000,0.44
1991-03-08,14.62,14.88,14.62,14.88,144000,0.45
1991-03-07,14.12,14.50,14.12,14.50,89600,0.44
1991-03-06,14.00,14.12,14.00,14.00,7200,0.42
1991-03-05,13.87,14.12,13.87,14.00,82400,0.42
1991-03-04,13.87,14.00,13.87,13.87,55200,0.42
1991-03-01,14.00,14.00,13.87,13.87,14400,0.42
1991-02-28,13.75,14.00,13.62,14.00,104000,0.42
1991-02-27,14.00,14.00,13.75,13.75,33600,0.42
1991-02-26,14.12,14.12,14.00,14.00,26400,0.42
1991-02-25,14.00,14.12,14.00,14.12,7200,0.43
1991-02-22,14.00,14.00,13.87,13.87,55200,0.42
1991-02-21,14.62,14.75,14.12,14.12,91200,0.43
1991-02-20,14.62,14.75,14.37,14.62,195200,0.44
1991-02-19,14.37,14.62,14.25,14.62,144000,0.44
1991-02-15,14.00,14.37,14.00,14.37,130400,0.43
1991-02-14,13.50,14.00,13.50,14.00,276800,0.42
1991-02-13,13.50,13.75,13.38,13.38,202400,0.40
1991-02-12,13.50,14.12,13.50,13.50,516000,0.41
1991-02-11,12.88,13.50,12.88,13.50,331200,0.41
1991-02-08,12.88,13.00,12.88,12.88,14400,0.39
1991-02-07,12.88,13.13,12.88,12.88,29600,0.39
1991-02-06,12.75,13.00,12.75,12.88,130400,0.39
1991-02-05,12.75,12.75,12.75,12.75,29600,0.39
1991-02-04,12.63,12.88,12.63,12.88,425600,0.39
1991-02-01,12.38,12.50,12.00,12.38,187200,0.37
1991-01-31,12.25,12.38,12.25,12.38,40800,0.37
1991-01-30,12.12,12.38,12.12,12.12,72800,0.37
1991-01-29,12.12,12.12,12.12,12.12,15200,0.37
1991-01-28,12.25,12.38,12.00,12.00,62400,0.36
1991-01-25,11.75,12.25,11.75,12.25,105600,0.37
1991-01-24,10.63,11.37,10.63,11.37,161600,0.34
1991-01-23,10.75,10.75,10.50,10.50,244800,0.32
1991-01-22,10.50,10.75,10.50,10.75,125600,0.32
1991-01-21,10.50,10.50,10.38,10.38,19200,0.31
1991-01-18,10.38,10.50,10.25,10.50,36800,0.32
1991-01-17,10.25,10.38,10.25,10.38,122400,0.31
1991-01-16,10.12,10.12,10.12,10.12,10400,0.31
1991-01-15,10.12,10.12,10.12,10.12,15200,0.31
1991-01-14,10.25,10.25,10.12,10.25,15200,0.31
1991-01-11,10.25,10.25,10.25,10.25,208800,0.31
1991-01-10,10.25,10.25,10.12,10.12,46400,0.31
1991-01-09,10.25,10.25,10.25,10.25,10400,0.31
1991-01-08,10.25,10.25,10.12,10.12,3200,0.31
1991-01-07,10.25,10.25,10.25,10.25,43200,0.31
1991-01-04,10.25,10.25,10.25,10.25,4800,0.31
1991-01-03,10.12,10.25,10.00,10.25,4800,0.31
1991-01-02,10.12,10.25,10.00,10.12,122400,0.31
1990-12-31,10.12,10.12,10.12,10.12,000,0.31
1990-12-28,10.25,10.25,10.00,10.12,163200,0.31
1990-12-27,10.38,10.50,10.25,10.38,384800,0.31
1990-12-26,10.50,10.50,10.38,10.38,259200,0.31
1990-12-24,10.50,10.50,10.50,10.50,000,0.32
1990-12-21,10.50,10.50,10.38,10.50,15200,0.32
1990-12-20,10.63,10.63,10.38,10.50,96800,0.32
1990-12-19,10.63,10.63,10.63,10.63,3200,0.32
1990-12-18,10.75,10.75,10.63,10.75,8000,0.32
1990-12-17,10.75,10.75,10.63,10.75,76800,0.32
1990-12-14,10.88,10.88,10.75,10.75,15200,0.32
1990-12-13,10.88,10.88,10.88,10.88,7200,0.33
1990-12-12,11.00,11.00,11.00,11.00,000,0.33
1990-12-11,11.00,11.00,10.88,10.88,60800,0.33
1990-12-10,11.25,11.37,11.00,11.13,360800,0.33
1990-12-07,11.25,11.25,11.25,11.25,000,0.34
1990-12-06,11.13,11.25,11.13,11.13,93600,0.33
1990-12-05,11.13,11.13,11.13,11.13,800,0.33
1990-12-04,11.00,11.00,11.00,11.00,7200,0.33
1990-12-03,11.00,11.00,11.00,11.00,000,0.33
1990-11-30,11.00,11.00,10.88,11.00,4800,0.33
1990-11-29,10.88,11.25,10.88,11.00,82400,0.33
1990-11-28,10.75,10.88,10.63,10.88,10400,0.33
1990-11-27,10.50,10.75,10.50,10.75,44000,0.32
1990-11-26,10.38,10.63,10.38,10.50,17600,0.31
1990-11-23,10.25,10.25,10.25,10.25,000,0.31
1990-11-21,10.25,10.25,10.25,10.25,7200,0.31
1990-11-20,10.25,10.25,10.25,10.25,3200,0.31
1990-11-19,10.38,10.50,10.25,10.25,29600,0.31
1990-11-16,10.38,10.50,10.25,10.38,62400,0.31
1990-11-15,10.38,10.38,10.38,10.38,800,0.31
1990-11-14,10.50,10.50,10.50,10.50,000,0.31
1990-11-13,10.38,10.50,10.25,10.50,68000,0.31
1990-11-12,10.38,10.38,10.38,10.38,800,0.31
1990-11-09,10.12,10.25,10.12,10.25,21600,0.31
1990-11-08,10.00,10.12,10.00,10.00,15200,0.30
1990-11-07,10.00,10.00,10.00,10.00,800,0.30
1990-11-06,9.75,10.00,9.75,9.87,980000,0.30
1990-11-05,9.75,9.75,9.62,9.75,206400,0.29
1990-11-02,10.00,10.00,9.75,9.75,100800,0.29
1990-11-01,10.38,10.50,10.12,10.12,144800,0.30
1990-10-31,10.38,10.50,10.38,10.38,10400,0.31
1990-10-30,10.50,10.50,10.38,10.38,15200,0.31
1990-10-29,10.50,10.63,10.50,10.63,7200,0.32
1990-10-26,10.50,10.50,10.50,10.50,108800,0.31
1990-10-25,10.50,10.63,10.50,10.50,12000,0.31
1990-10-24,10.50,10.63,10.50,10.50,12000,0.31
1990-10-23,10.75,10.75,10.38,10.50,36800,0.31
1990-10-22,10.75,10.88,10.75,10.75,53600,0.32
1990-10-19,10.75,10.75,10.75,10.75,7200,0.32
1990-10-18,10.63,10.75,10.63,10.75,28800,0.32
1990-10-17,10.50,10.50,10.50,10.50,36800,0.31
1990-10-16,10.88,10.88,10.88,10.88,000,0.33
1990-10-15,11.00,11.00,10.88,10.88,680000,0.33
1990-10-12,11.00,11.00,11.00,11.00,000,0.33
1990-10-11,11.13,11.13,11.00,11.00,10400,0.33
1990-10-10,11.62,11.62,11.25,11.25,48000,0.34
1990-10-09,11.75,11.75,11.75,11.75,4800,0.35
1990-10-08,11.75,11.75,11.75,11.75,000,0.35
1990-10-05,11.75,11.75,11.75,11.75,000,0.35
1990-10-04,11.87,11.87,11.87,11.87,000,0.36
1990-10-03,11.87,11.87,11.87,11.87,3200,0.36
1990-10-02,12.00,12.12,11.87,12.00,36000,0.36
1990-10-01,11.62,12.25,11.62,12.00,84000,0.36
1990-09-28,11.50,11.50,11.50,11.50,000,0.34
1990-09-27,11.50,11.50,11.50,11.50,800,0.34
1990-09-26,11.62,11.62,11.62,11.62,800,0.35
1990-09-25,11.75,11.75,11.75,11.75,000,0.35
1990-09-24,11.75,11.75,11.75,11.75,000,0.35
1990-09-21,11.75,11.75,11.75,11.75,3200,0.35
1990-09-20,11.87,12.00,11.62,11.62,15200,0.35
1990-09-19,11.87,11.87,11.87,11.87,000,0.36
1990-09-18,11.87,11.87,11.87,11.87,000,0.36
1990-09-17,12.00,12.00,11.75,12.00,28800,0.36
1990-09-14,12.00,12.00,12.00,12.00,800,0.36
1990-09-13,12.00,12.12,11.87,11.87,17600,0.35
1990-09-12,12.12,12.12,12.00,12.00,800,0.36
1990-09-11,12.12,12.12,12.00,12.12,14400,0.36
1990-09-10,12.00,12.12,12.00,12.12,3200,0.36
1990-09-07,12.00,12.12,12.00,12.00,800,0.36
1990-09-06,12.00,12.00,12.00,12.00,320000,0.36
1990-09-05,11.87,12.00,11.87,12.00,26400,0.36
1990-09-04,11.87,11.87,11.87,11.87,10400,0.35
1990-08-31,11.87,11.87,11.75,11.87,12000,0.35
1990-08-30,11.50,11.87,11.50,11.87,28800,0.35
1990-08-29,11.13,11.25,11.13,11.25,22400,0.33
1990-08-28,11.00,11.13,10.75,11.13,44000,0.33
1990-08-27,11.00,11.25,11.00,11.00,43200,0.33
1990-08-24,11.37,11.37,11.00,11.00,53600,0.33
1990-08-23,12.00,12.00,11.37,11.50,36800,0.34
1990-08-22,12.12,12.12,12.00,12.00,26400,0.36
1990-08-21,12.50,12.50,12.25,12.25,48000,0.36
1990-08-20,12.75,12.75,12.50,12.50,69600,0.37
1990-08-17,12.63,12.75,12.63,12.75,60800,0.38
1990-08-16,12.50,12.50,12.25,12.38,80000,0.37
1990-08-15,12.25,12.50,12.12,12.50,48000,0.37
1990-08-14,12.00,12.25,12.00,12.25,44000,0.36
1990-08-13,12.00,12.00,12.00,12.00,000,0.36
1990-08-10,12.25,12.38,12.00,12.00,21600,0.36
1990-08-09,12.25,12.25,12.25,12.25,3200,0.36
1990-08-08,12.25,12.38,12.25,12.38,69600,0.37
1990-08-07,12.00,12.00,12.00,12.00,000,0.36
1990-08-06,12.25,12.25,12.00,12.00,15200,0.36
1990-08-03,12.50,12.50,12.38,12.38,170400,0.37
1990-08-02,12.63,12.63,12.50,12.50,55200,0.37
1990-08-01,12.63,12.63,12.63,12.63,000,0.38
1990-07-31,12.63,12.63,12.63,12.63,26400,0.38
1990-07-30,12.63,12.63,12.63,12.63,7200,0.38
1990-07-27,12.63,12.75,12.50,12.75,87200,0.38
1990-07-26,12.63,12.63,12.63,12.63,7200,0.38
1990-07-25,12.63,12.75,12.50,12.50,129600,0.37
1990-07-24,13.00,13.00,12.63,12.63,140000,0.38
1990-07-23,13.00,13.00,12.88,13.00,24800,0.39
1990-07-20,13.13,13.25,13.13,13.25,14400,0.39
1990-07-19,13.25,13.25,13.13,13.13,4800,0.39
1990-07-18,13.25,13.38,13.25,13.38,10400,0.40
1990-07-17,13.25,13.38,13.25,13.25,10400,0.39
1990-07-16,13.00,13.38,13.00,13.25,228000,0.39
1990-07-13,13.00,13.00,12.88,13.00,118400,0.39
1990-07-12,13.25,13.38,13.00,13.00,195200,0.39
1990-07-11,13.25,13.25,13.25,13.25,12000,0.39
1990-07-10,13.38,13.38,13.38,13.38,53600,0.40
1990-07-09,13.62,13.62,13.62,13.62,26400,0.41
1990-07-06,13.50,13.50,13.38,13.50,10400,0.40
1990-07-05,13.50,13.50,13.38,13.50,7200,0.40
1990-07-03,13.50,13.62,13.50,13.50,39200,0.40
1990-07-02,13.50,13.50,13.38,13.50,82400,0.40
1990-06-29,13.50,13.62,13.25,13.50,230400,0.40
1990-06-28,13.50,13.62,13.50,13.50,8000,0.40
1990-06-27,13.25,13.50,13.25,13.50,40800,0.40
1990-06-26,12.88,13.25,12.88,13.25,504000,0.39
1990-06-25,12.88,13.00,12.88,12.88,19200,0.38
1990-06-22,13.00,13.00,12.88,12.88,12000,0.38
1990-06-21,13.00,13.00,13.00,13.00,33600,0.39
1990-06-20,13.00,13.00,13.00,13.00,4800,0.39
1990-06-19,13.00,13.13,13.00,13.00,55200,0.39
1990-06-18,13.13,13.13,13.00,13.00,51200,0.39
1990-06-15,13.13,13.25,13.00,13.25,36000,0.39
1990-06-14,13.38,13.38,13.13,13.13,29600,0.39
1990-06-13,13.62,13.75,13.38,13.38,82400,0.40
1990-06-12,13.62,13.62,13.62,13.62,3200,0.40
1990-06-11,13.62,13.75,13.62,13.62,51200,0.40
1990-06-08,13.50,13.50,13.50,13.50,3200,0.40
1990-06-07,13.50,13.50,13.50,13.50,8000,0.40
1990-06-06,13.50,13.50,13.50,13.50,26400,0.40
1990-06-05,13.50,13.75,13.50,13.62,21600,0.40
1990-06-04,13.50,13.62,13.50,13.50,51200,0.40
1990-06-01,13.38,13.50,13.38,13.50,15200,0.40
1990-05-31,13.38,13.38,13.25,13.25,29600,0.39
1990-05-30,13.38,13.38,13.25,13.38,82400,0.40
1990-05-29,13.38,13.38,13.38,13.38,000,0.40
1990-05-25,13.38,13.38,13.25,13.38,26400,0.40
1990-05-24,13.62,13.62,13.38,13.38,33600,0.40
1990-05-23,13.75,13.75,13.50,13.62,44000,0.40
1990-05-22,13.62,13.75,13.62,13.75,40800,0.41
1990-05-21,13.25,13.75,13.13,13.62,58400,0.40
1990-05-18,14.00,14.00,13.25,13.25,151200,0.39
1990-05-17,14.00,14.00,14.00,14.00,000,0.41
1990-05-16,14.12,14.12,14.00,14.00,8000,0.41
1990-05-15,14.00,14.12,13.87,14.12,36000,0.42
1990-05-14,14.00,14.12,14.00,14.00,136800,0.41
1990-05-11,14.12,14.25,14.00,14.00,76800,0.41
1990-05-10,14.25,14.25,14.00,14.12,29600,0.42
1990-05-09,13.75,14.62,13.75,14.25,192000,0.42
1990-05-08,13.87,13.87,13.62,13.75,101600,0.41
1990-05-07,13.87,14.00,13.87,14.00,46400,0.41
1990-05-04,13.75,13.75,13.75,13.75,800,0.41
1990-05-03,13.50,13.75,13.50,13.75,159200,0.41
1990-05-02,12.88,13.00,12.88,13.00,80000,0.38
1990-05-01,13.00,13.00,12.88,12.88,22400,0.38
1990-04-30,13.00,13.13,13.00,13.00,51200,0.38
1990-04-27,12.88,12.88,12.88,12.88,4800,0.38
1990-04-26,13.00,13.00,12.88,13.00,10400,0.38
1990-04-25,12.88,13.00,12.88,13.00,14400,0.38
1990-04-24,12.88,12.88,12.88,12.88,24800,0.38
1990-04-23,13.25,13.25,13.00,13.00,144000,0.38
1990-04-20,13.13,13.38,13.13,13.38,96800,0.40
1990-04-19,13.00,13.00,12.88,13.00,216000,0.38
1990-04-18,13.00,13.00,13.00,13.00,000,0.38
1990-04-17,13.00,13.00,12.75,13.00,39200,0.38
1990-04-16,13.00,13.00,13.00,13.00,40800,0.38
1990-04-12,13.00,13.13,12.75,13.00,72000,0.38
1990-04-11,13.00,13.00,13.00,13.00,4800,0.38
1990-04-10,12.75,13.00,12.75,12.88,60800,0.38
1990-04-09,12.75,12.75,12.75,12.75,000,0.38
1990-04-06,12.75,12.75,12.75,12.75,48000,0.38
1990-04-05,12.88,12.88,12.88,12.88,36000,0.38
1990-04-04,12.88,13.00,12.88,13.00,28800,0.38
1990-04-03,12.75,12.75,12.75,12.75,000,0.38
1990-04-02,12.75,12.75,12.75,12.75,14400,0.38
1990-03-30,12.75,12.88,12.75,12.75,12000,0.38
1990-03-29,12.75,12.75,12.63,12.75,19200,0.38
1990-03-28,12.63,12.75,12.63,12.75,22400,0.38
1990-03-27,12.63,12.63,12.63,12.63,51200,0.37
1990-03-26,12.75,12.75,12.63,12.75,4800,0.38
1990-03-23,12.63,12.75,12.50,12.75,32000,0.38
1990-03-22,12.38,12.63,12.38,12.63,125600,0.37
1990-03-21,12.38,12.38,12.25,12.38,96800,0.37
1990-03-20,12.25,12.38,12.25,12.38,55200,0.37
1990-03-19,12.38,12.38,12.25,12.25,264000,0.36
1990-03-16,12.50,12.50,12.50,12.50,4800,0.37
1990-03-15,11.87,12.50,11.87,12.38,245600,0.36
1990-03-14,11.75,11.75,11.75,11.75,48000,0.35
1990-03-13,11.75,11.75,11.75,11.75,4800,0.35
1990-03-12,11.75,11.75,11.75,11.75,000,0.35
1990-03-09,11.75,11.75,11.75,11.75,000,0.35
1990-03-08,11.87,11.87,11.75,11.75,79200,0.35
1990-03-07,11.87,11.87,11.87,11.87,000,0.35
1990-03-06,12.00,12.12,11.75,11.87,910400,0.35
1990-03-05,12.00,12.00,12.00,12.00,15200,0.35
1990-03-02,12.12,12.12,12.00,12.00,259200,0.35
1990-03-01,12.12,12.12,12.12,12.12,800,0.36
1990-02-28,12.25,12.25,12.12,12.12,108800,0.36
1990-02-27,12.38,12.38,12.38,12.38,87200,0.36
1990-02-26,12.38,12.38,12.38,12.38,15200,0.36
1990-02-23,12.50,12.50,12.50,12.50,19200,0.37
1990-02-22,12.63,12.63,12.50,12.63,249600,0.37
1990-02-21,12.75,12.75,12.75,12.75,000,0.37
1990-02-20,12.75,12.75,12.63,12.75,57600,0.37
1990-02-16,12.75,12.75,12.75,12.75,000,0.37
1990-02-15,12.75,12.88,12.75,12.75,3200,0.37
1990-02-14,12.75,12.75,12.75,12.75,000,0.37
1990-02-13,12.75,12.75,12.75,12.75,3200,0.37
1990-02-12,12.88,12.88,12.88,12.88,15200,0.38
1990-02-09,12.75,12.75,12.75,12.75,15200,0.37
1990-02-08,12.88,13.00,12.75,12.88,108800,0.38
1990-02-07,12.75,12.88,12.75,12.88,26400,0.38
1990-02-06,12.75,12.75,12.75,12.75,000,0.37
1990-02-05,12.75,12.75,12.75,12.75,800,0.37
1990-02-02,12.88,12.88,12.88,12.88,7200,0.38
1990-02-01,12.75,12.75,12.75,12.75,000,0.37
1990-01-31,12.88,12.88,12.75,12.75,8000,0.37
1990-01-30,12.88,12.88,12.88,12.88,4800,0.38
1990-01-29,12.88,12.88,12.75,12.88,53600,0.38
1990-01-26,12.88,12.88,12.88,12.88,33600,0.38
1990-01-25,12.88,12.88,12.88,12.88,3200,0.38
1990-01-24,12.88,12.88,12.75,12.88,55200,0.38
1990-01-23,12.75,12.88,12.75,12.88,15200,0.38
1990-01-22,13.00,13.00,12.75,12.75,24800,0.37
1990-01-19,13.00,13.00,13.00,13.00,15200,0.38
1990-01-18,13.13,13.13,13.00,13.13,94400,0.39
1990-01-17,13.13,13.13,13.13,13.13,7200,0.39
1990-01-16,13.00,13.00,12.63,13.00,80000,0.38
1990-01-15,13.13,13.13,13.00,13.00,4800,0.38
1990-01-12,13.13,13.13,13.13,13.13,000,0.39
1990-01-11,13.00,13.13,13.00,13.00,51200,0.38
1990-01-10,13.00,13.00,12.88,13.00,94400,0.38
1990-01-09,13.00,13.38,13.00,13.00,187200,0.38
1990-01-08,13.00,13.00,12.88,13.00,46400,0.38
1990-01-05,13.38,13.38,13.25,13.25,36800,0.39
1990-01-04,13.38,13.62,13.38,13.38,32000,0.39
1990-01-03,13.38,13.38,13.25,13.38,213600,0.39
1990-01-02,13.25,13.38,13.25,13.38,21600,0.39
1989-12-29,13.25,13.25,13.25,13.25,7200,0.39
1989-12-28,13.00,13.13,13.00,13.13,51200,0.39
1989-12-27,13.00,13.00,13.00,13.00,24800,0.38
1989-12-26,13.00,13.00,13.00,13.00,000,0.38
1989-12-22,12.88,13.00,12.88,13.00,28800,0.38
1989-12-21,12.75,12.88,12.75,12.88,21600,0.38
1989-12-20,12.63,12.75,12.63,12.75,82400,0.37
1989-12-19,12.50,12.50,12.50,12.50,91200,0.37
1989-12-18,12.50,12.50,12.50,12.50,12000,0.37
1989-12-15,12.50,12.50,12.38,12.38,98400,0.36
1989-12-14,12.50,12.50,12.50,12.50,40800,0.37
1989-12-13,12.63,12.63,12.50,12.50,120000,0.37
1989-12-12,12.50,12.63,12.50,12.63,58400,0.37
1989-12-11,12.50,12.63,12.50,12.50,44000,0.37
1989-12-08,12.50,12.63,12.50,12.50,32000,0.37
1989-12-07,12.63,12.63,12.50,12.50,285600,0.37
1989-12-06,12.63,12.75,12.63,12.63,360800,0.37
1989-12-05,12.50,12.50,12.50,12.50,22400,0.37
1989-12-04,12.63,12.75,12.50,12.50,17600,0.37
1989-12-01,12.63,12.63,12.63,12.63,4800,0.37
1989-11-30,13.00,13.00,12.75,12.75,55200,0.37
1989-11-29,13.00,13.00,13.00,13.00,3200,0.38
1989-11-28,13.00,13.00,12.88,12.88,19200,0.38
1989-11-27,13.00,13.00,13.00,13.00,12000,0.38
1989-11-24,13.00,13.00,12.88,12.88,21600,0.38
1989-11-22,12.75,13.25,12.75,13.00,105600,0.38
1989-11-21,12.25,12.63,12.25,12.63,69600,0.37
1989-11-20,12.50,12.75,12.00,12.00,5592000,0.35
1989-11-17,11.62,12.50,11.62,12.50,456800,0.37
1989-11-16,11.37,11.62,11.25,11.62,72800,0.34
1989-11-15,11.62,11.62,11.25,11.37,57600,0.33
1989-11-14,11.13,11.62,11.13,11.62,122400,0.34
1989-11-13,11.25,11.25,11.13,11.13,86400,0.33
1989-11-10,11.37,11.37,11.25,11.25,82400,0.33
1989-11-09,11.62,11.62,11.62,11.62,36000,0.34
1989-11-08,11.87,11.87,11.62,11.62,14400,0.34
1989-11-07,11.87,11.87,11.75,11.87,72000,0.35
1989-11-06,12.25,12.25,11.87,11.87,22400,0.35
1989-11-03,12.38,12.38,12.38,12.38,000,0.36
1989-11-02,12.50,12.50,12.25,12.38,58400,0.36
1989-11-01,12.50,12.50,12.38,12.50,22400,0.37
1989-10-31,12.12,12.50,12.00,12.50,40800,0.37
1989-10-30,12.12,12.12,12.12,12.12,40800,0.35
1989-10-27,12.75,12.75,12.38,12.38,141600,0.36
1989-10-26,12.88,12.88,12.88,12.88,800,0.38
1989-10-25,12.75,12.88,12.75,12.88,140000,0.38
1989-10-24,12.75,12.75,12.12,12.75,94400,0.37
1989-10-23,12.75,12.75,12.75,12.75,15200,0.37
1989-10-20,12.75,12.88,12.75,12.75,21600,0.37
1989-10-19,12.63,12.75,12.63,12.75,33600,0.37
1989-10-18,12.63,12.75,12.63,12.63,7200,0.37
1989-10-17,12.63,12.63,12.50,12.63,19200,0.37
1989-10-16,12.63,12.63,11.37,12.63,152000,0.37
1989-10-13,13.75,13.75,13.00,13.00,72800,0.38
1989-10-12,13.75,13.75,13.75,13.75,000,0.40
1989-10-11,13.75,13.87,13.62,13.62,8000,0.40
1989-10-10,13.75,13.75,13.75,13.75,800,0.40
1989-10-09,13.87,13.87,13.87,13.87,000,0.41
1989-10-06,13.87,13.87,13.87,13.87,000,0.41
1989-10-05,13.75,13.87,13.75,13.87,4800,0.41
1989-10-04,13.87,13.87,13.75,13.75,19200,0.40
1989-10-03,14.00,14.00,13.87,13.87,12000,0.41
1989-10-02,14.00,14.00,13.87,14.00,32000,0.41
1989-09-29,14.00,14.00,14.00,14.00,3200,0.41
1989-09-28,13.87,14.00,13.87,13.87,4800,0.41
1989-09-27,13.75,14.00,13.75,13.87,105600,0.41
1989-09-26,13.62,13.62,13.62,13.62,4800,0.40
1989-09-25,13.62,13.62,13.62,13.62,46400,0.40
1989-09-22,13.75,13.75,13.50,13.50,10400,0.39
1989-09-21,13.75,13.87,13.75,13.75,8000,0.40
1989-09-20,13.75,13.75,13.75,13.75,7200,0.40
1989-09-19,13.87,13.87,13.87,13.87,4800,0.41
1989-09-18,13.87,13.87,13.75,13.75,3200,0.40
1989-09-15,13.87,13.87,13.87,13.87,3200,0.41
1989-09-14,13.75,13.87,13.75,13.75,21600,0.40
1989-09-13,13.87,13.87,13.75,13.75,15200,0.40
1989-09-12,14.25,14.25,13.87,14.00,69600,0.41
1989-09-11,14.37,14.37,14.37,14.37,8000,0.42
1989-09-08,14.62,14.75,14.50,14.50,36000,0.42
1989-09-07,14.62,14.62,14.50,14.62,7200,0.43
1989-09-06,14.75,14.75,14.62,14.62,29600,0.43
1989-09-05,15.00,15.00,14.88,15.00,62400,0.44
1989-09-01,15.00,15.00,15.00,15.00,33600,0.44
1989-08-31,14.75,15.00,14.75,15.00,17600,0.44
1989-08-30,14.88,14.88,14.75,14.75,15200,0.43
1989-08-29,14.88,14.88,14.88,14.88,22400,0.43
1989-08-28,14.50,14.88,14.50,14.75,177600,0.43
1989-08-25,13.87,14.50,13.62,14.50,392000,0.42
1989-08-24,14.00,14.00,13.75,13.87,53600,0.41
1989-08-23,14.00,14.00,13.87,14.00,44000,0.41
1989-08-22,14.12,14.12,14.00,14.12,79200,0.41
1989-08-21,14.37,14.75,14.25,14.25,154400,0.42
1989-08-18,14.25,14.50,14.25,14.37,84000,0.42
1989-08-17,14.00,14.25,14.00,14.25,428000,0.42
1989-08-16,13.87,14.00,13.87,14.00,40800,0.41
1989-08-15,14.12,14.12,13.75,13.87,64800,0.41
1989-08-14,13.87,14.12,13.75,14.12,132800,0.41
1989-08-11,14.50,14.50,13.75,13.87,197600,0.41
1989-08-10,14.37,14.50,14.25,14.50,82400,0.42
1989-08-09,14.12,14.37,14.12,14.37,166400,0.42
1989-08-08,13.62,14.12,13.62,14.12,242400,0.41
1989-08-07,13.50,13.62,13.50,13.62,76800,0.40
1989-08-04,13.50,13.50,13.38,13.50,101600,0.39
1989-08-03,13.00,13.50,13.00,13.50,168800,0.39
1989-08-02,12.63,12.88,12.63,12.88,36000,0.38
1989-08-01,12.88,12.88,12.50,12.50,345600,0.37
1989-07-31,12.75,12.88,12.63,12.88,43200,0.38
1989-07-28,12.88,13.00,12.75,12.75,28800,0.37
1989-07-27,12.12,12.88,12.12,12.88,651200,0.38
1989-07-26,12.12,12.12,12.12,12.12,3200,0.35
1989-07-25,12.00,12.12,12.00,12.00,154400,0.35
1989-07-24,11.87,11.87,11.87,11.87,000,0.35
1989-07-21,11.75,11.87,11.75,11.87,17600,0.35
1989-07-20,12.00,12.00,11.62,11.75,57600,0.34
1989-07-19,12.00,12.12,12.00,12.00,14400,0.35
1989-07-18,12.12,12.12,12.00,12.00,43200,0.35
1989-07-17,12.38,12.38,12.38,12.38,3200,0.36
1989-07-14,12.25,12.38,12.25,12.38,55200,0.36
1989-07-13,12.25,12.25,12.19,12.25,33600,0.36
1989-07-12,12.25,12.25,12.25,12.25,19200,0.36
1989-07-11,12.31,12.31,12.31,12.31,26400,0.36
1989-07-10,12.44,12.44,12.38,12.44,26400,0.36
1989-07-07,12.50,12.50,12.50,12.50,101600,0.37
1989-07-06,12.44,12.50,12.44,12.44,40800,0.36
1989-07-05,12.50,12.50,12.44,12.44,184800,0.36
1989-07-03,12.63,12.63,12.63,12.63,000,0.37
1989-06-30,12.63,12.63,12.56,12.63,26400,0.37
1989-06-29,13.00,13.00,12.75,12.75,65600,0.37
1989-06-28,13.13,13.13,13.00,13.00,156000,0.38
1989-06-27,13.13,13.19,13.13,13.19,80000,0.39
1989-06-26,13.06,13.13,13.06,13.06,144800,0.38
1989-06-23,13.06,13.06,13.06,13.06,91200,0.38
1989-06-22,13.06,13.06,13.06,13.06,8000,0.38
1989-06-21,13.31,13.38,13.13,13.13,87200,0.38
1989-06-20,13.38,13.38,13.31,13.31,19200,0.39
1989-06-19,13.50,13.50,13.38,13.38,15200,0.39
1989-06-16,13.50,13.50,13.50,13.50,19200,0.39
1989-06-15,13.44,13.56,13.38,13.50,163200,0.39
1989-06-14,13.38,13.44,13.31,13.44,120000,0.39
1989-06-13,13.50,13.50,13.38,13.38,170400,0.39
1989-06-12,13.38,13.50,13.38,13.50,137600,0.39
1989-06-09,13.00,13.50,13.00,13.38,593600,0.39
1989-06-08,12.88,13.00,12.88,12.94,26400,0.38
1989-06-07,12.81,12.88,12.81,12.81,80000,0.37
1989-06-06,12.81,12.81,12.75,12.81,19200,0.37
1989-06-05,12.94,12.94,12.69,12.88,252800,0.38
1989-06-02,13.00,13.06,12.94,12.94,65600,0.38
1989-06-01,13.13,13.13,12.69,13.00,432800,0.38
1989-05-31,12.31,13.19,12.31,13.19,324800,0.39
1989-05-30,12.25,12.44,12.25,12.31,1084800,0.36
1989-05-26,11.87,12.25,11.81,12.25,400800,0.36
1989-05-25,11.37,11.87,11.37,11.87,271200,0.35
1989-05-24,11.13,11.37,11.13,11.37,148800,0.33
1989-05-23,11.25,11.25,11.00,11.00,84000,0.32
1989-05-22,11.44,11.56,11.25,11.25,116000,0.33
1989-05-19,11.37,11.44,11.37,11.44,33600,0.33
1989-05-18,11.50,11.62,11.37,11.37,216800,0.33
1989-05-17,10.81,11.50,10.81,11.50,540000,0.34
1989-05-16,10.75,10.75,10.75,10.75,15200,0.31
1989-05-15,10.75,10.75,10.75,10.75,000,0.31
1989-05-12,10.75,10.75,10.75,10.75,19200,0.31
1989-05-11,10.81,10.81,10.81,10.81,800,0.32
1989-05-10,10.75,10.81,10.75,10.81,26400,0.32
1989-05-09,10.75,10.81,10.75,10.75,44000,0.31
1989-05-08,10.75,10.81,10.75,10.75,33600,0.31
1989-05-05,10.75,10.75,10.75,10.75,4800,0.31
1989-05-04,10.69,10.75,10.69,10.75,40800,0.31
1989-05-03,10.69,10.69,10.69,10.69,48000,0.31
1989-05-02,10.69,10.69,10.63,10.69,72800,0.31
1989-05-01,10.69,10.75,10.69,10.69,40800,0.31
1989-04-28,10.69,10.69,10.69,10.69,33600,0.31
1989-04-27,10.69,10.75,10.69,10.75,51200,0.31
1989-04-26,10.69,10.69,10.69,10.69,000,0.31
1989-04-25,10.69,10.69,10.69,10.69,12000,0.31
1989-04-24,10.63,10.75,10.63,10.75,91200,0.31
1989-04-21,10.69,10.69,10.63,10.63,22400,0.31
1989-04-20,10.75,10.75,10.75,10.75,44000,0.31
1989-04-19,10.63,10.75,10.63,10.69,137600,0.31
1989-04-18,10.63,10.69,10.63,10.63,19200,0.31
1989-04-17,10.63,10.63,10.63,10.63,800,0.31
1989-04-14,10.75,10.75,10.63,10.63,84000,0.31
1989-04-13,10.75,10.75,10.75,10.75,19200,0.31
1989-04-12,10.81,10.81,10.81,10.81,800,0.32
1989-04-11,10.75,10.75,10.69,10.75,220800,0.31
1989-04-10,10.75,10.75,10.75,10.75,58400,0.31
1989-04-07,10.75,10.75,10.75,10.75,800,0.31
1989-04-06,10.81,10.88,10.81,10.81,72800,0.32
1989-04-05,10.81,10.81,10.81,10.81,101600,0.32
1989-04-04,10.56,10.81,10.56,10.81,267200,0.32
1989-04-03,10.50,10.50,10.44,10.44,72800,0.31
1989-03-31,10.63,10.75,10.50,10.50,123200,0.31
1989-03-30,10.56,10.63,10.56,10.63,55200,0.31
1989-03-29,10.50,10.69,10.50,10.56,192000,0.31
1989-03-28,10.44,10.50,10.44,10.44,375200,0.31
1989-03-27,10.44,10.44,10.38,10.38,33600,0.30
1989-03-23,10.38,10.44,10.38,10.44,101600,0.31
1989-03-22,10.56,10.56,10.38,10.38,33600,0.30
1989-03-21,10.25,10.75,10.25,10.56,264000,0.31
1989-03-20,10.19,10.19,10.12,10.12,62400,0.30
1989-03-17,10.38,10.38,10.06,10.25,518400,0.30
1989-03-16,10.50,10.63,10.38,10.56,288800,0.31
1989-03-15,10.31,10.50,10.31,10.50,116000,0.31
1989-03-14,10.00,10.38,9.94,10.31,360800,0.30
1989-03-13,9.94,10.00,9.94,10.00,40800,0.29
1989-03-10,9.87,9.94,9.81,9.87,48000,0.29
1989-03-09,9.81,9.87,9.81,9.87,19200,0.29
1989-03-08,9.62,9.87,9.62,9.81,130400,0.29
1989-03-07,9.56,9.62,9.56,9.62,58400,0.28
1989-03-06,9.50,9.56,9.50,9.50,36800,0.28
1989-03-03,9.44,9.50,9.44,9.44,19200,0.28
1989-03-02,9.25,9.37,9.19,9.37,22400,0.27
1989-03-01,9.44,9.44,9.25,9.25,69600,0.27
1989-02-28,9.50,9.50,9.25,9.50,137600,0.28
1989-02-27,9.75,9.75,9.56,9.56,357600,0.28
1989-02-24,10.19,10.38,9.69,9.75,307200,0.29
1989-02-23,9.69,10.19,9.69,10.19,633600,0.30
1989-02-22,8.69,9.87,8.69,9.50,429600,0.28
1989-02-21,8.69,8.69,8.63,8.63,40800,0.25
1989-02-17,8.69,8.69,8.69,8.69,800,0.25
1989-02-16,8.69,8.75,8.69,8.75,36800,0.26
1989-02-15,8.56,8.63,8.56,8.63,48000,0.25
1989-02-14,8.50,8.50,8.50,8.50,15200,0.25
1989-02-13,8.44,8.44,8.44,8.44,000,0.25
1989-02-10,8.38,8.44,8.38,8.44,40800,0.25
1989-02-09,8.38,8.38,8.38,8.38,15200,0.24
1989-02-08,8.31,8.31,8.31,8.31,4800,0.24
1989-02-07,8.31,8.31,8.31,8.31,15200,0.24
1989-02-06,8.38,8.38,8.31,8.31,33600,0.24
1989-02-03,8.38,8.44,8.38,8.44,26400,0.25
1989-02-02,8.13,8.31,8.13,8.31,127200,0.24
1989-02-01,8.00,8.13,8.00,8.13,108800,0.24
1989-01-31,7.88,8.00,7.88,7.94,195200,0.23
1989-01-30,7.88,7.94,7.88,7.88,134400,0.23
1989-01-27,7.81,7.81,7.81,7.81,76800,0.23
1989-01-26,7.75,7.81,7.75,7.81,12000,0.23
1989-01-25,7.75,7.75,7.75,7.75,44000,0.23
1989-01-24,7.75,7.75,7.75,7.75,000,0.23
1989-01-23,7.75,7.75,7.75,7.75,4800,0.23
1989-01-20,7.75,7.75,7.75,7.75,26400,0.23
1989-01-19,7.81,7.81,7.81,7.81,800,0.23
1989-01-18,7.81,7.88,7.81,7.81,195200,0.23
1989-01-17,7.81,7.88,7.81,7.81,19200,0.23
1989-01-16,7.81,7.81,7.81,7.81,000,0.23
1989-01-13,7.81,7.88,7.81,7.81,40800,0.23
1989-01-12,7.81,7.81,7.81,7.81,58400,0.23
1989-01-11,7.88,7.88,7.88,7.88,000,0.23
1989-01-10,7.88,7.88,7.88,7.88,000,0.23
1989-01-09,7.88,7.88,7.81,7.88,8000,0.23
1989-01-06,7.88,7.88,7.88,7.88,12000,0.23
1989-01-05,7.81,7.88,7.81,7.88,134400,0.23
1989-01-04,7.81,7.81,7.75,7.75,26400,0.23
1989-01-03,7.88,7.88,7.88,7.88,800,0.23
1988-12-30,7.88,7.88,7.88,7.88,000,0.23
1988-12-29,7.81,7.88,7.81,7.88,87200,0.23
1988-12-28,7.81,7.81,7.81,7.81,000,0.23
1988-12-27,7.81,7.81,7.81,7.81,000,0.23
1988-12-23,7.81,7.81,7.81,7.81,69600,0.23
1988-12-22,7.88,7.88,7.81,7.88,15200,0.23
1988-12-21,7.88,7.88,7.88,7.88,33600,0.23
1988-12-20,7.81,7.81,7.81,7.81,800,0.23
1988-12-19,7.88,7.88,7.88,7.88,000,0.23
1988-12-16,7.88,7.88,7.88,7.88,000,0.23
1988-12-15,7.88,7.88,7.88,7.88,33600,0.23
1988-12-14,7.88,7.88,7.88,7.88,4800,0.23
1988-12-13,7.75,7.75,7.75,7.75,000,0.23
1988-12-12,7.75,7.75,7.75,7.75,8000,0.23
1988-12-09,7.75,7.75,7.75,7.75,000,0.23
1988-12-08,7.75,7.75,7.75,7.75,000,0.23
1988-12-07,7.75,7.75,7.75,7.75,137600,0.23
1988-12-06,7.75,7.75,7.75,7.75,22400,0.23
1988-12-05,7.75,7.75,7.75,7.75,000,0.23
1988-12-02,7.81,7.81,7.75,7.75,51200,0.23
1988-12-01,7.81,7.81,7.81,7.81,000,0.23
1988-11-30,7.81,7.81,7.81,7.81,44000,0.23
1988-11-29,7.81,7.81,7.81,7.81,000,0.23
1988-11-28,7.81,7.81,7.81,7.81,000,0.23
1988-11-25,7.81,7.81,7.81,7.81,4800,0.23
1988-11-23,7.81,7.81,7.81,7.81,000,0.23
1988-11-22,7.81,7.81,7.81,7.81,000,0.23
1988-11-21,7.81,7.81,7.81,7.81,12000,0.23
1988-11-18,7.81,7.81,7.81,7.81,800,0.23
1988-11-17,7.81,7.81,7.81,7.81,800,0.23
1988-11-16,7.81,7.81,7.81,7.81,12000,0.23
1988-11-15,7.94,7.94,7.88,7.88,112800,0.23
1988-11-14,7.94,7.94,7.94,7.94,130400,0.23
1988-11-11,8.00,8.00,8.00,8.00,4800,0.23
1988-11-10,8.06,8.06,8.06,8.06,800,0.24
1988-11-09,8.13,8.13,8.00,8.00,144800,0.23
1988-11-08,8.19,8.19,8.19,8.19,000,0.24
1988-11-07,8.19,8.19,8.06,8.19,48000,0.24
1988-11-04,8.19,8.19,8.13,8.19,40800,0.24
1988-11-03,8.19,8.19,8.19,8.19,4800,0.24
1988-11-02,8.13,8.13,8.13,8.13,000,0.24
1988-11-01,8.13,8.13,8.13,8.13,000,0.24
1988-10-31,8.13,8.13,8.13,8.13,800,0.24
1988-10-28,8.19,8.19,8.19,8.19,000,0.24
1988-10-27,8.19,8.19,8.19,8.19,33600,0.24
1988-10-26,8.25,8.25,8.25,8.25,44000,0.24
1988-10-25,8.38,8.38,8.31,8.31,22400,0.24
1988-10-24,8.38,8.38,8.38,8.38,12000,0.24
1988-10-21,8.31,8.31,8.31,8.31,000,0.24
1988-10-20,8.31,8.31,8.31,8.31,998400,0.24
1988-10-19,8.44,8.44,8.44,8.44,800,0.25
1988-10-18,8.38,8.38,8.38,8.38,000,0.24
1988-10-17,8.38,8.38,8.38,8.38,8000,0.24
1988-10-14,8.25,8.38,8.25,8.38,33600,0.24
1988-10-13,8.25,8.25,8.25,8.25,800,0.24
1988-10-12,8.25,8.25,8.25,8.25,000,0.24
1988-10-11,8.25,8.31,8.25,8.25,22400,0.24
1988-10-10,8.25,8.25,8.25,8.25,000,0.24
1988-10-07,8.25,8.25,8.25,8.25,15200,0.24
1988-10-06,8.25,8.25,8.25,8.25,15200,0.24
1988-10-05,8.31,8.31,8.25,8.25,29600,0.24
1988-10-04,8.38,8.38,8.38,8.38,800,0.24
1988-10-03,8.44,8.44,8.44,8.44,8000,0.25
1988-09-30,8.38,8.44,8.38,8.44,33600,0.25
1988-09-29,8.31,8.31,8.31,8.31,000,0.24
1988-09-28,8.31,8.31,8.31,8.31,000,0.24
1988-09-27,8.31,8.31,8.31,8.31,12000,0.24
1988-09-26,8.38,8.38,8.38,8.38,12000,0.24
1988-09-23,8.38,8.44,8.31,8.44,15200,0.25
1988-09-22,8.38,8.38,8.31,8.38,112800,0.24
1988-09-21,8.44,8.44,8.38,8.38,209600,0.24
1988-09-20,8.44,8.44,8.44,8.44,12000,0.25
1988-09-19,8.44,8.44,8.44,8.44,44000,0.25
1988-09-16,8.50,8.50,8.50,8.50,800,0.25
1988-09-15,8.56,8.56,8.56,8.56,4800,0.25
1988-09-14,8.63,8.63,8.63,8.63,44000,0.25
1988-09-13,8.50,8.63,8.50,8.56,51200,0.25
1988-09-12,8.50,8.50,8.50,8.50,55200,0.25
1988-09-09,8.38,8.44,8.38,8.44,12000,0.25
1988-09-08,8.38,8.38,8.38,8.38,000,0.24
1988-09-07,8.38,8.38,8.38,8.38,000,0.24
1988-09-06,8.38,8.38,8.38,8.38,000,0.24
1988-09-02,8.38,8.44,8.38,8.38,26400,0.24
1988-09-01,8.44,8.44,8.38,8.38,29600,0.24
1988-08-31,8.44,8.44,8.44,8.44,800,0.25
1988-08-30,8.13,8.50,8.13,8.44,314400,0.25
1988-08-29,8.00,8.00,7.94,8.00,101600,0.23
1988-08-26,7.81,8.00,7.81,8.00,120000,0.23
1988-08-25,7.81,7.81,7.75,7.81,364800,0.23
1988-08-24,7.81,7.81,7.75,7.81,8000,0.23
1988-08-23,7.81,7.81,7.81,7.81,000,0.23
1988-08-22,7.81,7.81,7.81,7.81,4800,0.23
1988-08-19,7.75,7.75,7.69,7.75,372000,0.23
1988-08-18,7.75,7.75,7.75,7.75,19200,0.23
1988-08-17,7.75,7.81,7.75,7.75,134400,0.23
1988-08-16,7.75,7.75,7.75,7.75,4800,0.23
1988-08-15,7.69,7.75,7.69,7.69,177600,0.22
1988-08-12,7.69,7.69,7.69,7.69,4800,0.22
1988-08-11,7.62,7.69,7.62,7.62,33600,0.22
1988-08-10,7.81,7.81,7.62,7.62,184800,0.22
1988-08-09,7.88,7.88,7.81,7.81,80000,0.23
1988-08-08,8.00,8.00,7.94,7.94,22400,0.23
1988-08-05,8.00,8.06,8.00,8.06,69600,0.24
1988-08-04,7.81,8.00,7.81,8.00,461600,0.23
1988-08-03,7.75,7.75,7.75,7.75,800,0.23
1988-08-02,7.75,7.75,7.75,7.75,000,0.23
1988-08-01,7.75,7.75,7.75,7.75,000,0.23
1988-07-29,7.75,7.81,7.75,7.75,19200,0.23
1988-07-28,7.75,7.75,7.75,7.75,26400,0.23
1988-07-27,7.62,7.69,7.62,7.62,72800,0.22
1988-07-26,7.62,7.62,7.62,7.62,105600,0.22
1988-07-25,7.69,7.69,7.69,7.69,800,0.22
1988-07-22,7.75,7.75,7.75,7.75,000,0.23
1988-07-21,7.75,7.75,7.75,7.75,000,0.23
1988-07-20,7.62,7.75,7.56,7.75,759200,0.23
1988-07-19,7.62,7.62,7.62,7.62,000,0.22
1988-07-18,7.75,7.75,7.62,7.62,8000,0.22
1988-07-15,7.69,7.75,7.69,7.75,69600,0.23
1988-07-14,7.69,7.69,7.62,7.69,55200,0.22
1988-07-13,7.69,7.69,7.62,7.69,15200,0.22
1988-07-12,7.69,7.69,7.69,7.69,8000,0.22
1988-07-11,7.62,7.69,7.62,7.69,29600,0.22
1988-07-08,7.62,7.62,7.62,7.62,000,0.22
1988-07-07,7.56,7.62,7.56,7.62,26400,0.22
1988-07-06,7.56,7.62,7.56,7.56,19200,0.22
1988-07-05,7.62,7.62,7.50,7.50,144800,0.22
1988-07-01,7.69,7.69,7.69,7.69,000,0.22
1988-06-30,7.56,7.69,7.56,7.69,58400,0.22
1988-06-29,7.50,7.50,7.50,7.50,12000,0.22
1988-06-28,7.50,7.56,7.50,7.50,22400,0.22
1988-06-27,7.50,7.50,7.44,7.44,58400,0.22
1988-06-24,7.56,7.56,7.56,7.56,4800,0.22
1988-06-23,7.50,7.50,7.50,7.50,000,0.22
1988-06-22,7.44,7.50,7.44,7.50,40800,0.22
1988-06-21,7.37,7.44,7.37,7.37,19200,0.22
1988-06-20,7.37,7.37,7.37,7.37,44000,0.22
1988-06-17,7.31,7.31,7.31,7.31,33600,0.21
1988-06-16,7.25,7.25,7.19,7.25,550400,0.21
1988-06-15,7.25,7.25,7.25,7.25,800,0.21
1988-06-14,7.19,7.19,7.19,7.19,4800,0.21
1988-06-13,7.19,7.19,7.19,7.19,4800,0.21
1988-06-10,7.19,7.19,7.19,7.19,800,0.21
1988-06-09,7.25,7.25,7.25,7.25,12000,0.21
1988-06-08,7.19,7.25,7.19,7.25,33600,0.21
1988-06-07,7.25,7.25,7.19,7.19,55200,0.21
1988-06-06,7.19,7.25,7.19,7.25,8000,0.21
1988-06-03,7.12,7.12,7.12,7.12,19200,0.21
1988-06-02,7.12,7.12,7.06,7.06,55200,0.21
1988-06-01,7.12,7.12,7.12,7.12,000,0.21
1988-05-31,7.12,7.12,7.12,7.12,8000,0.21
1988-05-27,7.12,7.12,7.06,7.12,101600,0.21
1988-05-26,7.25,7.25,7.12,7.12,238400,0.21
1988-05-25,7.25,7.25,7.12,7.25,310400,0.21
1988-05-24,7.81,7.81,7.37,7.37,1073600,0.22
1988-05-23,7.88,7.94,7.88,7.94,29600,0.23
1988-05-20,7.69,7.81,7.62,7.81,152000,0.23
1988-05-19,7.75,7.75,7.62,7.69,184800,0.22
1988-05-18,7.81,7.81,7.75,7.81,44000,0.23
1988-05-17,7.81,7.81,7.81,7.81,40800,0.23
1988-05-16,7.88,7.88,7.88,7.88,000,0.23
1988-05-13,7.75,7.88,7.75,7.88,26400,0.23
1988-05-12,7.81,7.81,7.75,7.75,12000,0.23
1988-05-11,7.81,7.81,7.81,7.81,000,0.23
1988-05-10,7.88,7.88,7.81,7.81,33600,0.23
1988-05-09,7.94,7.94,7.94,7.94,15200,0.23
1988-05-06,8.06,8.06,8.00,8.00,33600,0.23
1988-05-05,8.06,8.06,8.00,8.06,48000,0.24
1988-05-04,8.00,8.13,7.94,8.06,51200,0.24
1988-05-03,8.00,8.06,8.00,8.00,8000,0.23
1988-05-02,8.00,8.00,8.00,8.00,000,0.23
1988-04-29,7.94,8.00,7.88,8.00,101600,0.23
1988-04-28,7.88,7.94,7.81,7.94,48000,0.23
1988-04-27,8.00,8.00,7.88,7.88,26400,0.23
1988-04-26,7.88,8.00,7.75,8.00,2448800,0.23
1988-04-25,8.13,8.13,7.88,7.88,84000,0.23
1988-04-22,8.00,8.19,8.00,8.13,285600,0.24
1988-04-21,7.88,7.88,7.88,7.88,465600,0.23
1988-04-20,7.69,7.75,7.69,7.75,4800,0.23
1988-04-19,7.50,7.75,7.50,7.69,173600,0.22
1988-04-18,7.75,7.81,7.50,7.50,1817600,0.22
1988-04-15,7.69,7.81,7.69,7.75,134400,0.23
1988-04-14,7.75,7.75,7.69,7.69,22400,0.22
1988-04-13,7.81,7.81,7.81,7.81,15200,0.23
1988-04-12,7.81,7.81,7.69,7.81,84000,0.23
1988-04-11,7.75,7.81,7.75,7.81,15200,0.23
1988-04-08,7.81,7.81,7.75,7.75,36800,0.23
1988-04-07,7.94,7.94,7.81,7.81,58400,0.23
1988-04-06,8.00,8.00,8.00,8.00,800,0.23
1988-04-05,8.00,8.00,7.94,8.00,29600,0.23
1988-04-04,8.00,8.00,8.00,8.00,8000,0.23
1988-03-31,8.00,8.00,7.94,8.00,15200,0.23
1988-03-30,8.00,8.00,8.00,8.00,000,0.23
1988-03-29,8.00,8.00,8.00,8.00,4800,0.23
1988-03-28,7.94,7.94,7.81,7.94,36800,0.23
1988-03-25,7.94,7.94,7.88,7.94,26400,0.23
1988-03-24,7.94,7.94,7.94,7.94,000,0.23
1988-03-23,7.81,8.00,7.81,7.94,69600,0.23
1988-03-22,7.75,7.81,7.75,7.81,12000,0.23
1988-03-21,7.94,7.94,7.75,7.75,166400,0.23
1988-03-18,8.00,8.06,7.88,8.00,101600,0.23
1988-03-17,7.88,8.00,7.88,8.00,55200,0.23
1988-03-16,7.81,7.88,7.81,7.88,44000,0.23
1988-03-15,7.81,7.81,7.81,7.81,800,0.23
1988-03-14,7.81,7.88,7.81,7.81,15200,0.23
1988-03-11,7.88,7.88,7.81,7.81,62400,0.23
1988-03-10,8.00,8.06,7.94,7.94,51200,0.23
1988-03-09,7.94,8.00,7.94,8.00,76800,0.23
1988-03-08,7.88,7.94,7.81,7.94,33600,0.23
1988-03-07,7.94,7.94,7.81,7.88,91200,0.23
1988-03-04,7.37,7.94,7.37,7.94,296000,0.23
1988-03-03,7.37,7.37,7.37,7.37,4800,0.22
1988-03-02,7.44,7.44,7.44,7.44,4800,0.22
1988-03-01,7.44,7.50,7.37,7.37,44000,0.22
1988-02-29,7.50,7.50,7.44,7.44,36800,0.22
1988-02-26,7.50,7.50,7.50,7.50,000,0.22
1988-02-25,7.62,7.62,7.50,7.50,48000,0.22
1988-02-24,7.31,7.62,7.31,7.62,202400,0.22
1988-02-23,7.19,7.31,7.19,7.31,76800,0.21
1988-02-22,7.19,7.19,7.19,7.19,15200,0.21
1988-02-19,7.25,7.25,7.12,7.12,55200,0.21
1988-02-18,6.87,7.25,6.87,7.25,188000,0.21
1988-02-17,6.69,6.81,6.69,6.81,69600,0.20
1988-02-16,6.63,6.69,6.63,6.69,144800,0.20
1988-02-12,6.63,6.63,6.56,6.56,15200,0.19
1988-02-11,6.63,6.63,6.56,6.63,12000,0.19
1988-02-10,6.63,6.63,6.63,6.63,8000,0.19
1988-02-09,6.63,6.63,6.63,6.63,19200,0.19
1988-02-08,6.56,6.56,6.56,6.56,000,0.19
1988-02-05,6.69,6.69,6.56,6.56,62400,0.19
1988-02-04,6.69,6.69,6.69,6.69,800,0.20
1988-02-03,6.69,6.69,6.69,6.69,8000,0.20
1988-02-02,6.63,6.63,6.63,6.63,000,0.19
1988-02-01,6.63,6.69,6.63,6.63,36800,0.19
1988-01-29,6.63,6.63,6.50,6.63,108800,0.19
1988-01-28,6.63,6.63,6.63,6.63,55200,0.19
1988-01-27,6.75,6.75,6.75,6.75,12000,0.20
1988-01-26,6.69,6.75,6.69,6.75,120000,0.20
1988-01-25,6.63,6.63,6.63,6.63,000,0.19
1988-01-22,6.69,6.69,6.63,6.63,22400,0.19
1988-01-21,6.69,6.69,6.69,6.69,800,0.20
1988-01-20,6.69,6.69,6.63,6.69,12000,0.20
1988-01-19,6.69,6.69,6.63,6.69,40800,0.20
1988-01-18,6.69,6.69,6.69,6.69,800,0.20
1988-01-15,6.63,6.69,6.63,6.69,19200,0.20
1988-01-14,6.63,6.63,6.56,6.56,51200,0.19
1988-01-13,6.63,6.63,6.63,6.63,15200,0.19
1988-01-12,6.75,6.75,6.63,6.63,105600,0.19
1988-01-11,6.75,6.75,6.69,6.75,76800,0.20
1988-01-08,6.75,6.75,6.75,6.75,159200,0.20
1988-01-07,6.94,6.94,6.81,6.81,19200,0.20
1988-01-06,7.00,7.00,7.00,7.00,15200,0.20
1988-01-05,6.81,6.94,6.81,6.94,72800,0.20
1988-01-04,6.81,6.81,6.81,6.81,12000,0.20
1987-12-31,6.63,6.75,6.56,6.75,36800,0.20
1987-12-30,6.63,6.63,6.63,6.63,4800,0.19
1987-12-29,6.63,6.63,6.63,6.63,000,0.19
1987-12-28,6.63,6.63,6.63,6.63,8000,0.19
1987-12-24,6.69,6.69,6.69,6.69,12000,0.20
1987-12-23,6.69,6.69,6.69,6.69,58400,0.20
1987-12-22,6.63,6.63,6.63,6.63,48000,0.19
1987-12-21,6.56,6.63,6.56,6.63,48000,0.19
1987-12-18,6.50,6.56,6.44,6.56,105600,0.19
1987-12-17,6.44,6.50,6.44,6.50,108800,0.19
1987-12-16,6.44,6.44,6.44,6.44,15200,0.19
1987-12-15,6.31,6.38,6.31,6.38,29600,0.19
1987-12-14,6.31,6.31,6.31,6.31,000,0.18
1987-12-11,6.38,6.38,6.31,6.31,29600,0.18
1987-12-10,6.38,6.38,6.38,6.38,4800,0.19
1987-12-09,6.31,6.31,6.31,6.31,72800,0.18
1987-12-08,6.38,6.38,6.38,6.38,000,0.19
1987-12-07,6.38,6.38,6.38,6.38,4800,0.19
1987-12-04,6.31,6.38,6.31,6.31,19200,0.18
1987-12-03,6.50,6.50,6.31,6.31,80000,0.18
1987-12-02,6.50,6.50,6.50,6.50,51200,0.19
1987-12-01,6.50,6.50,6.50,6.50,000,0.19
1987-11-30,6.56,6.56,6.50,6.50,36800,0.19
1987-11-27,6.56,6.56,6.56,6.56,4800,0.19
1987-11-25,6.69,6.69,6.50,6.50,58400,0.19
1987-11-24,6.69,6.69,6.69,6.69,15200,0.20
1987-11-23,6.69,6.69,6.69,6.69,000,0.20
1987-11-20,6.69,6.69,6.69,6.69,22400,0.20
1987-11-19,6.63,6.63,6.63,6.63,8000,0.19
1987-11-18,6.56,6.81,6.50,6.63,303200,0.19
1987-11-17,6.56,6.63,6.50,6.56,51200,0.19
1987-11-16,6.69,6.69,6.56,6.56,65600,0.19
1987-11-13,6.69,6.69,6.69,6.69,000,0.20
1987-11-12,6.69,6.69,6.69,6.69,33600,0.20
1987-11-11,6.63,6.69,6.63,6.69,55200,0.20
1987-11-10,6.63,6.63,6.56,6.56,19200,0.19
1987-11-09,6.63,6.63,6.63,6.63,22400,0.19
1987-11-06,6.63,6.63,6.50,6.63,91200,0.19
1987-11-05,6.63,6.63,6.63,6.63,4800,0.19
1987-11-04,6.56,6.63,6.50,6.63,26400,0.19
1987-11-03,6.56,6.56,6.56,6.56,15200,0.19
1987-11-02,6.50,6.50,6.44,6.50,48000,0.19
1987-10-30,6.44,6.50,6.44,6.50,44000,0.19
1987-10-29,6.44,6.44,6.44,6.44,33600,0.19
1987-10-28,6.63,6.63,6.50,6.50,148800,0.19
1987-10-27,6.94,6.94,6.81,6.81,123200,0.20
1987-10-26,7.31,7.31,6.94,6.94,350400,0.20
1987-10-23,7.37,7.44,7.37,7.44,22400,0.22
1987-10-22,7.44,7.44,7.31,7.31,80000,0.21
1987-10-21,7.25,7.44,7.19,7.44,116000,0.22
1987-10-20,7.69,7.69,7.25,7.25,281600,0.21
1987-10-19,9.06,9.06,8.00,8.00,213600,0.23
1987-10-16,9.37,9.37,9.12,9.12,127200,0.27
1987-10-15,9.50,9.50,9.50,9.50,4800,0.28
1987-10-14,9.56,9.56,9.56,9.56,91200,0.28
1987-10-13,9.56,9.62,9.56,9.56,26400,0.28
1987-10-12,9.50,9.50,9.50,9.50,000,0.28
1987-10-09,9.50,9.50,9.50,9.50,000,0.28
1987-10-08,9.50,9.50,9.50,9.50,19200,0.28
1987-10-07,9.50,9.50,9.50,9.50,000,0.28
1987-10-06,9.56,9.56,9.50,9.50,40800,0.28
1987-10-05,9.69,9.69,9.62,9.62,8000,0.28
1987-10-02,9.75,9.75,9.69,9.75,26400,0.29
1987-10-01,9.62,9.75,9.62,9.75,62400,0.29
1987-09-30,9.56,9.62,9.50,9.62,40800,0.28
1987-09-29,9.56,9.56,9.56,9.56,15200,0.28
1987-09-28,9.62,9.62,9.62,9.62,000,0.28
1987-09-25,9.62,9.62,9.62,9.62,000,0.28
1987-09-24,9.62,9.62,9.62,9.62,000,0.28
1987-09-23,9.62,9.62,9.62,9.62,4800,0.28
1987-09-22,9.56,9.56,9.56,9.56,159200,0.28
1987-09-21,9.62,9.62,9.62,9.62,15200,0.28
1987-09-18,9.62,9.62,9.62,9.62,8000,0.28
1987-09-17,9.62,9.62,9.62,9.62,000,0.28
1987-09-16,9.62,9.62,9.62,9.62,000,0.28
1987-09-15,9.62,9.62,9.62,9.62,4800,0.28
1987-09-14,9.75,9.75,9.69,9.69,4800,0.28
1987-09-11,9.75,9.75,9.75,9.75,4800,0.29
1987-09-10,9.69,9.69,9.69,9.69,000,0.28
1987-09-09,9.69,9.69,9.69,9.69,19200,0.28
1987-09-08,9.75,9.81,9.69,9.69,105600,0.28
1987-09-04,9.75,9.75,9.75,9.75,000,0.29
1987-09-03,9.75,9.75,9.75,9.75,33600,0.29
1987-09-02,9.87,9.87,9.81,9.81,62400,0.29
1987-09-01,9.94,9.94,9.94,9.94,15200,0.29
1987-08-31,9.94,9.94,9.94,9.94,33600,0.29
1987-08-28,9.94,9.94,9.94,9.94,800,0.29
1987-08-27,9.94,9.94,9.94,9.94,12000,0.29
1987-08-26,10.06,10.12,10.00,10.00,22400,0.29
1987-08-25,10.06,10.19,10.06,10.06,15200,0.29
1987-08-24,10.06,10.12,10.06,10.06,22400,0.29
1987-08-21,10.00,10.12,10.00,10.06,58400,0.29
1987-08-20,9.87,9.87,9.87,9.87,33600,0.29
1987-08-19,10.00,10.00,9.87,9.87,76800,0.29
1987-08-18,10.00,10.00,10.00,10.00,800,0.29
1987-08-17,10.00,10.00,10.00,10.00,29600,0.29
1987-08-14,10.00,10.06,10.00,10.00,8000,0.29
1987-08-13,10.00,10.00,10.00,10.00,800,0.29
1987-08-12,10.00,10.00,10.00,10.00,19200,0.29
1987-08-11,10.00,10.00,10.00,10.00,000,0.29
1987-08-10,10.00,10.00,10.00,10.00,000,0.29
1987-08-07,10.12,10.19,10.00,10.00,173600,0.29
1987-08-06,10.12,10.12,10.12,10.12,4800,0.30
1987-08-05,10.31,10.31,10.00,10.00,144800,0.29
1987-08-04,10.31,10.31,10.31,10.31,22400,0.30
1987-08-03,10.50,10.50,10.38,10.38,173600,0.30
1987-07-31,10.56,10.63,10.56,10.63,48000,0.31
1987-07-30,10.50,10.50,10.44,10.50,4800,0.31
1987-07-29,10.44,10.50,10.38,10.50,91200,0.31
1987-07-28,10.25,10.56,10.25,10.44,130400,0.31
1987-07-27,10.12,10.25,10.12,10.25,51200,0.30
1987-07-24,9.81,10.00,9.81,10.00,105600,0.29
1987-07-23,9.62,9.75,9.56,9.75,40800,0.29
1987-07-22,9.62,9.62,9.62,9.62,000,0.28
1987-07-21,9.62,9.62,9.62,9.62,000,0.28
1987-07-20,9.62,9.62,9.62,9.62,000,0.28
1987-07-17,9.62,9.62,9.62,9.62,15200,0.28
1987-07-16,9.56,9.56,9.56,9.56,800,0.28
1987-07-15,9.50,9.56,9.50,9.50,29600,0.28
1987-07-14,9.50,9.50,9.50,9.50,15200,0.28
1987-07-13,9.56,9.56,9.56,9.56,4800,0.28
1987-07-10,9.62,9.62,9.62,9.62,12000,0.28
1987-07-09,9.25,9.62,9.25,9.56,180800,0.28
1987-07-08,9.19,9.19,9.19,9.19,15200,0.27
1987-07-07,9.12,9.12,9.12,9.12,8000,0.27
1987-07-06,9.06,9.06,9.06,9.06,800,0.26
1987-07-02,9.12,9.12,9.12,9.12,29600,0.27
1987-07-01,9.06,9.06,9.06,9.06,000,0.26
1987-06-30,9.06,9.06,9.06,9.06,15200,0.26
1987-06-29,9.00,9.00,9.00,9.00,80000,0.26
1987-06-26,9.06,9.06,9.00,9.06,101600,0.26
1987-06-25,9.00,9.12,9.00,9.06,127200,0.26
1987-06-24,9.00,9.00,9.00,9.00,19200,0.26
1987-06-23,9.06,9.06,9.00,9.00,12000,0.26
1987-06-22,9.06,9.06,9.06,9.06,800,0.26
1987-06-19,9.06,9.06,9.06,9.06,000,0.26
1987-06-18,9.06,9.12,9.06,9.06,19200,0.26
1987-06-17,9.06,9.06,9.06,9.06,321600,0.26
1987-06-16,9.12,9.12,9.06,9.12,116000,0.27
1987-06-15,9.12,9.19,9.12,9.12,36800,0.27
1987-06-12,9.12,9.12,9.12,9.12,000,0.27
1987-06-11,9.19,9.19,9.12,9.12,22400,0.27
1987-06-10,8.94,9.25,8.94,9.19,170400,0.27
1987-06-09,8.75,8.88,8.75,8.88,76800,0.26
1987-06-08,8.75,8.75,8.63,8.75,76800,0.26
1987-06-05,8.75,8.75,8.69,8.75,80000,0.26
1987-06-04,8.56,8.81,8.56,8.81,144800,0.26
1987-06-03,8.50,8.50,8.50,8.50,33600,0.25
1987-06-02,8.50,8.63,8.50,8.50,84000,0.25
1987-06-01,8.50,8.50,8.50,8.50,36800,0.25
1987-05-29,8.44,8.50,8.44,8.50,19200,0.25
1987-05-28,8.50,8.50,8.44,8.44,48000,0.25
1987-05-27,8.44,8.50,8.38,8.50,36800,0.25
1987-05-26,8.44,8.56,8.44,8.44,123200,0.25
1987-05-22,8.38,8.44,8.38,8.44,87200,0.25
1987-05-21,8.31,8.31,8.31,8.31,000,0.24
1987-05-20,8.31,8.38,8.31,8.31,48000,0.24
1987-05-19,8.38,8.38,8.25,8.31,156000,0.24
1987-05-18,8.00,8.44,8.00,8.44,310400,0.25
1987-05-15,8.00,8.00,8.00,8.00,8000,0.23
1987-05-14,8.00,8.00,8.00,8.00,48000,0.23
1987-05-13,8.06,8.06,8.06,8.06,000,0.24
1987-05-12,8.06,8.06,8.06,8.06,800,0.24
1987-05-11,8.06,8.06,8.00,8.06,72800,0.24
1987-05-08,8.06,8.06,8.06,8.06,4800,0.24
1987-05-07,8.00,8.00,8.00,8.00,4800,0.23
1987-05-06,8.00,8.00,8.00,8.00,000,0.23
1987-05-05,8.00,8.00,8.00,8.00,130400,0.23
1987-05-04,8.00,8.00,8.00,8.00,12000,0.23
1987-05-01,8.00,8.06,8.00,8.06,8000,0.24
1987-04-30,8.00,8.00,8.00,8.00,000,0.23
1987-04-29,8.00,8.00,8.00,8.00,000,0.23
1987-04-28,8.00,8.00,8.00,8.00,000,0.23
1987-04-27,8.00,8.00,8.00,8.00,15200,0.23
1987-04-24,8.00,8.06,8.00,8.06,19200,0.24
1987-04-23,8.00,8.00,8.00,8.00,33600,0.23
1987-04-22,8.00,8.00,8.00,8.00,4800,0.23
1987-04-21,8.00,8.00,8.00,8.00,36800,0.23
1987-04-20,8.00,8.06,8.00,8.00,48000,0.23
1987-04-16,8.06,8.06,8.00,8.00,36800,0.23
1987-04-15,8.06,8.06,8.06,8.06,173600,0.24
1987-04-14,8.38,8.38,8.25,8.25,80000,0.24
1987-04-13,8.38,8.38,8.38,8.38,44000,0.24
1987-04-10,8.31,8.44,8.31,8.38,91200,0.24
1987-04-09,8.31,8.31,8.31,8.31,15200,0.24
1987-04-08,8.38,8.44,8.38,8.38,29600,0.24
1987-04-07,8.38,8.44,8.38,8.38,36800,0.24
1987-04-06,8.31,8.38,8.25,8.31,76800,0.24
1987-04-03,8.31,8.31,8.31,8.31,29600,0.24
1987-04-02,8.31,8.31,8.31,8.31,800,0.24
1987-04-01,8.31,8.38,8.31,8.38,55200,0.24
1987-03-31,8.25,8.31,8.25,8.31,29600,0.24
1987-03-30,8.69,8.69,8.25,8.25,619200,0.24
1987-03-27,8.75,8.75,8.75,8.75,26400,0.26
1987-03-26,8.19,8.69,8.19,8.69,206400,0.25
1987-03-25,8.19,8.19,8.19,8.19,22400,0.24
1987-03-24,7.94,8.19,7.94,8.19,264000,0.24
1987-03-23,8.00,8.06,7.88,7.94,238400,0.23
1987-03-20,8.19,8.25,8.00,8.00,242400,0.23
1987-03-19,8.19,8.19,8.19,8.19,26400,0.24
1987-03-18,8.19,8.19,8.13,8.13,36800,0.24
1987-03-17,8.25,8.25,8.25,8.25,4800,0.24
1987-03-16,8.31,8.31,8.25,8.31,19200,0.24
1987-03-13,8.44,8.44,8.31,8.31,51200,0.24
1987-03-12,8.50,8.50,8.50,8.50,000,0.25
1987-03-11,8.50,8.50,8.50,8.50,8000,0.25
1987-03-10,8.69,8.69,8.56,8.56,91200,0.25
1987-03-09,8.75,8.75,8.75,8.75,22400,0.26
1987-03-06,8.81,8.81,8.81,8.81,4800,0.26
1987-03-05,8.69,8.88,8.69,8.88,166400,0.26
1987-03-04,8.44,8.69,8.44,8.69,112800,0.25
1987-03-03,8.44,8.50,8.44,8.44,15200,0.25
1987-03-02,8.44,8.44,8.44,8.44,4800,0.25
1987-02-27,8.56,8.56,8.38,8.38,108800,0.24
1987-02-26,8.69,8.75,8.63,8.63,130400,0.25
1987-02-25,8.69,8.75,8.63,8.69,69600,0.25
1987-02-24,8.69,8.69,8.69,8.69,12000,0.25
1987-02-23,8.81,8.81,8.69,8.69,228000,0.25
1987-02-20,8.75,8.81,8.75,8.81,44000,0.26
1987-02-19,8.56,8.81,8.56,8.75,159200,0.26
1987-02-18,8.50,8.56,8.50,8.56,22400,0.25
1987-02-17,8.00,8.56,8.00,8.50,303200,0.25
1987-02-13,7.94,7.94,7.94,7.94,000,0.23
1987-02-12,8.06,8.06,7.94,7.94,48000,0.23
1987-02-11,7.88,8.06,7.88,8.06,156000,0.24
1987-02-10,7.81,7.81,7.81,7.81,4800,0.23
1987-02-09,7.81,7.81,7.81,7.81,15200,0.23
1987-02-06,7.94,7.94,7.88,7.88,76800,0.23
1987-02-05,7.94,8.00,7.94,8.00,12000,0.23
1987-02-04,8.00,8.06,7.94,7.94,69600,0.23
1987-02-03,8.00,8.00,8.00,8.00,58400,0.23
1987-02-02,8.06,8.06,8.06,8.06,15200,0.24
1987-01-30,7.94,8.00,7.88,8.00,44000,0.23
1987-01-29,7.94,7.94,7.94,7.94,000,0.23
1987-01-28,7.94,7.94,7.94,7.94,000,0.23
1987-01-27,7.88,7.94,7.88,7.94,8000,0.23
1987-01-26,7.88,7.88,7.81,7.88,166400,0.23
1987-01-23,8.00,8.00,8.00,8.00,8000,0.23
1987-01-22,8.00,8.06,8.00,8.00,19200,0.23
1987-01-21,8.00,8.00,7.94,8.00,44000,0.23
1987-01-20,8.00,8.13,7.94,8.00,163200,0.23
1987-01-19,8.06,8.06,8.00,8.00,44000,0.23
1987-01-16,8.31,8.31,8.13,8.13,288800,0.24
1987-01-15,8.31,8.38,8.25,8.31,130400,0.24
1987-01-14,8.00,8.38,8.00,8.31,444000,0.24
1987-01-13,7.62,7.88,7.62,7.88,220800,0.23
1987-01-12,7.25,7.56,7.25,7.56,432800,0.22
1987-01-09,7.06,7.19,7.06,7.19,108800,0.21
1987-01-08,7.00,7.06,7.00,7.06,249600,0.21
1987-01-07,6.87,7.00,6.81,6.94,141600,0.20
1987-01-06,6.87,6.87,6.87,6.87,19200,0.20
1987-01-05,6.87,6.87,6.81,6.81,33600,0.20
1987-01-02,6.87,6.87,6.87,6.87,40800,0.20
1986-12-31,6.81,6.87,6.75,6.81,152000,0.20
1986-12-30,6.75,6.81,6.75,6.81,15200,0.20
1986-12-29,6.81,6.81,6.75,6.75,15200,0.20
1986-12-26,6.81,6.87,6.81,6.81,98400,0.20
1986-12-24,6.75,6.75,6.75,6.75,15200,0.20
1986-12-23,6.81,6.81,6.69,6.75,137600,0.20
1986-12-22,6.81,6.81,6.81,6.81,4800,0.20
1986-12-19,6.81,6.81,6.81,6.81,000,0.20
1986-12-18,6.81,6.87,6.81,6.81,55200,0.20
1986-12-17,6.81,6.81,6.81,6.81,8000,0.20
1986-12-16,6.87,6.87,6.87,6.87,4800,0.20
1986-12-15,6.94,6.94,6.87,6.94,40800,0.20
1986-12-12,6.94,7.00,6.94,6.94,44000,0.20
1986-12-11,7.00,7.00,6.94,6.94,48000,0.20
1986-12-10,6.94,7.00,6.94,7.00,69600,0.20
1986-12-09,6.81,6.94,6.81,6.94,44000,0.20
1986-12-08,6.81,6.87,6.81,6.81,130400,0.20
1986-12-05,6.75,6.87,6.63,6.75,105600,0.20
1986-12-04,6.81,6.81,6.75,6.75,8000,0.20
1986-12-03,7.00,7.00,6.81,6.81,101600,0.20
1986-12-02,6.94,7.00,6.94,7.00,98400,0.20
1986-12-01,7.00,7.00,6.87,6.87,62400,0.20
1986-11-28,7.06,7.12,7.00,7.00,44000,0.20
1986-11-26,7.06,7.06,7.06,7.06,12000,0.21
1986-11-25,7.06,7.19,7.06,7.06,166400,0.21
1986-11-24,7.00,7.19,7.00,7.06,651200,0.21
1986-11-21,6.69,6.87,6.69,6.87,281600,0.20
1986-11-20,6.69,6.75,6.63,6.63,55200,0.19
1986-11-19,6.81,6.81,6.69,6.69,105600,0.20
1986-11-18,6.87,6.94,6.81,6.81,26400,0.20
1986-11-17,6.87,6.94,6.81,6.87,51200,0.20
1986-11-14,6.87,6.87,6.87,6.87,19200,0.20
1986-11-13,6.75,6.94,6.75,6.94,156000,0.20
1986-11-12,6.69,6.69,6.69,6.69,22400,0.20
1986-11-11,6.63,6.63,6.63,6.63,26400,0.19
1986-11-10,6.69,6.69,6.63,6.63,36800,0.19
1986-11-07,6.63,6.69,6.56,6.69,87200,0.20
1986-11-06,6.56,6.63,6.50,6.63,404000,0.19
1986-11-05,6.50,6.56,6.50,6.56,483200,0.19
1986-11-04,6.50,6.50,6.50,6.50,152000,0.19
1986-11-03,6.38,6.44,6.38,6.44,40800,0.19
1986-10-31,6.38,6.44,6.38,6.38,12000,0.19
1986-10-30,6.38,6.38,6.38,6.38,000,0.19
1986-10-29,6.38,6.38,6.38,6.38,000,0.19
1986-10-28,6.38,6.38,6.38,6.38,12000,0.19
1986-10-27,6.38,6.38,6.38,6.38,12000,0.19
1986-10-24,6.44,6.44,6.44,6.44,8000,0.19
1986-10-23,6.38,6.38,6.38,6.38,4800,0.19
1986-10-22,6.44,6.44,6.44,6.44,8000,0.19
1986-10-21,6.44,6.44,6.44,6.44,000,0.19
1986-10-20,6.44,6.44,6.44,6.44,4800,0.19
1986-10-17,6.44,6.44,6.44,6.44,000,0.19
1986-10-16,6.44,6.44,6.44,6.44,8000,0.19
1986-10-15,6.50,6.50,6.50,6.50,26400,0.19
1986-10-14,6.38,6.56,6.38,6.56,51200,0.19
1986-10-13,6.38,6.38,6.38,6.38,800,0.19
1986-10-10,6.38,6.44,6.38,6.38,12000,0.19
1986-10-09,6.44,6.44,6.38,6.38,19200,0.19
1986-10-08,6.44,6.50,6.44,6.50,55200,0.19
1986-10-07,6.38,6.38,6.38,6.38,12000,0.19
1986-10-06,6.31,6.31,6.31,6.31,44000,0.18
1986-10-03,6.31,6.31,6.31,6.31,800,0.18
1986-10-02,6.31,6.31,6.31,6.31,000,0.18
1986-10-01,6.31,6.31,6.31,6.31,000,0.18
1986-09-30,6.31,6.31,6.31,6.31,000,0.18
1986-09-29,6.31,6.31,6.31,6.31,58400,0.18
1986-09-26,6.31,6.31,6.31,6.31,000,0.18
1986-09-25,6.31,6.38,6.31,6.31,72800,0.18
1986-09-24,6.31,6.31,6.31,6.31,26400,0.18
1986-09-23,6.25,6.25,6.25,6.25,4800,0.18
1986-09-22,6.25,6.25,6.25,6.25,000,0.18
1986-09-19,6.25,6.25,6.25,6.25,800,0.18
1986-09-18,6.25,6.25,6.25,6.25,000,0.18
1986-09-17,6.25,6.25,6.25,6.25,123200,0.18
1986-09-16,6.31,6.31,6.31,6.31,36800,0.18
1986-09-15,6.38,6.38,6.38,6.38,12000,0.19
1986-09-12,6.44,6.44,6.44,6.44,336000,0.19
1986-09-11,6.44,6.44,6.31,6.44,199200,0.19
1986-09-10,6.44,6.44,6.44,6.44,22400,0.19
1986-09-09,6.50,6.56,6.44,6.50,48000,0.19
1986-09-08,6.44,6.50,6.44,6.50,22400,0.19
1986-09-05,6.44,6.50,6.44,6.44,40800,0.19
1986-09-04,6.44,6.44,6.44,6.44,19200,0.19
1986-09-03,6.44,6.44,6.44,6.44,360800,0.19
1986-09-02,6.50,6.50,6.50,6.50,4800,0.19
1986-08-29,6.50,6.50,6.50,6.50,8000,0.19
1986-08-28,6.44,6.50,6.44,6.44,40800,0.19
1986-08-27,6.44,6.44,6.44,6.44,8000,0.19
1986-08-26,6.50,6.56,6.44,6.44,152000,0.19
1986-08-25,6.50,6.63,6.50,6.50,504800,0.19
1986-08-22,6.06,6.50,6.06,6.50,576000,0.19
1986-08-21,6.06,6.06,6.06,6.06,148800,0.18
1986-08-20,6.06,6.06,6.06,6.06,800,0.18
1986-08-19,6.06,6.06,6.06,6.06,141600,0.18
1986-08-18,6.06,6.06,6.06,6.06,000,0.18
1986-08-15,6.06,6.06,6.06,6.06,4800,0.18
1986-08-14,6.06,6.06,6.06,6.06,800,0.18
1986-08-13,6.06,6.06,6.06,6.06,4800,0.18
1986-08-12,6.06,6.13,6.06,6.06,8000,0.18
1986-08-11,6.06,6.06,6.06,6.06,33600,0.18
1986-08-08,6.06,6.06,6.06,6.06,12000,0.18
1986-08-07,6.06,6.06,6.06,6.06,800,0.18
1986-08-06,6.06,6.06,6.06,6.06,000,0.18
1986-08-05,6.06,6.06,6.06,6.06,19200,0.18
1986-08-04,6.06,6.06,6.06,6.06,58400,0.18
1986-08-01,6.06,6.06,6.06,6.06,29600,0.18
1986-07-31,6.06,6.06,6.06,6.06,000,0.18
1986-07-30,6.06,6.06,6.06,6.06,000,0.18
1986-07-29,6.06,6.06,6.06,6.06,12000,0.18
1986-07-28,6.06,6.06,6.06,6.06,44000,0.18
1986-07-25,6.06,6.06,6.06,6.06,108800,0.18
1986-07-24,6.06,6.06,6.06,6.06,000,0.18
1986-07-23,6.06,6.06,6.06,6.06,800,0.18
1986-07-22,6.13,6.13,6.13,6.13,000,0.18
1986-07-21,6.06,6.13,6.06,6.13,8000,0.18
1986-07-18,6.06,6.06,6.06,6.06,33600,0.18
1986-07-17,6.06,6.06,6.06,6.06,12000,0.18
1986-07-16,6.06,6.13,6.06,6.13,36800,0.18
1986-07-15,6.06,6.06,6.06,6.06,000,0.18
1986-07-14,6.06,6.06,6.06,6.06,000,0.18
1986-07-11,6.06,6.06,6.06,6.06,19200,0.18
1986-07-10,6.06,6.06,6.06,6.06,26400,0.18
1986-07-09,6.06,6.06,6.06,6.06,245600,0.18
1986-07-08,6.06,6.06,6.06,6.06,36800,0.18
1986-07-07,6.13,6.13,6.13,6.13,87200,0.18
1986-07-03,6.13,6.13,6.13,6.13,800,0.18
1986-07-02,6.13,6.13,6.13,6.13,19200,0.18
1986-07-01,6.13,6.13,6.13,6.13,15200,0.18
1986-06-30,6.13,6.13,6.13,6.13,800,0.18
1986-06-27,6.19,6.19,6.19,6.19,8000,0.18
1986-06-26,6.19,6.25,6.19,6.25,33600,0.18
1986-06-25,6.19,6.19,6.13,6.13,22400,0.18
1986-06-24,6.19,6.19,6.19,6.19,000,0.18
1986-06-23,6.13,6.19,6.13,6.19,4800,0.18
1986-06-20,6.13,6.13,6.13,6.13,51200,0.18
1986-06-19,6.13,6.13,6.13,6.13,800,0.18
1986-06-18,6.13,6.13,6.13,6.13,15200,0.18
1986-06-17,6.13,6.13,6.13,6.13,26400,0.18
1986-06-16,6.13,6.19,6.06,6.13,36800,0.18
1986-06-13,6.13,6.19,6.13,6.13,40800,0.18
1986-06-12,6.06,6.06,6.06,6.06,69600,0.18
1986-06-11,6.06,6.06,6.06,6.06,000,0.18
1986-06-10,6.06,6.06,6.06,6.06,19200,0.18
1986-06-09,6.06,6.06,6.06,6.06,148800,0.18
1986-06-06,6.06,6.06,6.06,6.06,33600,0.18
1986-06-05,6.06,6.06,6.06,6.06,000,0.18
1986-06-04,6.06,6.06,6.06,6.06,15200,0.18
1986-06-03,6.06,6.06,6.06,6.06,62400,0.18
1986-06-02,6.13,6.13,6.13,6.13,130400,0.18
1986-05-30,6.13,6.13,6.13,6.13,8000,0.18
1986-05-29,6.13,6.13,6.13,6.13,15200,0.18
1986-05-28,6.19,6.19,6.13,6.13,127200,0.18
1986-05-27,6.25,6.25,6.25,6.25,4800,0.18
1986-05-23,6.19,6.19,6.19,6.19,800,0.18
1986-05-22,6.13,6.13,6.13,6.13,55200,0.18
1986-05-21,6.13,6.13,6.13,6.13,800,0.18
1986-05-20,6.13,6.13,6.13,6.13,19200,0.18
1986-05-19,6.13,6.13,6.13,6.13,12000,0.18
1986-05-16,6.25,6.25,6.13,6.19,62400,0.18
1986-05-15,6.31,6.31,6.31,6.31,800,0.18
1986-05-14,6.31,6.31,6.25,6.31,159200,0.18
1986-05-13,6.38,6.38,6.31,6.31,8000,0.18
1986-05-12,6.38,6.38,6.31,6.38,55200,0.19
1986-05-09,6.38,6.38,6.31,6.38,108800,0.19
1986-05-08,6.50,6.50,6.44,6.44,216800,0.19
1986-05-07,6.44,6.50,6.44,6.50,26400,0.19
1986-05-06,6.44,6.44,6.44,6.44,33600,0.19
1986-05-05,6.50,6.50,6.50,6.50,130400,0.19
1986-05-02,6.56,6.63,6.50,6.50,91200,0.19
1986-05-01,6.13,6.56,6.06,6.56,199200,0.19
1986-04-30,6.13,6.13,6.06,6.13,76800,0.18
1986-04-29,6.19,6.25,6.13,6.13,130400,0.18
1986-04-28,6.31,6.31,6.19,6.19,159200,0.18
1986-04-25,6.31,6.31,6.31,6.31,4800,0.18
1986-04-24,6.31,6.31,6.31,6.31,15200,0.18
1986-04-23,6.31,6.38,6.31,6.31,26400,0.18
1986-04-22,6.13,6.31,6.13,6.31,163200,0.18
1986-04-21,6.06,6.06,6.06,6.06,800,0.18
1986-04-18,6.13,6.13,6.06,6.06,69600,0.18
1986-04-17,6.00,6.13,6.00,6.13,48000,0.18
1986-04-16,6.00,6.00,6.00,6.00,216800,0.18
1986-04-15,5.94,5.94,5.94,5.94,4800,0.17
1986-04-14,5.88,5.94,5.88,5.94,206400,0.17
1986-04-11,5.88,5.94,5.88,5.88,12000,0.17
1986-04-10,5.88,5.88,5.88,5.88,19200,0.17
1986-04-09,5.94,5.94,5.88,5.94,87200,0.17
1986-04-08,5.94,5.94,5.88,5.94,105600,0.17
1986-04-07,5.94,5.94,5.94,5.94,26400,0.17
1986-04-04,6.06,6.06,5.94,5.94,58400,0.17
1986-04-03,5.94,6.13,5.94,6.06,228000,0.18
1986-04-02,5.81,5.94,5.81,5.94,120000,0.17
1986-04-01,5.75,5.75,5.75,5.75,4800,0.17
1986-03-31,5.69,5.69,5.69,5.69,120000,0.17
1986-03-27,5.62,5.69,5.50,5.69,173600,0.17
1986-03-26,5.62,5.69,5.56,5.62,292800,0.16
1986-03-25,5.62,5.62,5.62,5.62,310400,0.16
1986-03-24,5.56,5.62,5.56,5.62,156000,0.16
1986-03-21,5.62,5.62,5.56,5.56,120000,0.16
1986-03-20,5.50,5.62,5.50,5.62,108800,0.16
1986-03-19,5.50,5.56,5.50,5.50,19200,0.16
1986-03-18,5.50,5.50,5.44,5.50,120000,0.16
1986-03-17,5.56,5.56,5.56,5.56,12000,0.16
1986-03-14,5.50,5.50,5.50,5.50,40800,0.16
1986-03-13,5.50,5.50,5.50,5.50,80000,0.16
1986-03-12,5.56,5.62,5.50,5.50,249600,0.16
1986-03-11,5.56,5.62,5.56,5.56,105600,0.16
1986-03-10,5.50,5.56,5.50,5.56,216800,0.16
1986-03-07,5.50,5.56,5.50,5.50,36800,0.16
1986-03-06,5.50,5.50,5.50,5.50,000,0.16
1986-03-05,5.50,5.56,5.50,5.50,94400,0.16
1986-03-04,5.50,5.50,5.50,5.50,8000,0.16
1986-03-03,5.50,5.50,5.50,5.50,19200,0.16
1986-02-28,5.44,5.50,5.37,5.50,127200,0.16
1986-02-27,5.44,5.44,5.44,5.44,15200,0.16
1986-02-26,5.44,5.44,5.44,5.44,8000,0.16
1986-02-25,5.50,5.50,5.44,5.44,108800,0.16
1986-02-24,5.50,5.56,5.50,5.50,51200,0.16
1986-02-21,5.50,5.50,5.50,5.50,51200,0.16
1986-02-20,5.56,5.56,5.56,5.56,800,0.16
1986-02-19,5.56,5.56,5.50,5.50,105600,0.16
1986-02-18,5.50,5.56,5.50,5.56,195200,0.16
1986-02-14,5.50,5.50,5.50,5.50,8000,0.16
1986-02-13,5.44,5.44,5.37,5.44,123200,0.16
1986-02-12,5.44,5.50,5.44,5.50,40800,0.16
1986-02-11,5.50,5.50,5.44,5.44,19200,0.16
1986-02-10,5.44,5.50,5.44,5.50,4800,0.16
1986-02-07,5.44,5.50,5.44,5.44,40800,0.16
1986-02-06,5.50,5.50,5.44,5.44,87200,0.16
1986-02-05,5.50,5.50,5.44,5.50,15200,0.16
1986-02-04,5.50,5.50,5.50,5.50,4800,0.16
1986-02-03,5.50,5.50,5.44,5.50,80000,0.16
1986-01-31,5.50,5.50,5.50,5.50,12000,0.16
1986-01-30,5.44,5.44,5.44,5.44,15200,0.16
1986-01-29,5.37,5.37,5.37,5.37,108800,0.16
1986-01-28,5.44,5.44,5.44,5.44,8000,0.16
1986-01-27,5.37,5.37,5.37,5.37,8000,0.16
1986-01-24,5.44,5.50,5.44,5.44,40800,0.16
1986-01-23,5.44,5.50,5.37,5.37,360800,0.16
1986-01-22,5.44,5.44,5.44,5.44,15200,0.16
1986-01-21,5.50,5.50,5.50,5.50,84000,0.16
1986-01-20,5.31,5.37,5.31,5.37,36800,0.16
1986-01-17,5.12,5.31,5.12,5.31,72800,0.16
1986-01-16,5.25,5.25,5.00,5.12,249600,0.15
1986-01-15,5.69,5.69,5.37,5.37,213600,0.16
1986-01-14,5.75,5.81,5.62,5.69,69600,0.17
1986-01-13,5.75,5.75,5.75,5.75,36800,0.17
1986-01-10,5.75,5.75,5.75,5.75,8000,0.17
1986-01-09,5.81,5.81,5.81,5.81,800,0.17
1986-01-08,5.88,5.88,5.88,5.88,15200,0.17
1986-01-07,5.75,5.94,5.75,5.94,76800,0.17
1986-01-06,5.62,5.69,5.56,5.69,144800,0.17
1986-01-03,5.56,5.69,5.50,5.62,84000,0.16
1986-01-02,5.56,5.62,5.56,5.56,12000,0.16
1985-12-31,5.50,5.62,5.50,5.56,36800,0.16
1985-12-30,5.88,5.88,5.50,5.50,285600,0.16
1985-12-27,5.81,5.94,5.81,5.94,26400,0.17
1985-12-26,5.75,5.75,5.75,5.75,4800,0.17
1985-12-24,5.69,5.69,5.62,5.69,48000,0.17
1985-12-23,5.81,5.81,5.81,5.81,000,0.17
1985-12-20,5.81,5.81,5.81,5.81,800,0.17
1985-12-19,5.81,5.81,5.81,5.81,15200,0.17
1985-12-18,5.94,5.94,5.81,5.81,29600,0.17
1985-12-17,6.00,6.00,5.94,5.94,29600,0.17
1985-12-16,6.25,6.25,6.06,6.13,144800,0.18
1985-12-13,6.25,6.25,6.25,6.25,12000,0.18
1985-12-12,6.25,6.25,6.25,6.25,8000,0.18
1985-12-11,6.13,6.19,6.13,6.19,22400,0.18
1985-12-10,6.13,6.13,6.13,6.13,36800,0.18
1985-12-09,6.13,6.13,6.13,6.13,000,0.18
1985-12-06,6.13,6.13,6.13,6.13,29600,0.18
1985-12-05,6.06,6.19,6.06,6.19,130400,0.18
1985-12-04,6.06,6.06,6.06,6.06,4800,0.18
1985-12-03,6.06,6.06,6.06,6.06,4800,0.18
1985-12-02,6.06,6.13,6.06,6.06,40800,0.18
1985-11-29,6.06,6.06,6.06,6.06,4800,0.18
1985-11-27,6.25,6.25,6.06,6.06,72800,0.18
1985-11-26,6.31,6.31,6.31,6.31,19200,0.18
1985-11-25,6.38,6.38,6.38,6.38,000,0.19
1985-11-22,6.38,6.38,6.38,6.38,000,0.19
1985-11-21,6.38,6.38,6.31,6.38,8000,0.19
1985-11-20,6.38,6.38,6.38,6.38,26400,0.19
1985-11-19,6.31,6.38,6.31,6.38,58400,0.19
1985-11-18,6.25,6.31,6.13,6.31,188000,0.18
1985-11-15,6.13,6.25,6.13,6.25,220800,0.18
1985-11-14,5.94,6.00,5.94,6.00,33600,0.18
1985-11-13,5.88,5.88,5.88,5.88,000,0.17
1985-11-12,5.88,5.88,5.88,5.88,58400,0.17
1985-11-11,5.81,5.81,5.69,5.81,40800,0.17
1985-11-08,5.75,5.81,5.75,5.81,12000,0.17
1985-11-07,5.88,5.88,5.75,5.75,19200,0.17
1985-11-06,5.94,5.94,5.88,5.88,12000,0.17
1985-11-05,6.00,6.00,6.00,6.00,000,0.18
1985-11-04,6.00,6.00,5.94,6.00,12000,0.18
1985-11-01,6.00,6.00,6.00,6.00,800,0.18
1985-10-31,6.00,6.00,6.00,6.00,800,0.18
1985-10-30,6.06,6.06,6.06,6.06,8000,0.18
1985-10-29,6.06,6.06,6.06,6.06,000,0.18
1985-10-28,6.06,6.06,6.06,6.06,22400,0.18
1985-10-25,6.06,6.06,6.06,6.06,000,0.18
1985-10-24,6.06,6.06,6.06,6.06,4800,0.18
1985-10-23,6.13,6.19,6.06,6.06,55200,0.18
1985-10-22,6.13,6.19,6.13,6.13,19200,0.18
1985-10-21,6.13,6.13,6.13,6.13,12000,0.18
1985-10-18,6.06,6.13,6.00,6.00,346400,0.18
1985-10-17,6.06,6.06,6.06,6.06,000,0.18
1985-10-16,6.13,6.13,6.06,6.06,4800,0.18
1985-10-15,6.06,6.13,6.06,6.13,8000,0.18
1985-10-14,6.06,6.06,6.06,6.06,22400,0.18
1985-10-11,6.06,6.06,6.06,6.06,800,0.18
1985-10-10,6.06,6.06,6.06,6.06,44000,0.18
1985-10-09,6.13,6.19,6.13,6.13,19200,0.18
1985-10-08,6.06,6.06,6.06,6.06,15200,0.18
1985-10-07,6.19,6.19,6.06,6.06,84000,0.18
1985-10-04,6.25,6.25,6.25,6.25,000,0.18
1985-10-03,6.25,6.25,6.25,6.25,000,0.18
1985-10-02,6.25,6.25,6.25,6.25,000,0.18
1985-10-01,6.19,6.25,6.13,6.25,127200,0.18
1985-09-30,6.13,6.19,6.13,6.19,22400,0.18
1985-09-26,6.13,6.13,6.13,6.13,36800,0.18
1985-09-25,6.13,6.13,6.13,6.13,15200,0.18
1985-09-24,6.13,6.13,6.13,6.13,15200,0.18
1985-09-23,6.13,6.19,6.13,6.19,12000,0.18
1985-09-20,6.19,6.19,6.13,6.13,33600,0.18
1985-09-19,6.06,6.19,6.06,6.19,40800,0.18
1985-09-18,6.06,6.06,6.06,6.06,4800,0.18
1985-09-17,6.13,6.13,6.06,6.06,48000,0.18
1985-09-16,6.13,6.19,6.13,6.13,8000,0.18
1985-09-13,6.06,6.06,6.06,6.06,8000,0.18
1985-09-12,6.13,6.13,6.06,6.06,22400,0.18
1985-09-11,6.13,6.13,6.13,6.13,4800,0.18
1985-09-10,6.13,6.19,6.13,6.13,26400,0.18
1985-09-09,6.06,6.06,6.06,6.06,4800,0.18
1985-09-06,6.13,6.13,6.06,6.13,19200,0.18
1985-09-05,6.13,6.13,6.13,6.13,800,0.18
1985-09-04,6.25,6.25,6.13,6.13,40800,0.18
1985-09-03,6.31,6.31,6.25,6.31,36800,0.18
1985-08-30,6.31,6.31,6.25,6.31,29600,0.18
1985-08-29,6.38,6.38,6.38,6.38,4800,0.19
1985-08-28,6.31,6.31,6.31,6.31,8000,0.18
1985-08-27,6.38,6.38,6.38,6.38,4800,0.19
1985-08-26,6.38,6.38,6.31,6.31,29600,0.18
1985-08-23,6.38,6.38,6.38,6.38,800,0.19
1985-08-22,6.44,6.44,6.44,6.44,800,0.19
1985-08-21,6.31,6.38,6.31,6.38,87200,0.19
1985-08-20,6.25,6.25,6.25,6.25,4800,0.18
1985-08-19,6.25,6.25,6.25,6.25,4800,0.18
1985-08-16,6.31,6.31,6.31,6.31,000,0.18
1985-08-15,6.25,6.31,6.25,6.31,19200,0.18
1985-08-14,6.25,6.25,6.25,6.25,4800,0.18
1985-08-13,6.31,6.38,6.31,6.31,44000,0.18
1985-08-12,6.31,6.31,6.31,6.31,15200,0.18
1985-08-09,6.38,6.38,6.38,6.38,800,0.19
1985-08-08,6.31,6.31,6.31,6.31,4800,0.18
1985-08-07,6.44,6.44,6.31,6.31,44000,0.18
1985-08-06,6.44,6.44,6.38,6.44,8000,0.19
1985-08-05,6.44,6.44,6.38,6.44,12000,0.19
1985-08-02,6.44,6.44,6.44,6.44,19200,0.19
1985-08-01,6.38,6.38,6.38,6.38,000,0.19
1985-07-31,6.50,6.50,6.38,6.38,116000,0.19
1985-07-30,6.63,6.63,6.50,6.56,170400,0.19
1985-07-29,6.69,6.75,6.69,6.69,94400,0.20
1985-07-26,6.75,6.75,6.69,6.69,137600,0.20
1985-07-25,6.75,6.75,6.75,6.75,69600,0.20
1985-07-24,6.63,6.69,6.56,6.69,447200,0.20
1985-07-23,6.87,6.87,6.63,6.63,568800,0.19
1985-07-22,6.13,6.94,6.13,6.87,2474400,0.20
1985-07-19,5.69,5.69,5.69,5.69,4800,0.17
1985-07-18,5.75,5.81,5.75,5.75,33600,0.17
1985-07-17,5.69,5.75,5.69,5.75,72800,0.17
1985-07-16,5.69,5.69,5.69,5.69,8000,0.17
1985-07-15,5.62,5.69,5.62,5.69,48000,0.17
1985-07-12,5.69,5.69,5.62,5.62,55200,0.16
1985-07-11,5.69,5.69,5.69,5.69,12000,0.17
1985-07-10,5.62,5.62,5.62,5.62,800,0.16
1985-07-09,5.69,5.69,5.69,5.69,12000,0.17
1985-07-08,5.56,5.69,5.50,5.69,123200,0.17
1985-07-05,5.56,5.56,5.56,5.56,000,0.16
1985-07-03,5.56,5.56,5.50,5.56,40800,0.16
1985-07-02,5.56,5.62,5.56,5.62,8000,0.16
1985-07-01,5.56,5.56,5.50,5.56,76800,0.16
1985-06-28,5.69,5.69,5.62,5.62,69600,0.16
1985-06-27,5.88,5.88,5.81,5.81,40800,0.17
1985-06-26,5.88,5.94,5.88,5.88,33600,0.17
1985-06-25,5.88,5.88,5.88,5.88,19200,0.17
1985-06-24,5.94,6.00,5.88,5.88,48000,0.17
1985-06-21,5.94,5.94,5.94,5.94,000,0.17
1985-06-20,5.94,5.94,5.94,5.94,000,0.17
1985-06-19,5.94,5.94,5.94,5.94,4800,0.17
1985-06-18,5.94,5.94,5.94,5.94,000,0.17
1985-06-17,5.94,5.94,5.94,5.94,000,0.17
1985-06-14,5.94,5.94,5.94,5.94,8000,0.17
1985-06-13,6.00,6.00,6.00,6.00,4800,0.18
1985-06-12,5.94,5.94,5.94,5.94,22400,0.17
1985-06-11,6.00,6.06,5.94,5.94,123200,0.17
1985-06-10,6.00,6.00,6.00,6.00,33600,0.18
1985-06-07,5.94,6.00,5.94,6.00,76800,0.18
1985-06-06,5.94,5.94,5.94,5.94,000,0.17
1985-06-05,6.00,6.00,5.94,5.94,44000,0.17
1985-06-04,6.00,6.00,5.94,6.00,15200,0.18
1985-06-03,6.00,6.06,6.00,6.00,26400,0.18
1985-05-31,6.00,6.00,6.00,6.00,76800,0.18
1985-05-30,6.06,6.13,6.06,6.06,29600,0.18
1985-05-29,6.06,6.06,6.06,6.06,800,0.18
1985-05-28,6.06,6.06,6.06,6.06,800,0.18
1985-05-24,6.06,6.06,6.06,6.06,000,0.18
1985-05-23,6.06,6.06,6.06,6.06,4800,0.18
1985-05-22,6.13,6.13,6.06,6.13,8000,0.18
1985-05-21,6.25,6.25,6.13,6.13,192000,0.18
1985-05-20,6.31,6.38,6.25,6.25,76800,0.18
1985-05-17,6.31,6.31,6.31,6.31,4800,0.18
1985-05-16,6.38,6.38,6.31,6.38,40800,0.19
1985-05-15,6.25,6.38,6.25,6.38,15200,0.19
1985-05-14,6.25,6.25,6.25,6.25,000,0.18
1985-05-13,6.25,6.25,6.25,6.25,36800,0.18
1985-05-10,6.31,6.31,6.25,6.25,19200,0.18
1985-05-09,6.31,6.38,6.31,6.31,55200,0.18
1985-05-08,6.19,6.38,6.19,6.31,101600,0.18
1985-05-07,6.13,6.13,6.13,6.13,800,0.18
1985-05-06,6.13,6.13,6.13,6.13,000,0.18
1985-05-03,6.13,6.13,6.13,6.13,19200,0.18
1985-05-02,6.19,6.19,6.19,6.19,800,0.18
1985-05-01,6.06,6.13,6.06,6.13,22400,0.18
1985-04-30,6.13,6.13,6.06,6.06,213600,0.18
1985-04-29,6.13,6.19,6.13,6.13,87200,0.18
1985-04-26,6.13,6.13,6.13,6.13,15200,0.18
1985-04-25,6.13,6.13,6.13,6.13,000,0.18
1985-04-24,6.13,6.13,6.13,6.13,19200,0.18
1985-04-23,6.19,6.25,6.13,6.19,281600,0.18
1985-04-22,6.06,6.19,6.00,6.19,98400,0.18
1985-04-19,6.06,6.06,6.06,6.06,180800,0.18
1985-04-18,6.44,6.44,6.19,6.19,314400,0.18
1985-04-17,6.56,6.63,6.56,6.56,108800,0.19
1985-04-16,6.50,6.56,6.50,6.50,336000,0.19
1985-04-15,6.50,6.50,6.50,6.50,228000,0.19
1985-04-12,6.50,6.56,6.50,6.56,48000,0.19
1985-04-11,6.50,6.50,6.50,6.50,72800,0.19
1985-04-10,6.63,6.63,6.50,6.50,512000,0.19
1985-04-09,6.69,6.69,6.69,6.69,800,0.20
1985-04-08,6.56,6.63,6.56,6.56,36800,0.19
1985-04-04,6.56,6.56,6.56,6.56,101600,0.19
1985-04-03,6.56,6.56,6.56,6.56,12000,0.19
1985-04-02,6.56,6.63,6.56,6.56,12000,0.19
1985-04-01,6.56,6.63,6.56,6.56,148800,0.19
1985-03-29,6.50,6.50,6.50,6.50,44000,0.19
1985-03-28,6.56,6.56,6.50,6.50,65600,0.19
1985-03-27,6.56,6.56,6.50,6.56,662400,0.19
1985-03-26,6.50,6.56,6.50,6.56,80000,0.19
1985-03-25,6.63,6.63,6.50,6.50,94400,0.19
1985-03-22,6.63,6.69,6.63,6.63,58400,0.19
1985-03-21,6.56,6.63,6.56,6.63,256800,0.19
1985-03-20,6.81,6.81,6.50,6.56,148800,0.19
1985-03-19,6.81,6.81,6.81,6.81,4800,0.20
1985-03-18,6.81,6.81,6.81,6.81,800,0.20
1985-03-15,7.00,7.00,6.94,6.94,8000,0.20
1985-03-14,7.00,7.00,6.94,7.00,12000,0.20
1985-03-13,7.00,7.00,7.00,7.00,58400,0.20
1985-03-12,7.06,7.06,7.06,7.06,8000,0.21
1985-03-11,7.06,7.06,7.06,7.06,51200,0.21
1985-03-08,7.19,7.19,7.12,7.12,44000,0.21
1985-03-07,7.12,7.25,7.12,7.25,51200,0.21
1985-03-06,7.12,7.19,7.12,7.12,36800,0.21
1985-03-05,7.06,7.12,7.06,7.12,44000,0.21
1985-03-04,7.00,7.06,7.00,7.06,4800,0.21
1985-03-01,7.00,7.06,7.00,7.00,40800,0.20
1985-02-28,7.00,7.06,7.00,7.00,19200,0.20
1985-02-27,7.00,7.00,7.00,7.00,8000,0.20
1985-02-26,7.00,7.12,7.00,7.00,40800,0.20
1985-02-25,7.06,7.06,7.00,7.00,55200,0.20
1985-02-22,7.06,7.06,7.06,7.06,12000,0.21
1985-02-21,7.06,7.06,7.00,7.00,130400,0.20
1985-02-20,7.12,7.31,7.06,7.12,532800,0.21
1985-02-19,6.81,7.12,6.81,7.12,159200,0.21
1985-02-15,6.81,6.81,6.81,6.81,4800,0.20
1985-02-14,6.94,6.94,6.81,6.81,51200,0.20
1985-02-13,7.06,7.06,6.94,7.00,101600,0.20
1985-02-12,7.12,7.12,7.00,7.06,33600,0.21
1985-02-11,7.19,7.25,7.06,7.12,94400,0.21
1985-02-08,7.06,7.19,7.06,7.19,36800,0.21
1985-02-07,6.87,7.12,6.87,7.00,720000,0.20
1985-02-06,6.63,6.75,6.50,6.75,353600,0.20
1985-02-05,6.75,6.94,6.50,6.63,1092000,0.19
1985-02-04,6.81,6.81,6.50,6.75,547200,0.20
1985-02-01,6.87,6.87,6.87,6.87,800,0.20
1985-01-31,6.87,6.87,6.81,6.81,26400,0.20
1985-01-30,6.94,7.06,6.87,6.87,159200,0.20
1985-01-29,6.94,6.94,6.87,6.94,33600,0.20
1985-01-28,6.87,6.94,6.87,6.94,116000,0.20
1985-01-25,6.69,6.75,6.69,6.75,40800,0.20
1985-01-24,6.63,6.75,6.63,6.63,40800,0.19
1985-01-23,6.63,6.75,6.63,6.63,180800,0.19
1985-01-22,6.63,6.75,6.63,6.63,188000,0.19
1985-01-21,6.63,6.63,6.56,6.63,36800,0.19
1985-01-18,6.50,6.75,6.50,6.63,76800,0.19
1985-01-17,6.50,6.50,6.44,6.50,12000,0.19
1985-01-16,6.44,6.50,6.44,6.50,44000,0.19
1985-01-15,6.44,6.44,6.38,6.44,8000,0.19
1985-01-14,6.38,6.44,6.31,6.44,40800,0.19
1985-01-11,6.38,6.38,6.38,6.38,15200,0.19
1985-01-10,6.38,6.38,6.38,6.38,000,0.19
1985-01-09,6.38,6.38,6.38,6.38,800,0.19
1985-01-08,6.38,6.44,6.38,6.38,29600,0.19
1985-01-07,6.38,6.44,6.38,6.38,19200,0.19
1985-01-04,6.38,6.38,6.31,6.31,65600,0.18
1985-01-03,6.44,6.44,6.38,6.38,44000,0.19
1985-01-02,6.44,6.44,6.44,6.44,4800,0.19
1984-12-31,6.44,6.44,6.44,6.44,36800,0.19
1984-12-28,6.31,6.31,6.31,6.31,8000,0.18
1984-12-27,6.38,6.38,6.38,6.38,800,0.19
1984-12-26,6.31,6.38,6.31,6.31,148800,0.18
1984-12-24,6.31,6.31,6.31,6.31,48000,0.18
1984-12-21,6.31,6.38,6.31,6.31,4800,0.18
1984-12-20,6.38,6.38,6.31,6.31,33600,0.18
1984-12-19,6.31,6.44,6.31,6.44,48000,0.19
1984-12-18,6.31,6.38,6.31,6.31,19200,0.18
1984-12-17,6.19,6.25,6.13,6.25,51200,0.18
1984-12-14,6.19,6.19,6.13,6.19,22400,0.18
1984-12-13,6.25,6.25,6.19,6.19,48000,0.18
1984-12-12,6.19,6.25,6.19,6.25,4800,0.18
1984-12-11,6.25,6.25,6.19,6.19,33600,0.18
1984-12-10,6.13,6.25,6.13,6.25,22400,0.18
1984-12-07,6.00,6.06,6.00,6.06,40800,0.18
1984-12-06,5.94,6.00,5.94,6.00,33600,0.18
1984-12-05,5.88,5.94,5.88,5.94,51200,0.17
1984-12-04,5.88,5.88,5.88,5.88,12000,0.17
1984-12-03,5.81,5.88,5.81,5.88,22400,0.17
1984-11-30,5.88,5.94,5.81,5.81,44000,0.17
1984-11-29,5.88,5.94,5.88,5.88,51200,0.17
1984-11-28,5.75,5.88,5.75,5.88,76800,0.17
1984-11-27,5.75,5.81,5.69,5.75,22400,0.17
1984-11-26,5.75,5.81,5.75,5.75,94400,0.17
1984-11-23,5.50,5.62,5.37,5.62,252800,0.16
1984-11-21,5.50,5.50,5.44,5.50,48000,0.16
1984-11-20,5.50,5.50,5.44,5.50,58400,0.16
1984-11-19,5.62,5.62,5.50,5.50,72800,0.16
1984-11-16,5.62,5.62,5.62,5.62,48000,0.16
1984-11-15,5.69,5.69,5.69,5.69,4800,0.17
1984-11-14,5.69,5.75,5.69,5.75,26400,0.17
1984-11-13,5.69,5.75,5.69,5.69,62400,0.17
1984-11-12,5.69,5.75,5.69,5.69,44000,0.17
1984-11-09,5.69,5.69,5.69,5.69,76800,0.17
1984-11-08,5.62,5.69,5.62,5.69,130400,0.17
1984-11-07,5.62,5.62,5.56,5.56,48000,0.16
1984-11-06,5.50,5.75,5.44,5.62,184800,0.16
1984-11-05,5.50,5.50,5.50,5.50,36800,0.16
1984-11-02,5.37,5.50,5.37,5.50,98400,0.16
1984-11-01,5.31,5.37,5.31,5.37,84000,0.16
1984-10-31,5.37,5.37,5.25,5.25,69600,0.15
1984-10-30,5.50,5.50,5.37,5.37,65600,0.16
1984-10-29,5.69,5.69,5.56,5.56,98400,0.16
1984-10-26,5.69,5.69,5.69,5.69,800,0.17
1984-10-25,5.75,5.75,5.62,5.75,58400,0.17
1984-10-24,5.75,5.81,5.75,5.75,29600,0.17
1984-10-23,5.75,5.75,5.75,5.75,4800,0.17
1984-10-22,5.75,5.75,5.75,5.75,12000,0.17
1984-10-19,5.81,5.81,5.81,5.81,48000,0.17
1984-10-18,5.75,5.81,5.69,5.81,55200,0.17
1984-10-17,5.75,5.81,5.75,5.75,91200,0.17
1984-10-16,5.81,5.88,5.75,5.75,69600,0.17
1984-10-15,5.81,5.81,5.81,5.81,8000,0.17
1984-10-12,5.94,6.00,5.81,5.81,65600,0.17
1984-10-11,5.94,5.94,5.94,5.94,4800,0.17
1984-10-10,5.88,5.88,5.88,5.88,40800,0.17
1984-10-09,5.88,5.94,5.88,5.94,62400,0.17
1984-10-08,5.88,5.88,5.88,5.88,36800,0.17
1984-10-05,5.88,5.88,5.75,5.75,29600,0.17
1984-10-04,5.81,5.88,5.81,5.88,15200,0.17
1984-10-03,6.00,6.00,5.69,5.75,156000,0.17
1984-10-02,6.06,6.06,6.00,6.00,76800,0.18
1984-10-01,6.06,6.06,6.06,6.06,26400,0.18
1984-09-28,6.25,6.25,6.19,6.19,29600,0.18
1984-09-27,6.25,6.31,6.19,6.25,58400,0.18
1984-09-26,6.25,6.25,6.25,6.25,000,0.18
1984-09-25,6.25,6.25,6.25,6.25,15200,0.18
1984-09-24,6.25,6.25,6.13,6.19,36800,0.18
1984-09-21,6.38,6.38,6.31,6.31,40800,0.18
1984-09-20,6.44,6.44,6.44,6.44,36800,0.19
1984-09-19,6.44,6.50,6.44,6.50,40800,0.19
1984-09-18,6.50,6.50,6.44,6.44,65600,0.19
1984-09-17,6.50,6.50,6.50,6.50,8000,0.19
1984-09-14,6.56,6.63,6.50,6.56,105600,0.19
1984-09-13,6.50,6.56,6.50,6.56,44000,0.19
1984-09-12,6.63,6.63,6.50,6.50,36800,0.19
1984-09-11,6.63,6.63,6.56,6.63,62400,0.19
1984-09-10,6.69,6.69,6.69,6.69,15200,0.20
1984-09-07,6.69,6.75,6.63,6.75,120000,0.20
1984-09-06,6.75,6.81,6.63,6.69,296000,0.20
1984-09-05,6.75,6.75,6.75,6.75,4800,0.20
1984-09-04,6.75,6.75,6.75,6.75,000,0.20
1984-08-31,6.75,6.75,6.69,6.75,22400,0.20
1984-08-30,6.81,6.81,6.75,6.81,4800,0.20
1984-08-29,6.75,6.81,6.75,6.81,22400,0.20
1984-08-28,6.63,6.69,6.63,6.69,15200,0.20
1984-08-27,6.81,6.81,6.56,6.56,101600,0.19
1984-08-24,6.87,6.94,6.87,6.87,166400,0.20
1984-08-23,6.87,6.87,6.87,6.87,22400,0.20
1984-08-22,7.00,7.00,6.75,6.75,58400,0.20
1984-08-21,6.94,7.06,6.94,7.00,44000,0.20
1984-08-20,6.87,7.00,6.75,6.94,332000,0.20
1984-08-17,6.69,6.94,6.69,6.87,436800,0.20
1984-08-16,6.63,6.69,6.63,6.69,141600,0.20
1984-08-15,6.69,6.69,6.56,6.63,184800,0.19
1984-08-14,6.38,6.69,6.38,6.69,296000,0.20
1984-08-13,6.25,6.38,6.25,6.31,98400,0.18
1984-08-10,6.25,6.25,6.25,6.25,15200,0.18
1984-08-09,6.31,6.31,6.25,6.25,69600,0.18
1984-08-08,6.38,6.38,6.38,6.38,4800,0.19
1984-08-07,6.44,6.44,6.44,6.44,33600,0.19
1984-08-06,6.31,6.44,6.31,6.38,166400,0.19
1984-08-03,6.19,6.31,6.13,6.31,357600,0.18
1984-08-02,6.19,6.19,6.19,6.19,55200,0.18
1984-08-01,6.31,6.31,6.13,6.19,84000,0.18
1984-07-31,6.31,6.31,6.31,6.31,4800,0.18
1984-07-30,6.25,6.25,6.25,6.25,800,0.18
1984-07-27,6.19,6.19,6.19,6.19,800,0.18
1984-07-26,6.19,6.19,6.19,6.19,800,0.18
1984-07-25,6.25,6.25,6.13,6.13,91200,0.18
1984-07-24,6.31,6.38,6.19,6.31,137600,0.18
1984-07-23,6.31,6.31,6.31,6.31,44000,0.18
1984-07-20,6.31,6.31,6.31,6.31,8000,0.18
1984-07-19,6.31,6.31,6.31,6.31,15200,0.18
1984-07-18,6.38,6.38,6.38,6.38,15200,0.19
1984-07-17,6.25,6.25,6.19,6.25,195200,0.18
1984-07-16,6.25,6.25,6.25,6.25,800,0.18
1984-07-13,6.19,6.19,6.19,6.19,8000,0.18
1984-07-12,6.13,6.13,6.06,6.13,40800,0.18
1984-07-11,6.19,6.19,6.19,6.19,15200,0.18
1984-07-10,6.19,6.19,6.13,6.19,69600,0.18
1984-07-09,6.25,6.25,6.25,6.25,76800,0.18
1984-07-06,6.44,6.44,6.25,6.25,235200,0.18
1984-07-05,6.44,6.44,6.44,6.44,72800,0.19
1984-07-03,6.44,6.44,6.44,6.44,15200,0.19
1984-07-02,6.50,6.50,6.44,6.44,12000,0.19
1984-06-29,6.50,6.50,6.50,6.50,000,0.19
1984-06-28,6.50,6.50,6.44,6.50,36800,0.19
1984-06-27,6.56,6.56,6.50,6.50,15200,0.19
1984-06-26,6.63,6.63,6.63,6.63,51200,0.19
1984-06-25,6.63,6.63,6.50,6.56,134400,0.19
1984-06-22,6.50,6.63,6.50,6.63,288800,0.19
1984-06-21,6.44,6.50,6.38,6.50,29600,0.19
1984-06-20,6.50,6.50,6.38,6.44,44000,0.19
1984-06-19,6.50,6.50,6.44,6.50,260000,0.19
1984-06-18,6.56,6.56,6.50,6.56,65600,0.19
1984-06-15,6.63,6.63,6.63,6.63,101600,0.19
1984-06-14,6.56,6.63,6.50,6.56,669600,0.19
1984-06-13,6.63,6.63,6.50,6.56,184800,0.19
1984-06-12,6.69,6.69,6.69,6.69,36800,0.20
1984-06-11,6.69,6.69,6.69,6.69,000,0.20
1984-06-08,6.69,6.69,6.69,6.69,000,0.20
1984-06-07,6.69,6.69,6.69,6.69,22400,0.20
1984-06-06,6.75,6.75,6.75,6.75,36800,0.20
1984-06-05,6.44,6.63,6.44,6.63,400800,0.19
1984-06-04,6.31,6.44,6.31,6.44,33600,0.19
1984-06-01,6.13,6.25,6.13,6.25,15200,0.18
1984-05-31,6.00,6.06,6.00,6.06,72800,0.18
1984-05-30,5.94,6.00,5.94,5.94,137600,0.17
1984-05-29,5.88,5.94,5.88,5.88,33600,0.17
1984-05-25,5.88,5.88,5.88,5.88,800,0.17
1984-05-24,5.88,5.88,5.88,5.88,8000,0.17
1984-05-23,5.88,5.94,5.88,5.94,12000,0.17
1984-05-22,5.88,5.88,5.88,5.88,15200,0.17
1984-05-21,6.13,6.13,5.81,5.88,120000,0.17
1984-05-18,6.25,6.38,6.19,6.19,123200,0.18
1984-05-17,6.25,6.25,6.25,6.25,15200,0.18
1984-05-16,6.25,6.25,6.25,6.25,19200,0.18
1984-05-15,6.19,6.25,6.19,6.19,130400,0.18
1984-05-14,6.31,6.31,6.13,6.19,98400,0.18
1984-05-11,6.06,6.31,5.88,6.31,134400,0.18
1984-05-10,6.06,6.19,6.06,6.06,22400,0.18
1984-05-09,6.06,6.06,6.06,6.06,000,0.18
1984-05-08,6.06,6.06,6.06,6.06,343200,0.18
1984-05-07,6.13,6.19,6.06,6.06,58400,0.18
1984-05-04,6.13,6.19,6.13,6.13,33600,0.18
1984-05-03,6.13,6.13,6.13,6.13,4800,0.18
1984-05-02,6.19,6.19,6.13,6.13,58400,0.18
1984-05-01,6.00,6.25,6.00,6.25,600800,0.18
1984-04-30,5.88,6.06,5.88,5.94,159200,0.17
1984-04-27,5.81,5.81,5.81,5.81,4800,0.17
1984-04-26,5.88,5.88,5.88,5.88,000,0.17
1984-04-25,5.88,5.88,5.88,5.88,000,0.17
1984-04-24,5.88,5.88,5.88,5.88,000,0.17
1984-04-23,5.88,5.88,5.88,5.88,4800,0.17
1984-04-19,5.88,5.88,5.88,5.88,000,0.17
1984-04-18,5.88,5.88,5.88,5.88,000,0.17
1984-04-17,5.88,5.88,5.88,5.88,800,0.17
1984-04-16,5.94,5.94,5.94,5.94,000,0.17
1984-04-13,5.88,5.94,5.88,5.94,15200,0.17
1984-04-12,5.81,5.81,5.81,5.81,000,0.17
1984-04-11,5.88,5.88,5.81,5.81,12000,0.17
1984-04-10,5.94,5.94,5.88,5.94,8000,0.17
1984-04-09,5.88,5.94,5.88,5.94,8000,0.17
1984-04-06,6.00,6.00,5.88,5.88,177600,0.17
1984-04-05,6.13,6.13,6.00,6.00,55200,0.18
1984-04-04,6.19,6.19,6.13,6.13,33600,0.18
1984-04-03,6.25,6.25,6.25,6.25,4800,0.18
1984-04-02,6.25,6.25,6.25,6.25,22400,0.18
1984-03-30,6.19,6.31,6.19,6.19,65600,0.18
1984-03-29,6.19,6.19,6.19,6.19,33600,0.18
1984-03-28,6.25,6.31,6.25,6.25,8000,0.18
1984-03-27,6.31,6.31,6.25,6.25,8000,0.18
1984-03-26,6.31,6.31,6.31,6.31,15200,0.18
1984-03-23,6.25,6.31,6.25,6.31,8000,0.18
1984-03-22,6.44,6.44,6.25,6.25,58400,0.18
1984-03-21,6.44,6.44,6.44,6.44,8000,0.19
1984-03-20,6.44,6.44,6.44,6.44,19200,0.19
1984-03-19,6.44,6.44,6.44,6.44,36800,0.19
1984-03-16,6.50,6.50,6.50,6.50,8000,0.19
1984-03-15,6.50,6.56,6.44,6.50,36800,0.19
1984-03-14,6.50,6.50,6.50,6.50,4800,0.19
1984-03-13,6.56,6.56,6.56,6.56,4800,0.19
1984-03-12,6.50,6.56,6.50,6.50,51200,0.19
1984-03-09,6.38,6.50,6.38,6.38,116000,0.19
1984-03-08,6.25,6.25,6.25,6.25,000,0.18
1984-03-07,6.25,6.25,6.25,6.25,800,0.18
1984-03-06,6.31,6.38,6.31,6.38,33600,0.19
1984-03-05,6.38,6.38,6.25,6.25,8000,0.18
1984-03-02,6.00,6.38,5.94,6.38,148800,0.19
1984-03-01,6.00,6.00,6.00,6.00,000,0.18
1984-02-29,5.88,6.00,5.88,6.00,72800,0.18
1984-02-28,5.88,5.88,5.75,5.75,40800,0.17
1984-02-27,5.94,5.94,5.94,5.94,58400,0.17
1984-02-24,5.69,5.81,5.69,5.81,72800,0.17
1984-02-23,5.62,5.62,5.56,5.62,40800,0.16
1984-02-22,5.62,5.62,5.62,5.62,800,0.16
1984-02-21,5.62,5.69,5.62,5.62,8000,0.16
1984-02-17,5.62,5.62,5.62,5.62,33600,0.16
1984-02-16,5.56,5.56,5.56,5.56,800,0.16
1984-02-15,5.69,5.69,5.62,5.62,19200,0.16
1984-02-14,5.69,5.69,5.69,5.69,36800,0.17
1984-02-13,5.94,5.94,5.81,5.81,40800,0.17
1984-02-10,6.00,6.06,6.00,6.06,15200,0.18
1984-02-09,6.06,6.13,6.00,6.00,69600,0.18
1984-02-08,6.06,6.13,6.06,6.06,87200,0.18
1984-02-07,6.06,6.06,6.00,6.06,55200,0.18
1984-02-06,6.38,6.38,6.13,6.13,58400,0.18
1984-02-03,6.69,6.69,6.44,6.44,58400,0.19
1984-02-02,6.81,6.87,6.75,6.75,33600,0.20
1984-02-01,6.87,6.94,6.81,6.81,22400,0.20
1984-01-31,6.87,6.87,6.87,6.87,800,0.20
1984-01-30,6.94,7.00,6.87,6.94,15200,0.20
1984-01-27,6.94,6.94,6.94,6.94,000,0.20
1984-01-26,6.94,6.94,6.94,6.94,15200,0.20
1984-01-25,6.87,6.87,6.81,6.87,26400,0.20
1984-01-24,6.94,6.94,6.87,6.94,19200,0.20
1984-01-23,7.19,7.19,6.94,6.94,84000,0.20
1984-01-20,7.25,7.25,7.25,7.25,22400,0.21
1984-01-19,7.19,7.25,7.19,7.25,22400,0.21
1984-01-18,7.12,7.25,7.12,7.12,40800,0.21
1984-01-17,7.19,7.19,7.12,7.12,26400,0.21
1984-01-16,7.19,7.19,7.06,7.19,80000,0.21
1984-01-13,7.25,7.25,7.12,7.25,166400,0.21
1984-01-12,7.31,7.31,7.25,7.25,48000,0.21
1984-01-11,7.25,7.31,7.12,7.31,69600,0.21
1984-01-10,7.25,7.31,7.25,7.25,62400,0.21
1984-01-09,7.25,7.31,7.25,7.25,44000,0.21
1984-01-06,7.19,7.19,7.12,7.12,72800,0.21
1984-01-05,7.50,7.50,7.31,7.31,271200,0.21
1984-01-04,7.12,7.62,7.12,7.56,292800,0.22
1984-01-03,7.06,7.06,7.06,7.06,15200,0.21
1983-12-30,7.06,7.12,7.06,7.06,19200,0.21
1983-12-29,7.00,7.06,7.00,7.06,15200,0.21
1983-12-28,6.87,6.87,6.87,6.87,000,0.20
1983-12-27,7.00,7.06,6.87,6.87,76800,0.20
1983-12-23,7.00,7.00,7.00,7.00,4800,0.20
1983-12-22,6.87,6.87,6.87,6.87,000,0.20
1983-12-21,6.87,6.94,6.87,6.87,15200,0.20
1983-12-20,6.87,6.87,6.81,6.87,22400,0.20
1983-12-19,6.87,6.94,6.87,6.94,12000,0.20
1983-12-16,6.94,6.94,6.87,6.87,44000,0.20
1983-12-15,7.06,7.06,7.06,7.06,000,0.21
1983-12-14,7.06,7.06,7.00,7.06,8000,0.21
1983-12-13,7.06,7.06,7.00,7.06,15200,0.21
1983-12-12,7.06,7.06,7.06,7.06,000,0.21
1983-12-09,7.06,7.06,7.06,7.06,800,0.21
1983-12-08,7.00,7.12,7.00,7.06,65600,0.21
1983-12-07,7.06,7.06,7.00,7.00,55200,0.20
1983-12-06,7.06,7.06,7.06,7.06,4800,0.21
1983-12-05,7.12,7.19,7.00,7.00,199200,0.20
1983-12-02,7.12,7.12,7.06,7.12,152000,0.21
1983-12-01,7.19,7.31,7.19,7.31,156000,0.21
1983-11-30,7.19,7.19,7.06,7.19,242400,0.21
1983-11-29,7.31,7.31,7.12,7.25,188000,0.21
1983-11-28,7.19,7.37,7.19,7.37,523200,0.22
1983-11-25,6.50,7.19,6.50,7.00,626400,0.20
1983-11-23,6.44,6.44,6.44,6.44,4800,0.19
1983-11-22,6.44,6.44,6.44,6.44,19200,0.19
1983-11-21,6.44,6.44,6.44,6.44,36800,0.19
1983-11-18,6.38,6.44,6.38,6.38,12000,0.19
1983-11-17,6.25,6.31,6.25,6.31,4800,0.18
1983-11-16,6.31,6.31,6.25,6.25,26400,0.18
1983-11-15,6.31,6.44,6.31,6.31,29600,0.18
1983-11-14,6.31,6.38,6.31,6.31,15200,0.18
1983-11-11,6.31,6.31,6.31,6.31,000,0.18
1983-11-10,6.25,6.31,6.25,6.31,40800,0.18
1983-11-09,6.25,6.25,6.25,6.25,44000,0.18
1983-11-08,6.38,6.38,6.38,6.38,800,0.19
1983-11-07,6.38,6.38,6.38,6.38,8000,0.19
1983-11-04,6.38,6.38,6.31,6.31,29600,0.18
1983-11-03,6.38,6.44,6.38,6.38,19200,0.19
1983-11-02,6.31,6.38,6.31,6.38,87200,0.19
1983-11-01,6.25,6.38,6.19,6.19,62400,0.18
1983-10-31,6.25,6.31,6.25,6.25,33600,0.18
1983-10-28,6.19,6.19,6.19,6.19,12000,0.18
1983-10-27,6.19,6.19,6.19,6.19,4800,0.18
1983-10-26,6.25,6.25,6.25,6.25,000,0.18
1983-10-25,6.25,6.25,6.25,6.25,4800,0.18
1983-10-24,6.25,6.25,6.25,6.25,105600,0.18
1983-10-21,6.19,6.25,6.13,6.19,15200,0.18
1983-10-20,6.25,6.25,6.19,6.19,15200,0.18
1983-10-19,6.25,6.38,6.25,6.25,127200,0.18
1983-10-18,6.25,6.25,6.19,6.19,22400,0.18
1983-10-17,6.06,6.25,6.06,6.25,134400,0.18
1983-10-14,6.00,6.00,6.00,6.00,19200,0.18
1983-10-13,6.13,6.13,6.00,6.00,288800,0.18
1983-10-12,6.19,6.19,6.13,6.13,8000,0.18
1983-10-11,6.31,6.31,6.25,6.25,72800,0.18
1983-10-10,6.38,6.38,6.38,6.38,000,0.19
1983-10-07,6.31,6.38,6.31,6.38,12000,0.19
1983-10-06,6.31,6.31,6.31,6.31,000,0.18
1983-10-05,6.31,6.38,6.31,6.31,170400,0.18
1983-10-04,6.31,6.31,6.31,6.31,163200,0.18
1983-10-03,6.31,6.31,6.25,6.31,238400,0.18
1983-09-30,6.31,6.38,6.31,6.31,36800,0.18
1983-09-29,6.31,6.31,6.31,6.31,62400,0.18
1983-09-28,6.25,6.25,6.25,6.25,33600,0.18
1983-09-27,6.31,6.31,6.19,6.25,101600,0.18
1983-09-26,6.06,6.38,6.06,6.38,87200,0.19
1983-09-23,6.00,6.00,6.00,6.00,40800,0.18
1983-09-22,6.00,6.00,5.94,6.00,48000,0.18
1983-09-21,6.00,6.00,6.00,6.00,800,0.18
1983-09-20,5.94,5.94,5.94,5.94,8000,0.17
1983-09-19,6.00,6.00,6.00,6.00,33600,0.18
1983-09-16,6.00,6.00,6.00,6.00,12000,0.18
1983-09-15,6.00,6.00,6.00,6.00,44000,0.18
1983-09-14,6.00,6.06,6.00,6.06,12000,0.18
1983-09-13,6.00,6.00,5.94,6.00,51200,0.18
1983-09-12,6.13,6.19,6.00,6.00,22400,0.18
1983-09-09,6.13,6.13,6.13,6.13,4800,0.18
1983-09-08,6.19,6.19,6.13,6.13,4800,0.18
1983-09-07,6.25,6.38,6.25,6.25,112800,0.18
1983-09-06,6.19,6.19,6.13,6.13,12000,0.18
1983-09-02,6.25,6.31,6.25,6.31,19200,0.18
1983-09-01,6.25,6.25,6.25,6.25,000,0.18
1983-08-31,6.25,6.31,6.25,6.25,12000,0.18
1983-08-30,6.31,6.50,6.25,6.25,152000,0.18
1983-08-29,6.44,6.44,6.31,6.31,8000,0.18
1983-08-26,6.50,6.50,6.50,6.50,22400,0.19
1983-08-25,6.31,6.50,6.31,6.50,36800,0.19
1983-08-24,6.38,6.69,6.31,6.31,156000,0.18
1983-08-23,6.56,6.56,6.38,6.38,156000,0.19
1983-08-22,6.13,6.56,6.13,6.56,278400,0.19
1983-08-19,6.06,6.19,6.06,6.06,51200,0.18
1983-08-18,6.13,6.13,6.06,6.06,44000,0.18
1983-08-17,6.13,6.13,6.06,6.13,62400,0.18
1983-08-16,6.13,6.44,6.13,6.13,170400,0.18
1983-08-15,5.62,6.13,5.62,6.13,408000,0.18
1983-08-12,5.12,5.56,5.12,5.56,332000,0.16
1983-08-11,5.12,5.12,5.06,5.06,8000,0.15
1983-08-10,5.19,5.19,5.19,5.19,8000,0.15
1983-08-09,5.06,5.12,5.00,5.12,51200,0.15
1983-08-08,5.06,5.06,5.00,5.06,40800,0.15
1983-08-05,5.06,5.06,5.06,5.06,65600,0.15
1983-08-04,5.06,5.06,5.06,5.06,000,0.15
1983-08-03,5.06,5.06,5.06,5.06,800,0.15
1983-08-02,5.06,5.12,5.06,5.06,48000,0.15
1983-08-01,5.06,5.25,5.06,5.06,48000,0.15
1983-07-29,5.06,5.06,5.06,5.06,65600,0.15
1983-07-28,5.12,5.12,5.12,5.12,33600,0.15
1983-07-27,5.19,5.31,5.19,5.25,44000,0.15
1983-07-26,5.19,5.19,5.19,5.19,800,0.15
1983-07-25,5.19,5.25,5.19,5.25,12000,0.15
1983-07-22,5.12,5.12,5.12,5.12,4800,0.15
1983-07-21,5.19,5.19,5.06,5.06,51200,0.15
1983-07-20,5.12,5.25,5.12,5.19,36800,0.15
1983-07-19,5.06,5.06,5.06,5.06,8000,0.15
1983-07-18,5.12,5.12,5.06,5.06,19200,0.15
1983-07-15,5.19,5.19,5.19,5.19,12000,0.15
1983-07-14,5.00,5.06,5.00,5.06,48000,0.15
1983-07-13,5.12,5.12,5.00,5.00,36800,0.15
1983-07-12,5.25,5.25,5.12,5.12,19200,0.15
1983-07-11,5.25,5.25,5.19,5.25,36800,0.15
1983-07-08,5.25,5.31,5.25,5.25,51200,0.15
1983-07-07,5.25,5.31,5.25,5.25,19200,0.15
1983-07-06,5.31,5.37,5.25,5.25,29600,0.15
1983-07-05,5.31,5.31,5.31,5.31,8000,0.16
1983-07-01,5.37,5.37,5.31,5.31,33600,0.16
1983-06-30,5.50,5.56,5.31,5.37,188000,0.16
1983-06-29,5.50,5.69,5.44,5.50,84000,0.16
1983-06-28,5.69,5.69,5.50,5.50,188000,0.16
1983-06-27,5.50,5.81,5.50,5.75,554400,0.17
1983-06-24,5.31,5.31,5.25,5.31,22400,0.16
1983-06-23,5.31,5.31,5.31,5.31,48000,0.16
1983-06-22,5.37,5.37,5.31,5.31,33600,0.16
1983-06-21,5.37,5.37,5.37,5.37,12000,0.16
1983-06-20,5.37,5.44,5.37,5.37,8000,0.16
1983-06-17,5.37,5.37,5.31,5.37,33600,0.16
1983-06-16,5.56,5.56,5.37,5.44,33600,0.16
1983-06-15,5.50,5.56,5.44,5.56,36800,0.16
1983-06-14,5.50,5.50,5.50,5.50,000,0.16
1983-06-13,5.50,5.50,5.50,5.50,000,0.16
1983-06-10,5.50,5.50,5.37,5.50,12000,0.16
1983-06-09,5.37,5.50,5.37,5.50,105600,0.16
1983-06-08,5.44,5.44,5.37,5.37,48000,0.16
1983-06-07,5.44,5.44,5.44,5.44,33600,0.16
1983-06-06,5.44,5.50,5.44,5.44,4800,0.16
1983-06-03,5.37,5.44,5.37,5.44,19200,0.16
1983-06-02,5.37,5.37,5.37,5.37,4800,0.16
1983-06-01,5.31,5.31,5.31,5.31,19200,0.16
1983-05-31,5.50,5.56,5.31,5.31,62400,0.16
1983-05-27,5.62,5.62,5.50,5.50,48000,0.16
1983-05-26,5.69,5.69,5.56,5.62,108800,0.16
1983-05-25,5.75,5.88,5.69,5.75,144800,0.17
1983-05-24,5.44,5.75,5.37,5.75,130400,0.17
1983-05-23,5.19,5.50,5.19,5.44,303200,0.16
1983-05-20,5.00,5.25,5.00,5.19,238400,0.15
1983-05-19,4.69,5.06,4.69,5.00,694400,0.15
1983-05-18,4.50,4.69,4.50,4.62,199200,0.14
1983-05-17,4.44,4.50,4.44,4.50,105600,0.13
1983-05-16,4.38,4.44,4.38,4.44,22400,0.13
1983-05-13,4.31,4.38,4.31,4.38,8000,0.13
1983-05-12,4.31,4.38,4.25,4.25,69600,0.12
1983-05-11,4.44,4.44,4.31,4.31,51200,0.13
1983-05-10,4.44,4.44,4.38,4.44,22400,0.13
1983-05-09,4.50,4.50,4.44,4.44,29600,0.13
1983-05-06,4.50,4.50,4.50,4.50,000,0.13
1983-05-05,4.50,4.50,4.50,4.50,33600,0.13
1983-05-04,4.50,4.50,4.50,4.50,213600,0.13
1983-05-03,4.44,4.44,4.44,4.44,51200,0.13
1983-05-02,4.44,4.44,4.44,4.44,000,0.13
1983-04-29,4.50,4.50,4.44,4.44,72800,0.13
1983-04-28,4.56,4.56,4.56,4.56,51200,0.13
1983-04-27,4.50,4.50,4.44,4.50,44000,0.13
1983-04-26,4.50,4.50,4.50,4.50,000,0.13
1983-04-25,4.50,4.62,4.50,4.50,58400,0.13
1983-04-22,4.50,4.50,4.44,4.50,80000,0.13
1983-04-21,4.62,4.62,4.50,4.50,40800,0.13
1983-04-20,4.62,4.62,4.50,4.62,51200,0.14
1983-04-19,4.50,4.69,4.50,4.62,58400,0.14
1983-04-18,4.38,4.56,4.38,4.44,152000,0.13
1983-04-15,4.25,4.25,4.13,4.25,105600,0.12
1983-04-14,4.25,4.31,4.25,4.25,40800,0.12
1983-04-13,4.25,4.25,4.25,4.25,800,0.12
1983-04-12,4.31,4.31,4.19,4.19,51200,0.12
1983-04-11,4.38,4.44,4.38,4.38,22400,0.13
1983-04-08,4.38,4.38,4.38,4.38,4800,0.13
1983-04-07,4.38,4.38,4.38,4.38,000,0.13
1983-04-06,4.38,4.38,4.38,4.38,26400,0.13
1983-04-05,4.38,4.38,4.31,4.31,91200,0.13
1983-04-04,4.44,4.44,4.44,4.44,19200,0.13
1983-03-31,4.62,4.62,4.50,4.50,108800,0.13
1983-03-30,4.56,4.62,4.56,4.62,33600,0.14
1983-03-29,4.56,4.56,4.56,4.56,15200,0.13
1983-03-28,4.50,4.62,4.50,4.56,80000,0.13
1983-03-25,4.50,4.56,4.50,4.50,40800,0.13
1983-03-24,4.62,4.62,4.50,4.50,231200,0.13
1983-03-23,4.56,4.62,4.56,4.62,51200,0.14
1983-03-22,4.62,4.62,4.56,4.56,192000,0.13
1983-03-21,4.31,4.62,4.31,4.62,206400,0.14
1983-03-18,4.31,4.31,4.31,4.31,33600,0.13
1983-03-17,4.31,4.38,4.25,4.38,134400,0.13
1983-03-16,4.19,4.31,4.13,4.31,55200,0.13
1983-03-15,4.00,4.19,4.00,4.19,76800,0.12
1983-03-14,4.00,4.00,3.94,4.00,22400,0.12
1983-03-11,4.13,4.13,4.00,4.00,62400,0.12
1983-03-10,4.31,4.31,4.19,4.19,184800,0.12
1983-03-09,4.19,4.31,4.19,4.31,98400,0.13
1983-03-08,4.13,4.25,4.13,4.19,177600,0.12
1983-03-07,4.13,4.25,4.06,4.13,180800,0.12
1983-03-04,4.13,4.25,4.13,4.13,188000,0.12
1983-03-03,3.81,4.13,3.81,4.13,120000,0.12
1983-03-02,3.63,3.81,3.56,3.81,152000,0.11
1983-03-01,3.63,3.63,3.50,3.63,48000,0.11
1983-02-28,3.63,3.63,3.56,3.63,36800,0.11
1983-02-25,3.69,3.69,3.69,3.69,4800,0.11
1983-02-24,3.69,3.75,3.63,3.75,123200,0.11
1983-02-23,3.63,3.69,3.63,3.69,33600,0.11
1983-02-22,3.63,3.75,3.56,3.56,170400,0.10
1983-02-18,3.56,3.63,3.56,3.63,36800,0.11
1983-02-17,3.56,3.63,3.50,3.50,98400,0.10
1983-02-16,3.50,3.63,3.50,3.56,332000,0.10
1983-02-15,3.50,3.50,3.50,3.50,36800,0.10
1983-02-14,3.44,3.50,3.44,3.50,29600,0.10
1983-02-11,3.38,3.44,3.31,3.44,65600,0.10
1983-02-10,3.12,3.38,3.12,3.38,69600,0.10
1983-02-09,3.12,3.12,3.06,3.06,15200,0.09
1983-02-08,3.06,3.25,3.06,3.19,48000,0.09
1983-02-07,3.00,3.06,3.00,3.00,22400,0.09
1983-02-04,3.00,3.06,3.00,3.00,33600,0.09
1983-02-03,3.12,3.12,3.00,3.00,33600,0.09
1983-02-02,3.12,3.19,3.12,3.12,19200,0.09
1983-02-01,3.06,3.12,3.06,3.12,84000,0.09
1983-01-31,3.06,3.06,3.00,3.00,15200,0.09
1983-01-28,3.06,3.06,3.06,3.06,4800,0.09
1983-01-27,3.00,3.00,3.00,3.00,000,0.09
1983-01-26,3.00,3.00,3.00,3.00,000,0.09
1983-01-25,3.00,3.00,3.00,3.00,000,0.09
1983-01-24,3.06,3.06,3.00,3.00,12000,0.09
1983-01-21,3.12,3.12,3.12,3.12,15200,0.09
1983-01-20,3.12,3.12,3.06,3.06,19200,0.09
1983-01-19,3.25,3.25,3.19,3.19,19200,0.09
1983-01-18,3.31,3.31,3.31,3.31,800,0.10
1983-01-17,3.25,3.25,3.25,3.25,800,0.10
1983-01-14,3.25,3.25,3.25,3.25,000,0.10
1983-01-13,3.25,3.25,3.25,3.25,000,0.10
1983-01-12,3.25,3.31,3.19,3.25,19200,0.10
1983-01-11,3.25,3.25,3.25,3.25,8000,0.10
1983-01-10,3.25,3.25,3.25,3.25,4800,0.10
1983-01-07,3.25,3.25,3.25,3.25,800,0.10
1983-01-06,3.19,3.25,3.19,3.25,26400,0.10
1983-01-05,3.25,3.25,3.19,3.19,72800,0.09
1983-01-04,3.31,3.31,3.25,3.31,8000,0.10
1983-01-03,3.31,3.38,3.31,3.38,33600,0.10
1982-12-31,3.31,3.31,3.31,3.31,26400,0.10
1982-12-30,3.25,3.25,3.25,3.25,8000,0.10
1982-12-29,3.25,3.31,3.25,3.25,19200,0.10
1982-12-28,3.19,3.31,3.19,3.25,22400,0.10
1982-12-27,3.19,3.19,3.19,3.19,800,0.09
1982-12-23,3.19,3.19,3.19,3.19,000,0.09
1982-12-22,3.19,3.19,3.19,3.19,000,0.09
1982-12-21,3.19,3.25,3.19,3.19,4800,0.09
1982-12-20,3.19,3.19,3.19,3.19,000,0.09
1982-12-17,3.19,3.19,3.19,3.19,800,0.09
1982-12-16,3.33,3.33,3.33,3.33,3200,0.10
1982-12-15,3.33,3.39,3.33,3.39,55200,0.10
1982-12-14,3.33,3.33,3.28,3.33,51200,0.10
1982-12-13,3.33,3.33,3.33,3.33,28800,0.10
1982-12-10,3.33,3.33,3.33,3.33,3200,0.10
1982-12-09,3.28,3.28,3.28,3.28,000,0.10
1982-12-08,3.28,3.33,3.28,3.28,17600,0.10
1982-12-07,3.09,3.28,3.09,3.28,161600,0.10
1982-12-06,3.09,3.09,3.09,3.09,7200,0.09
1982-12-03,3.03,3.09,3.03,3.03,28800,0.09
1982-12-02,3.09,3.09,3.03,3.03,36000,0.09
1982-12-01,3.22,3.22,3.09,3.09,65600,0.09
1982-11-30,3.33,3.33,3.22,3.22,40800,0.09
1982-11-29,3.33,3.33,3.33,3.33,14400,0.10
1982-11-26,3.39,3.39,3.39,3.39,3200,0.10
1982-11-24,3.39,3.39,3.33,3.33,14400,0.10
1982-11-23,3.39,3.39,3.39,3.39,3200,0.10
1982-11-22,3.52,3.58,3.45,3.45,65600,0.10
1982-11-19,3.52,3.52,3.52,3.52,10400,0.10
1982-11-18,3.39,3.58,3.39,3.52,58400,0.10
1982-11-17,3.28,3.39,3.28,3.39,58400,0.10
1982-11-16,3.28,3.28,3.28,3.28,10400,0.10
1982-11-15,3.22,3.28,3.22,3.28,82400,0.10
1982-11-12,3.16,3.22,3.16,3.22,44000,0.09
1982-11-11,3.16,3.16,3.09,3.16,28800,0.09
1982-11-10,3.22,3.22,3.16,3.16,100800,0.09
1982-11-09,3.22,3.22,3.22,3.22,3200,0.09
1982-11-08,3.16,3.16,3.09,3.16,10400,0.09
1982-11-05,3.22,3.22,3.16,3.16,10400,0.09
1982-11-04,3.09,3.22,3.09,3.22,55200,0.09
1982-11-03,3.03,3.09,3.03,3.09,28800,0.09
1982-11-02,2.92,2.97,2.92,2.97,7200,0.09
1982-11-01,2.86,2.86,2.86,2.86,17600,0.08
1982-10-29,2.92,2.92,2.92,2.92,000,0.09
1982-10-28,2.92,2.92,2.92,2.92,10400,0.09
1982-10-27,2.86,2.92,2.86,2.86,40800,0.08
1982-10-26,2.86,2.86,2.86,2.86,3200,0.08
1982-10-25,2.92,2.97,2.92,2.92,65600,0.09
1982-10-22,2.92,2.92,2.92,2.92,3200,0.09
1982-10-21,2.86,2.92,2.86,2.92,14400,0.09
1982-10-20,2.92,2.92,2.73,2.80,104000,0.08
1982-10-19,2.97,2.97,2.97,2.97,17600,0.09
1982-10-18,2.92,2.97,2.92,2.97,72800,0.09
1982-10-15,2.92,2.92,2.92,2.92,7200,0.09
1982-10-14,2.97,3.09,2.97,2.97,116000,0.09
1982-10-13,2.73,2.92,2.73,2.92,79200,0.09
1982-10-12,2.67,2.67,2.67,2.67,3200,0.08
1982-10-11,2.62,2.62,2.62,2.62,82400,0.08
1982-10-08,2.56,2.56,2.50,2.56,36000,0.07
1982-10-07,2.56,2.56,2.56,2.56,3200,0.07
1982-10-06,2.56,2.56,2.56,2.56,10400,0.07
1982-10-05,2.50,2.56,2.44,2.56,51200,0.07
1982-10-04,2.50,2.50,2.50,2.50,000,0.07
1982-10-01,2.50,2.56,2.44,2.50,14400,0.07
1982-09-30,2.50,2.50,2.50,2.50,3200,0.07
1982-09-29,2.50,2.50,2.50,2.50,000,0.07
1982-09-28,2.50,2.50,2.50,2.50,000,0.07
1982-09-27,2.50,2.50,2.50,2.50,000,0.07
1982-09-24,2.50,2.50,2.50,2.50,17600,0.07
1982-09-23,2.56,2.56,2.50,2.50,10400,0.07
1982-09-22,2.62,2.62,2.62,2.62,3200,0.08
1982-09-21,2.62,2.67,2.62,2.62,10400,0.08
1982-09-20,2.62,2.62,2.62,2.62,17600,0.08
1982-09-17,2.62,2.62,2.56,2.56,7200,0.07
1982-09-16,2.56,2.62,2.56,2.62,14400,0.08
1982-09-15,2.50,2.50,2.37,2.50,187200,0.07
1982-09-14,2.62,2.67,2.62,2.62,40800,0.08
1982-09-13,2.62,2.67,2.62,2.62,7200,0.08
1982-09-10,2.62,2.62,2.62,2.62,123200,0.08
1982-09-09,2.62,2.62,2.62,2.62,7200,0.08
1982-09-08,2.62,2.62,2.62,2.62,000,0.08
1982-09-07,2.62,2.62,2.62,2.62,7200,0.08
1982-09-03,2.67,2.67,2.62,2.62,36000,0.08
1982-09-02,2.73,2.73,2.73,2.73,000,0.08
1982-09-01,2.67,2.73,2.67,2.73,36000,0.08
1982-08-31,2.62,2.62,2.62,2.62,3200,0.08
1982-08-30,2.67,2.67,2.67,2.67,3200,0.08
1982-08-27,2.67,2.67,2.62,2.62,51200,0.08
1982-08-26,2.80,2.80,2.80,2.80,7200,0.08
1982-08-25,2.73,2.73,2.73,2.73,000,0.08
1982-08-24,2.73,2.73,2.73,2.73,14400,0.08
1982-08-23,2.67,2.67,2.67,2.67,14400,0.08
1982-08-20,2.67,2.67,2.62,2.62,7200,0.08
1982-08-19,2.67,2.67,2.67,2.67,000,0.08
1982-08-18,2.67,2.67,2.67,2.67,000,0.08
1982-08-17,2.67,2.67,2.67,2.67,000,0.08
1982-08-16,2.62,2.67,2.62,2.67,21600,0.08
1982-08-13,2.62,2.62,2.56,2.56,158400,0.07
1982-08-12,2.62,2.62,2.62,2.62,21600,0.08
1982-08-11,2.67,2.67,2.67,2.67,000,0.08
1982-08-10,2.67,2.67,2.67,2.67,000,0.08
1982-08-09,2.67,2.67,2.67,2.67,000,0.08
1982-08-06,2.67,2.67,2.67,2.67,000,0.08
1982-08-05,2.67,2.67,2.67,2.67,000,0.08
1982-08-04,2.67,2.67,2.67,2.67,000,0.08
1982-08-03,2.67,2.67,2.62,2.67,17600,0.08
1982-08-02,2.67,2.67,2.67,2.67,7200,0.08
1982-07-30,2.73,2.73,2.73,2.73,000,0.08
1982-07-29,2.73,2.73,2.73,2.73,3200,0.08
1982-07-28,2.80,2.80,2.80,2.80,000,0.08
1982-07-27,2.80,2.80,2.80,2.80,000,0.08
1982-07-26,2.80,2.80,2.80,2.80,3200,0.08
1982-07-23,2.80,2.80,2.80,2.80,000,0.08
1982-07-22,2.80,2.80,2.80,2.80,000,0.08
1982-07-21,2.67,2.80,2.67,2.80,21600,0.08
1982-07-20,2.62,2.62,2.62,2.62,000,0.08
1982-07-19,2.62,2.67,2.62,2.62,14400,0.08
1982-07-16,2.62,2.62,2.62,2.62,000,0.08
1982-07-15,2.62,2.62,2.62,2.62,000,0.08
1982-07-14,2.62,2.62,2.62,2.62,3200,0.08
1982-07-13,2.67,2.67,2.67,2.67,000,0.08
1982-07-12,2.67,2.67,2.67,2.67,14400,0.08
1982-07-09,2.67,2.67,2.67,2.67,000,0.08
1982-07-08,2.67,2.67,2.67,2.67,000,0.08
1982-07-07,2.67,2.67,2.62,2.67,93600,0.08
1982-07-06,2.67,2.67,2.67,2.67,000,0.08
1982-07-02,2.67,2.67,2.67,2.67,000,0.08
1982-07-01,2.67,2.67,2.67,2.67,24800,0.08
1982-06-30,2.73,2.73,2.73,2.73,3200,0.08
1982-06-29,2.73,2.73,2.73,2.73,3200,0.08
1982-06-28,2.62,2.67,2.62,2.67,7200,0.08
1982-06-25,2.55,2.56,2.44,2.56,10400,0.07
1982-06-24,2.61,2.61,2.55,2.55,22400,0.07
1982-06-23,2.61,2.61,2.55,2.61,50400,0.08
1982-06-22,2.67,2.67,2.67,2.67,29600,0.08
1982-06-21,2.72,2.78,2.72,2.78,53600,0.08
1982-06-18,2.67,2.67,2.67,2.67,3200,0.08
1982-06-17,2.72,2.72,2.72,2.72,10400,0.08
1982-06-16,2.78,2.78,2.78,2.78,3200,0.08
1982-06-15,2.78,2.78,2.78,2.78,10400,0.08
1982-06-14,2.83,2.89,2.72,2.72,79200,0.08
1982-06-11,2.83,2.83,2.78,2.83,26400,0.08
1982-06-10,2.83,2.83,2.83,2.83,3200,0.08
1982-06-09,2.83,2.83,2.83,2.83,000,0.08
1982-06-08,2.83,2.83,2.83,2.83,3200,0.08
1982-06-07,2.78,2.78,2.78,2.78,000,0.08
1982-06-04,2.78,2.78,2.78,2.78,000,0.08
1982-06-03,2.78,2.78,2.78,2.78,000,0.08
1982-06-02,2.78,2.78,2.78,2.78,000,0.08
1982-06-01,2.78,2.83,2.78,2.78,10400,0.08
1982-05-28,2.78,2.78,2.78,2.78,3200,0.08
1982-05-27,2.78,2.83,2.78,2.78,19200,0.08
1982-05-26,2.89,2.89,2.78,2.78,22400,0.08
1982-05-25,2.89,2.89,2.89,2.89,000,0.08
1982-05-24,2.89,2.89,2.89,2.89,26400,0.08
1982-05-21,2.95,2.95,2.95,2.95,39200,0.09
1982-05-20,2.89,2.89,2.89,2.89,000,0.08
1982-05-19,2.95,2.95,2.89,2.89,22400,0.08
1982-05-18,2.95,2.95,2.95,2.95,22400,0.09
1982-05-17,2.89,2.89,2.89,2.89,000,0.08
1982-05-14,2.89,2.89,2.89,2.89,000,0.08
1982-05-13,2.89,2.89,2.89,2.89,19200,0.08
1982-05-12,2.89,2.89,2.89,2.89,3200,0.08
1982-05-11,2.83,2.83,2.83,2.83,14400,0.08
1982-05-10,2.83,2.83,2.83,2.83,10400,0.08
1982-05-07,2.83,2.83,2.83,2.83,33600,0.08
1982-05-06,2.83,2.83,2.83,2.83,7200,0.08
1982-05-05,2.78,2.78,2.78,2.78,000,0.08
1982-05-04,2.83,2.83,2.78,2.78,19200,0.08
1982-05-03,2.89,2.89,2.89,2.89,7200,0.08
1982-04-30,2.78,2.83,2.78,2.83,43200,0.08
1982-04-29,2.72,2.72,2.67,2.72,33600,0.08
1982-04-28,2.78,2.78,2.78,2.78,000,0.08
1982-04-27,2.78,2.78,2.78,2.78,000,0.08
1982-04-26,2.78,2.78,2.78,2.78,7200,0.08
1982-04-23,2.72,2.72,2.72,2.72,000,0.08
1982-04-22,2.72,2.72,2.67,2.72,39200,0.08
1982-04-21,2.67,2.72,2.67,2.72,26400,0.08
1982-04-20,2.67,2.67,2.67,2.67,000,0.08
1982-04-19,2.72,2.72,2.67,2.67,7200,0.08
1982-04-16,2.72,2.72,2.72,2.72,000,0.08
1982-04-15,2.72,2.78,2.72,2.72,7200,0.08
1982-04-14,2.72,2.72,2.72,2.72,000,0.08
1982-04-13,2.72,2.72,2.72,2.72,3200,0.08
1982-04-12,2.72,2.78,2.72,2.78,22400,0.08
1982-04-08,2.72,2.72,2.72,2.72,10400,0.08
1982-04-07,2.78,2.78,2.72,2.72,50400,0.08
1982-04-06,2.89,2.89,2.89,2.89,3200,0.08
1982-04-05,2.83,2.89,2.83,2.89,10400,0.08
1982-04-02,2.78,2.78,2.78,2.78,3200,0.08
1982-04-01,2.78,2.83,2.78,2.78,46400,0.08
1982-03-31,2.72,2.72,2.72,2.72,000,0.08
1982-03-30,2.61,2.72,2.61,2.72,118400,0.08
1982-03-29,2.55,2.55,2.55,2.55,3200,0.07
1982-03-26,2.61,2.61,2.55,2.55,19200,0.07
1982-03-25,2.67,2.67,2.67,2.67,000,0.08
1982-03-24,2.67,2.67,2.67,2.67,7200,0.08
1982-03-23,2.72,2.72,2.72,2.72,10400,0.08
1982-03-22,2.67,2.67,2.67,2.67,000,0.08
1982-03-19,2.67,2.67,2.67,2.67,000,0.08
1982-03-18,2.67,2.67,2.67,2.67,000,0.08
1982-03-17,2.67,2.67,2.55,2.67,62400,0.08
1982-03-16,2.72,2.72,2.72,2.72,000,0.08
1982-03-15,2.72,2.72,2.72,2.72,000,0.08
1982-03-12,2.72,2.72,2.72,2.72,3200,0.08
1982-03-11,2.67,2.67,2.67,2.67,3200,0.08
1982-03-10,2.67,2.67,2.67,2.67,000,0.08
1982-03-09,2.67,2.67,2.67,2.67,000,0.08
1982-03-08,2.67,2.67,2.67,2.67,000,0.08
1982-03-05,2.67,2.67,2.67,2.67,000,0.08
1982-03-04,2.67,2.67,2.67,2.67,000,0.08
1982-03-03,2.67,2.67,2.67,2.67,3200,0.08
1982-03-02,2.61,2.67,2.61,2.67,14400,0.08
1982-03-01,2.61,2.61,2.55,2.61,108800,0.08
1982-02-26,2.72,2.72,2.61,2.61,53600,0.08
1982-02-25,2.72,2.72,2.72,2.72,7200,0.08
1982-02-24,2.78,2.78,2.78,2.78,3200,0.08
1982-02-23,2.83,2.83,2.83,2.83,000,0.08
1982-02-22,2.83,2.83,2.83,2.83,000,0.08
1982-02-19,2.83,2.83,2.83,2.83,000,0.08
1982-02-18,2.83,2.83,2.83,2.83,3200,0.08
1982-02-17,2.83,2.83,2.78,2.78,14400,0.08
1982-02-16,2.83,2.83,2.83,2.83,000,0.08
1982-02-12,2.83,2.83,2.83,2.83,000,0.08
1982-02-11,2.83,2.83,2.83,2.83,000,0.08
1982-02-10,2.83,2.83,2.83,2.83,7200,0.08
1982-02-09,2.83,2.83,2.83,2.83,000,0.08
1982-02-08,2.83,2.83,2.83,2.83,3200,0.08
1982-02-05,2.78,2.78,2.78,2.78,3200,0.08
1982-02-04,2.83,2.83,2.83,2.83,000,0.08
1982-02-03,2.83,2.83,2.83,2.83,7200,0.08
1982-02-02,2.83,2.83,2.83,2.83,000,0.08
1982-02-01,2.83,2.83,2.83,2.83,7200,0.08
1982-01-29,2.83,2.89,2.78,2.78,10400,0.08
1982-01-28,2.83,2.83,2.83,2.83,000,0.08
1982-01-27,2.83,2.83,2.83,2.83,000,0.08
1982-01-26,2.83,2.83,2.83,2.83,000,0.08
1982-01-25,2.83,2.83,2.83,2.83,000,0.08
1982-01-22,2.89,2.89,2.83,2.83,7200,0.08
1982-01-21,2.89,2.89,2.89,2.89,3200,0.08
1982-01-20,2.83,2.83,2.83,2.83,000,0.08
1982-01-19,2.83,2.83,2.83,2.83,000,0.08
1982-01-18,2.78,2.83,2.78,2.83,7200,0.08
1982-01-15,2.78,2.78,2.78,2.78,000,0.08
1982-01-14,2.78,2.78,2.78,2.78,000,0.08
1982-01-13,2.78,2.78,2.78,2.78,000,0.08
1982-01-12,2.78,2.78,2.78,2.78,3200,0.08
1982-01-11,2.72,2.72,2.72,2.72,000,0.08
1982-01-08,2.72,2.72,2.72,2.72,000,0.08
1982-01-07,2.72,2.72,2.72,2.72,000,0.08
1982-01-06,2.72,2.72,2.72,2.72,000,0.08
1982-01-05,2.72,2.72,2.72,2.72,000,0.08
1982-01-04,2.89,2.89,2.72,2.72,101600,0.08
1981-12-31,2.95,2.95,2.95,2.95,000,0.09
1981-12-30,2.95,2.95,2.95,2.95,14400,0.09
1981-12-29,2.89,2.89,2.89,2.89,10400,0.08
1981-12-28,3.06,3.06,2.95,2.95,50400,0.09
1981-12-24,3.12,3.12,3.12,3.12,000,0.09
1981-12-23,3.12,3.12,3.12,3.12,000,0.09
1981-12-22,3.12,3.19,3.12,3.12,7200,0.09
1981-12-21,3.12,3.12,3.12,3.12,000,0.09
1981-12-18,3.08,3.12,3.08,3.12,7200,0.09
1981-12-17,3.08,3.08,3.08,3.08,000,0.09
1981-12-16,3.08,3.08,3.08,3.08,000,0.09
1981-12-15,3.08,3.08,3.08,3.08,7200,0.09
1981-12-14,3.19,3.19,3.19,3.19,000,0.09
1981-12-11,3.19,3.19,3.19,3.19,10400,0.09
1981-12-10,3.12,3.12,3.12,3.12,3200,0.09
1981-12-09,3.03,3.12,3.03,3.12,19200,0.09
1981-12-08,3.03,3.03,3.03,3.03,000,0.09
1981-12-07,3.03,3.03,3.03,3.03,000,0.09
1981-12-04,2.92,3.03,2.86,3.03,19200,0.09
1981-12-03,2.92,2.92,2.92,2.92,000,0.09
1981-12-02,2.92,2.92,2.92,2.92,7200,0.09
1981-12-01,2.92,2.92,2.92,2.92,000,0.09
1981-11-30,2.92,2.92,2.92,2.92,3200,0.09
1981-11-27,2.75,2.86,2.75,2.86,48000,0.08
1981-11-25,2.75,2.75,2.70,2.70,19200,0.08
1981-11-24,2.75,2.75,2.75,2.75,3200,0.08
1981-11-23,2.70,2.75,2.70,2.75,44000,0.08
1981-11-20,2.70,2.70,2.70,2.70,7200,0.08
1981-11-19,2.75,2.75,2.75,2.75,40800,0.08
1981-11-18,2.81,2.81,2.81,2.81,10400,0.08
1981-11-17,2.75,2.75,2.75,2.75,3200,0.08
1981-11-16,2.75,2.75,2.75,2.75,36000,0.08
1981-11-13,2.70,2.70,2.70,2.70,7200,0.08
1981-11-12,2.64,2.64,2.64,2.64,000,0.08
1981-11-11,2.64,2.64,2.64,2.64,3200,0.08
1981-11-10,2.64,2.64,2.64,2.64,000,0.08
1981-11-09,2.64,2.64,2.64,2.64,10400,0.08
1981-11-06,2.59,2.59,2.59,2.59,3200,0.08
1981-11-05,2.53,2.53,2.53,2.53,28800,0.07
1981-11-04,2.64,2.64,2.64,2.64,3200,0.08
1981-11-03,2.59,2.59,2.59,2.59,7200,0.08
1981-11-02,2.70,2.70,2.70,2.70,3200,0.08
1981-10-30,2.64,2.64,2.59,2.64,7200,0.08
1981-10-29,2.64,2.64,2.64,2.64,000,0.08
1981-10-28,2.64,2.64,2.64,2.64,000,0.08
1981-10-27,2.64,2.64,2.64,2.64,40800,0.08
1981-10-26,2.70,2.70,2.70,2.70,000,0.08
1981-10-23,2.70,2.70,2.70,2.70,000,0.08
1981-10-22,2.70,2.70,2.70,2.70,000,0.08
1981-10-21,2.70,2.70,2.70,2.70,000,0.08
1981-10-20,2.64,2.70,2.64,2.70,10400,0.08
1981-10-19,2.64,2.64,2.64,2.64,000,0.08
1981-10-16,2.64,2.64,2.64,2.64,000,0.08
1981-10-15,2.64,2.64,2.64,2.64,000,0.08
1981-10-14,2.64,2.64,2.64,2.64,7200,0.08
1981-10-13,2.70,2.70,2.70,2.70,10400,0.08
1981-10-12,2.75,2.75,2.75,2.75,7200,0.08
1981-10-09,2.70,2.70,2.70,2.70,7200,0.08
1981-10-08,2.64,2.64,2.64,2.64,000,0.08
1981-10-07,2.64,2.64,2.64,2.64,000,0.08
1981-10-06,2.64,2.64,2.64,2.64,3200,0.08
1981-10-05,2.59,2.64,2.59,2.64,10400,0.08
1981-10-02,2.53,2.53,2.53,2.53,000,0.07
1981-10-01,2.53,2.53,2.53,2.53,000,0.07
1981-09-30,2.53,2.53,2.53,2.53,44000,0.07
1981-09-29,2.59,2.59,2.53,2.53,48000,0.07
1981-09-28,2.70,2.70,2.70,2.70,000,0.08
1981-09-25,2.70,2.70,2.70,2.70,000,0.08
1981-09-24,2.75,2.75,2.70,2.70,7200,0.08
1981-09-23,2.81,2.81,2.81,2.81,15200,0.08
1981-09-22,2.86,2.86,2.86,2.86,000,0.08
1981-09-21,2.86,2.86,2.86,2.86,000,0.08
1981-09-18,2.86,2.86,2.86,2.86,000,0.08
1981-09-17,2.86,2.86,2.86,2.86,000,0.08
1981-09-16,2.86,2.86,2.86,2.86,000,0.08
1981-09-15,2.70,2.86,2.70,2.86,72800,0.08
1981-09-14,2.70,2.70,2.64,2.70,7200,0.08
1981-09-11,2.70,2.70,2.70,2.70,3200,0.08
1981-09-10,2.70,2.70,2.70,2.70,000,0.08
1981-09-09,2.70,2.70,2.70,2.70,000,0.08
1981-09-08,2.70,2.70,2.70,2.70,3200,0.08
1981-09-04,2.64,2.64,2.64,2.64,000,0.08
1981-09-03,2.64,2.64,2.64,2.64,3200,0.08
1981-09-02,2.70,2.70,2.70,2.70,15200,0.08
1981-09-01,2.75,2.75,2.75,2.75,22400,0.08
1981-08-31,2.75,2.75,2.75,2.75,19200,0.08
1981-08-28,2.64,2.75,2.64,2.75,82400,0.08
1981-08-27,2.64,2.64,2.64,2.64,000,0.08
1981-08-26,2.64,2.64,2.64,2.64,3200,0.08
1981-08-25,2.59,2.64,2.59,2.59,10400,0.08
1981-08-24,2.59,2.59,2.59,2.59,000,0.08
1981-08-21,2.59,2.59,2.59,2.59,000,0.08
1981-08-20,2.59,2.59,2.59,2.59,000,0.08
1981-08-19,2.59,2.59,2.59,2.59,15200,0.08
1981-08-18,2.70,2.70,2.70,2.70,7200,0.08
1981-08-17,2.75,2.75,2.75,2.75,000,0.08
1981-08-14,2.81,2.81,2.75,2.75,36000,0.08
1981-08-13,2.86,2.86,2.86,2.86,3200,0.08
1981-08-12,2.81,2.81,2.81,2.81,000,0.08
1981-08-11,2.81,2.81,2.81,2.81,3200,0.08
1981-08-10,2.86,2.86,2.86,2.86,000,0.08
1981-08-07,2.86,2.86,2.86,2.86,000,0.08
1981-08-06,2.86,2.86,2.86,2.86,3200,0.08
1981-08-05,2.92,2.97,2.92,2.92,7200,0.09
1981-08-04,2.92,2.92,2.92,2.92,10400,0.09
1981-08-03,2.97,2.97,2.97,2.97,40800,0.09
1981-07-31,3.03,3.03,3.03,3.03,3200,0.09
1981-07-30,3.03,3.03,3.03,3.03,15200,0.09
1981-07-29,3.03,3.03,3.03,3.03,000,0.09
1981-07-28,3.08,3.08,3.03,3.03,19200,0.09
1981-07-27,3.08,3.08,3.08,3.08,15200,0.09
1981-07-24,3.08,3.08,3.08,3.08,7200,0.09
1981-07-23,3.12,3.12,3.12,3.12,000,0.09
1981-07-22,3.12,3.12,3.12,3.12,7200,0.09
1981-07-21,3.19,3.19,3.19,3.19,000,0.09
1981-07-20,3.19,3.19,3.19,3.19,000,0.09
1981-07-17,3.19,3.19,3.19,3.19,000,0.09
1981-07-16,3.12,3.19,3.12,3.19,7200,0.09
1981-07-15,3.12,3.12,3.12,3.12,3200,0.09
1981-07-14,3.19,3.19,3.19,3.19,000,0.09
1981-07-13,3.19,3.19,3.19,3.19,000,0.09
1981-07-10,3.19,3.19,3.19,3.19,15200,0.09
1981-07-09,3.23,3.23,3.23,3.23,10400,0.09
1981-07-08,3.12,3.12,3.12,3.12,3200,0.09
1981-07-07,3.23,3.23,3.23,3.23,22400,0.09
1981-07-06,3.23,3.23,3.23,3.23,15200,0.09
1981-07-02,3.23,3.23,3.23,3.23,000,0.09
1981-07-01,3.23,3.23,3.23,3.23,3200,0.09
1981-06-30,3.23,3.23,3.23,3.23,000,0.09
1981-06-29,3.19,3.23,3.19,3.23,40800,0.09
1981-06-26,3.12,3.19,3.12,3.19,22400,0.09
1981-06-25,3.12,3.12,3.12,3.12,3200,0.09
1981-06-24,3.19,3.19,3.19,3.19,7200,0.09
1981-06-23,3.08,3.14,3.03,3.14,15200,0.09
1981-06-22,3.08,3.08,3.08,3.08,21600,0.09
1981-06-19,3.08,3.08,3.03,3.03,21600,0.09
1981-06-18,3.30,3.30,3.19,3.19,12000,0.09
1981-06-17,3.30,3.30,3.30,3.30,21600,0.10
1981-06-16,3.30,3.30,3.30,3.30,7200,0.10
1981-06-15,3.30,3.30,3.30,3.30,12000,0.10
1981-06-12,3.30,3.30,3.23,3.30,29600,0.10
1981-06-11,3.23,3.30,3.23,3.30,29600,0.10
1981-06-10,3.23,3.23,3.23,3.23,12000,0.09
1981-06-09,3.19,3.23,3.19,3.23,21600,0.09
1981-06-08,3.14,3.19,3.14,3.19,36800,0.09
1981-06-05,3.08,3.08,3.08,3.08,3200,0.09
1981-06-04,3.03,3.14,3.03,3.08,159200,0.09
1981-06-03,2.78,2.94,2.78,2.94,112800,0.09
1981-06-02,2.58,2.72,2.58,2.72,190400,0.08
1981-06-01,2.62,2.62,2.52,2.52,60800,0.07
1981-05-29,2.62,2.62,2.62,2.62,000,0.08
1981-05-28,2.62,2.62,2.62,2.62,15200,0.08
1981-05-27,2.58,2.62,2.58,2.62,7200,0.08
1981-05-26,2.52,2.52,2.52,2.52,3200,0.07
1981-05-22,2.52,2.52,2.52,2.52,12000,0.07
1981-05-21,2.52,2.52,2.52,2.52,000,0.07
1981-05-20,2.52,2.52,2.52,2.52,3200,0.07
1981-05-19,2.47,2.47,2.47,2.47,000,0.07
1981-05-18,2.47,2.47,2.47,2.47,15200,0.07
1981-05-15,2.47,2.47,2.47,2.47,000,0.07
1981-05-14,2.47,2.47,2.47,2.47,3200,0.07
1981-05-13,2.47,2.47,2.47,2.47,3200,0.07
1981-05-12,2.47,2.52,2.47,2.47,12000,0.07
1981-05-11,2.47,2.47,2.47,2.47,000,0.07
1981-05-08,2.47,2.47,2.47,2.47,000,0.07
1981-05-07,2.47,2.47,2.47,2.47,000,0.07
1981-05-06,2.47,2.47,2.47,2.47,7200,0.07
1981-05-05,2.42,2.42,2.42,2.42,55200,0.07
1981-05-04,2.42,2.42,2.42,2.42,36800,0.07
1981-05-01,2.42,2.42,2.42,2.42,3200,0.07
1981-04-30,2.42,2.42,2.42,2.42,000,0.07
1981-04-29,2.47,2.47,2.42,2.42,15200,0.07
1981-04-28,2.47,2.47,2.47,2.47,21600,0.07
1981-04-27,2.42,2.42,2.42,2.42,15200,0.07
1981-04-24,2.47,2.47,2.47,2.47,12000,0.07
1981-04-23,2.47,2.47,2.42,2.42,15200,0.07
1981-04-22,2.47,2.47,2.47,2.47,3200,0.07
1981-04-21,2.47,2.52,2.47,2.47,134400,0.07
1981-04-20,2.47,2.47,2.47,2.47,12000,0.07
1981-04-16,2.47,2.47,2.47,2.47,000,0.07
1981-04-15,2.47,2.47,2.47,2.47,000,0.07
1981-04-14,2.47,2.47,2.47,2.47,000,0.07
1981-04-13,2.47,2.47,2.47,2.47,000,0.07
1981-04-10,2.47,2.47,2.47,2.47,000,0.07
1981-04-09,2.47,2.47,2.47,2.47,12000,0.07
1981-04-08,2.47,2.47,2.47,2.47,3200,0.07
1981-04-07,2.47,2.52,2.47,2.47,46400,0.07
1981-04-06,2.47,2.47,2.42,2.47,21600,0.07
1981-04-03,2.47,2.47,2.47,2.47,000,0.07
1981-04-02,2.47,2.47,2.47,2.47,000,0.07
1981-04-01,2.47,2.47,2.47,2.47,3200,0.07
1981-03-31,2.42,2.47,2.42,2.47,21600,0.07
1981-03-30,2.36,2.36,2.36,2.36,000,0.07
1981-03-27,2.36,2.36,2.36,2.36,7200,0.07
1981-03-26,2.47,2.47,2.47,2.47,7200,0.07
1981-03-25,2.47,2.47,2.47,2.47,12000,0.07
1981-03-24,2.47,2.47,2.47,2.47,15200,0.07
1981-03-23,2.47,2.47,2.47,2.47,3200,0.07
1981-03-20,2.42,2.42,2.42,2.42,51200,0.07
1981-03-19,2.42,2.42,2.42,2.42,3200,0.07
1981-03-18,2.42,2.42,2.42,2.42,43200,0.07
1981-03-17,2.36,2.36,2.36,2.36,7200,0.07
1981-03-16,2.31,2.31,2.31,2.31,000,0.07
1981-03-13,2.31,2.31,2.31,2.31,15200,0.07
1981-03-12,2.27,2.31,2.27,2.31,33600,0.07
1981-03-11,2.22,2.22,2.22,2.22,000,0.06
1981-03-10,2.31,2.31,2.22,2.22,55200,0.06
1981-03-09,2.31,2.31,2.31,2.31,12000,0.07
1981-03-06,2.31,2.31,2.27,2.27,129600,0.07
1981-03-05,2.36,2.36,2.36,2.36,000,0.07
1981-03-04,2.36,2.36,2.36,2.36,000,0.07
1981-03-03,2.36,2.36,2.36,2.36,000,0.07
1981-03-02,2.36,2.36,2.36,2.36,15200,0.07
1981-02-27,2.31,2.31,2.31,2.31,000,0.07
1981-02-26,2.31,2.31,2.31,2.31,000,0.07
1981-02-25,2.31,2.31,2.31,2.31,7200,0.07
1981-02-24,2.36,2.36,2.31,2.31,55200,0.07
1981-02-23,2.36,2.36,2.36,2.36,000,0.07
1981-02-20,2.36,2.36,2.36,2.36,29600,0.07
1981-02-19,2.47,2.47,2.47,2.47,000,0.07
1981-02-18,2.47,2.47,2.47,2.47,21600,0.07
1981-02-17,2.47,2.47,2.47,2.47,46400,0.07
1981-02-13,2.52,2.52,2.52,2.52,000,0.07
1981-02-12,2.52,2.52,2.52,2.52,000,0.07
1981-02-11,2.52,2.52,2.52,2.52,000,0.07
1981-02-10,2.52,2.52,2.52,2.52,3200,0.07
1981-02-09,2.47,2.47,2.47,2.47,000,0.07
1981-02-06,2.47,2.47,2.47,2.47,15200,0.07
1981-02-05,2.47,2.47,2.47,2.47,3200,0.07
1981-02-04,2.47,2.47,2.47,2.47,21600,0.07
1981-02-03,2.52,2.52,2.52,2.52,7200,0.07
1981-02-02,2.52,2.52,2.52,2.52,000,0.07
1981-01-30,2.52,2.52,2.52,2.52,000,0.07
1981-01-29,2.52,2.52,2.52,2.52,12000,0.07
1981-01-28,2.52,2.52,2.52,2.52,12000,0.07
1981-01-27,2.52,2.52,2.52,2.52,000,0.07
1981-01-26,2.52,2.52,2.47,2.52,12000,0.07
1981-01-23,2.52,2.52,2.52,2.52,7200,0.07
1981-01-22,2.52,2.52,2.52,2.52,12000,0.07
1981-01-21,2.52,2.52,2.52,2.52,21600,0.07
1981-01-20,2.52,2.52,2.52,2.52,000,0.07
1981-01-19,2.52,2.52,2.52,2.52,000,0.07
1981-01-16,2.52,2.52,2.52,2.52,7200,0.07
1981-01-15,2.52,2.52,2.52,2.52,000,0.07
1981-01-14,2.52,2.52,2.52,2.52,000,0.07
1981-01-13,2.52,2.52,2.52,2.52,12000,0.07
1981-01-12,2.47,2.47,2.47,2.47,12000,0.07
1981-01-09,2.42,2.42,2.42,2.42,000,0.07
1981-01-08,2.42,2.42,2.42,2.42,3200,0.07
1981-01-07,2.47,2.47,2.42,2.47,60800,0.07
1981-01-06,2.58,2.58,2.58,2.58,000,0.08
1981-01-05,2.58,2.58,2.58,2.58,7200,0.08
1981-01-02,2.58,2.58,2.58,2.58,000,0.08
1980-12-31,2.58,2.58,2.58,2.58,7200,0.08
1980-12-30,2.52,2.62,2.52,2.62,60800,0.08
1980-12-29,2.47,2.52,2.42,2.52,104000,0.07
1980-12-26,2.47,2.47,2.47,2.47,43200,0.07
1980-12-24,2.36,2.42,2.31,2.42,29600,0.07
1980-12-23,2.36,2.36,2.36,2.36,000,0.07
1980-12-22,2.36,2.36,2.36,2.36,000,0.07
1980-12-19,2.27,2.36,2.27,2.36,51200,0.07
1980-12-18,2.27,2.27,2.27,2.27,24800,0.07
1980-12-17,2.31,2.31,2.31,2.31,3200,0.07
1980-12-16,2.36,2.36,2.36,2.36,43200,0.07
1980-12-15,2.36,2.36,2.36,2.36,60800,0.07
1980-12-12,2.36,2.42,2.36,2.36,21600,0.07
1980-12-11,2.36,2.36,2.36,2.36,12000,0.07
1980-12-10,2.42,2.42,2.42,2.42,29600,0.07
1980-12-09,2.42,2.42,2.36,2.36,33600,0.07
1980-12-08,2.42,2.42,2.42,2.42,51200,0.07
1980-12-05,2.42,2.42,2.42,2.42,000,0.07
1980-12-04,2.36,2.42,2.31,2.42,147200,0.07
1980-12-03,2.36,2.36,2.27,2.36,235200,0.07
1980-12-02,2.47,2.47,2.42,2.42,21600,0.07
1980-12-01,2.62,2.72,2.52,2.52,108000,0.07
1980-11-28,2.62,2.62,2.62,2.62,3200,0.08
1980-11-26,2.67,2.67,2.62,2.62,12000,0.08
1980-11-25,2.83,2.83,2.72,2.72,46400,0.08
1980-11-24,2.87,2.87,2.87,2.87,000,0.08
1980-11-21,2.78,2.87,2.72,2.87,46400,0.08
1980-11-20,2.72,2.78,2.72,2.78,15200,0.08
1980-11-19,2.87,2.87,2.67,2.67,64800,0.08
1980-11-18,2.94,2.98,2.87,2.87,46400,0.08
1980-11-17,2.89,2.94,2.83,2.94,12000,0.09
1980-11-14,2.89,2.89,2.89,2.89,8000,0.08
1980-11-13,2.89,2.89,2.89,2.89,8000,0.08
1980-11-12,2.94,2.94,2.84,2.84,62400,0.08
1980-11-11,3.03,3.03,3.03,3.03,000,0.09
1980-11-10,3.08,3.08,3.03,3.03,29600,0.09
1980-11-07,3.08,3.08,3.08,3.08,8000,0.09
1980-11-06,3.08,3.08,3.08,3.08,12000,0.09
1980-11-05,3.08,3.08,3.08,3.08,21600,0.09
1980-11-03,3.08,3.08,3.08,3.08,17600,0.09
1980-10-31,2.98,3.03,2.98,3.03,50400,0.09
1980-10-30,2.94,2.94,2.94,2.94,17600,0.09
1980-10-29,3.03,3.03,3.03,3.03,8000,0.09
1980-10-28,3.03,3.03,3.03,3.03,44000,0.09
1980-10-27,3.03,3.03,3.03,3.03,72000,0.09
1980-10-24,2.98,3.03,2.98,3.03,21600,0.09
1980-10-23,2.94,2.94,2.89,2.94,53600,0.09
1980-10-22,2.98,2.98,2.98,2.98,21600,0.09
1980-10-21,3.03,3.03,2.89,2.94,204800,0.09
1980-10-20,3.08,3.08,3.08,3.08,36000,0.09
1980-10-17,3.08,3.08,3.08,3.08,26400,0.09
1980-10-16,3.08,3.08,3.08,3.08,29600,0.09
1980-10-15,3.08,3.08,3.08,3.08,8000,0.09
1980-10-14,3.03,3.08,3.03,3.03,44000,0.09
1980-10-13,2.94,2.94,2.94,2.94,17600,0.09
1980-10-10,2.98,2.98,2.98,2.98,8000,0.09
1980-10-09,3.03,3.03,3.03,3.03,21600,0.09
1980-10-08,2.94,2.94,2.94,2.94,12000,0.09
1980-10-07,3.03,3.03,2.98,2.98,39200,0.09
1980-10-06,3.03,3.03,3.03,3.03,000,0.09
1980-10-03,3.03,3.03,3.03,3.03,000,0.09
1980-10-02,3.03,3.03,3.03,3.03,000,0.09
1980-10-01,3.03,3.03,3.03,3.03,3200,0.09
1980-09-30,3.08,3.08,3.08,3.08,8000,0.09
1980-09-29,3.03,3.03,3.03,3.03,3200,0.09
1980-09-26,3.03,3.03,3.03,3.03,000,0.09
1980-09-25,3.08,3.08,3.03,3.03,17600,0.09
1980-09-24,3.14,3.14,3.14,3.14,000,0.09
1980-09-23,3.14,3.14,3.14,3.14,000,0.09
1980-09-22,3.14,3.14,3.14,3.14,3200,0.09
1980-09-19,3.08,3.08,3.08,3.08,3200,0.09
1980-09-18,3.14,3.19,3.14,3.14,26400,0.09
1980-09-17,3.14,3.14,3.14,3.14,000,0.09
1980-09-16,3.14,3.19,3.14,3.14,39200,0.09
1980-09-15,3.14,3.14,3.14,3.14,50400,0.09
1980-09-12,3.08,3.08,3.08,3.08,3200,0.09
1980-09-11,3.14,3.14,3.14,3.14,000,0.09
1980-09-10,3.14,3.14,3.14,3.14,3200,0.09
1980-09-09,3.08,3.08,3.08,3.08,000,0.09
1980-09-08,2.98,3.08,2.98,3.08,136800,0.09
1980-09-05,2.94,2.94,2.94,2.94,000,0.09
1980-09-04,2.94,2.94,2.94,2.94,000,0.09
1980-09-03,3.03,3.03,2.94,2.94,44000,0.09
1980-09-02,3.03,3.03,3.03,3.03,000,0.09
1980-08-29,3.03,3.03,3.03,3.03,39200,0.09
1980-08-28,3.08,3.08,3.08,3.08,000,0.09
1980-08-27,3.08,3.08,3.08,3.08,000,0.09
1980-08-26,3.14,3.14,3.08,3.08,8000,0.09
1980-08-25,3.14,3.14,3.14,3.14,8000,0.09
1980-08-22,3.14,3.14,3.08,3.14,68000,0.09
1980-08-21,3.19,3.19,3.19,3.19,3200,0.09
1980-08-20,3.19,3.19,3.14,3.14,44000,0.09
1980-08-19,3.19,3.19,3.19,3.19,000,0.09
1980-08-18,3.19,3.19,3.19,3.19,17600,0.09
1980-08-15,3.33,3.33,3.23,3.23,21600,0.09
1980-08-14,3.33,3.33,3.33,3.33,29600,0.10
1980-08-13,3.42,3.42,3.38,3.38,8000,0.10
1980-08-12,3.48,3.48,3.48,3.48,8000,0.10
1980-08-11,3.48,3.48,3.48,3.48,3200,0.10
1980-08-08,3.48,3.53,3.48,3.53,17600,0.10
1980-08-07,3.48,3.48,3.48,3.48,17600,0.10
1980-08-06,3.53,3.53,3.53,3.53,000,0.10
1980-08-05,3.53,3.53,3.53,3.53,3200,0.10
1980-08-04,3.58,3.63,3.58,3.58,29600,0.10
1980-08-01,3.58,3.58,3.58,3.58,12000,0.10
1980-07-31,3.67,3.67,3.58,3.58,58400,0.10
1980-07-30,3.63,3.67,3.63,3.67,36000,0.11
1980-07-29,3.14,3.14,3.14,3.14,000,0.09
1980-07-28,3.14,3.14,3.14,3.14,000,0.09
1980-07-25,3.14,3.14,3.14,3.14,000,0.09
1980-07-24,3.14,3.14,3.14,3.14,000,0.09
1980-07-23,3.14,3.14,3.14,3.14,000,0.09
1980-07-22,3.14,3.14,3.14,3.14,000,0.09
1980-07-21,3.14,3.53,3.14,3.14,3200,0.09
1980-07-18,3.14,3.14,3.14,3.14,000,0.09
1980-07-17,3.14,3.53,3.14,3.14,21600,0.09
1980-07-16,3.14,3.14,3.14,3.14,000,0.09
1980-07-15,3.14,3.14,3.14,3.14,000,0.09
1980-07-14,3.14,3.72,3.14,3.14,26400,0.09
1980-07-11,2.75,2.75,2.75,2.75,000,0.08
1980-07-10,2.75,2.75,2.75,2.75,000,0.08
1980-07-09,2.75,3.33,2.75,2.75,3200,0.08
1980-07-08,2.75,2.75,2.75,2.75,000,0.08
1980-07-07,2.75,2.75,2.75,2.75,000,0.08
1980-07-03,2.75,3.33,2.75,2.75,3200,0.08
1980-07-02,2.75,2.75,2.75,2.75,000,0.08
1980-07-01,2.75,3.33,2.75,2.75,21600,0.08
1980-06-30,2.75,3.33,2.75,2.75,36000,0.08
1980-06-27,2.55,2.55,2.55,2.55,000,0.07
1980-06-26,2.55,3.14,2.55,2.55,3200,0.07
1980-06-25,2.55,2.55,2.55,2.55,000,0.07
1980-06-24,2.75,3.14,2.55,2.55,17600,0.07
1980-06-23,2.75,2.75,2.75,2.75,000,0.08
1980-06-20,2.75,2.75,2.75,2.75,000,0.08
1980-06-19,2.75,2.75,2.75,2.75,000,0.08
1980-06-18,2.75,2.75,2.75,2.75,000,0.08
1980-06-17,2.75,3.33,2.75,2.75,3200,0.08
1980-06-16,2.75,3.33,2.75,2.75,26400,0.08
1980-06-13,2.75,2.75,2.75,2.75,000,0.08
1980-06-12,2.75,2.75,2.75,2.75,000,0.08
1980-06-11,2.94,3.33,2.75,2.75,26400,0.08
1980-06-10,2.94,2.94,2.94,2.94,000,0.09
1980-06-09,2.94,3.53,2.94,2.94,8000,0.09
1980-06-06,2.94,2.94,2.94,2.94,000,0.09
1980-06-05,2.94,2.94,2.94,2.94,000,0.09
1980-06-04,2.94,2.94,2.94,2.94,000,0.09
1980-06-03,2.94,2.94,2.94,2.94,000,0.09
1980-06-02,2.94,2.94,2.94,2.94,000,0.09
1980-05-30,2.94,2.94,2.94,2.94,000,0.09
1980-05-29,2.94,3.53,2.94,2.94,8000,0.09
1980-05-28,2.94,2.94,2.94,2.94,000,0.09
1980-05-27,2.94,2.94,2.94,2.94,000,0.09
1980-05-23,2.94,2.94,2.94,2.94,000,0.09
1980-05-22,2.94,3.53,2.94,2.94,8000,0.09
1980-05-21,2.98,3.53,2.94,2.94,8000,0.09
1980-05-20,2.98,2.98,2.98,2.98,000,0.09
1980-05-19,2.98,2.98,2.98,2.98,000,0.09
1980-05-16,2.98,2.98,2.98,2.98,000,0.09
1980-05-15,2.98,2.98,2.98,2.98,000,0.09
1980-05-14,2.98,2.98,2.98,2.98,000,0.09
1980-05-13,2.98,2.98,2.98,2.98,000,0.09
1980-05-12,2.98,2.98,2.98,2.98,000,0.09
1980-05-09,2.98,2.98,2.98,2.98,000,0.09
1980-05-08,2.98,2.98,2.98,2.98,000,0.09
1980-05-07,2.98,2.98,2.98,2.98,000,0.09
1980-05-06,2.98,2.98,2.98,2.98,000,0.09
1980-05-05,2.98,3.55,2.98,2.98,3200,0.09
1980-05-02,2.98,2.98,2.98,2.98,000,0.09
1980-05-01,2.98,2.98,2.98,2.98,000,0.09
1980-04-30,2.98,3.55,2.98,2.98,75200,0.09
1980-04-29,2.98,3.55,2.98,2.98,3200,0.09
1980-04-28,2.80,3.36,2.80,2.80,60800,0.08
1980-04-25,2.61,3.17,2.61,2.61,60800,0.08
1980-04-24,2.23,2.98,2.23,2.23,120000,0.07
1980-04-23,2.42,2.98,2.23,2.23,22400,0.07
1980-04-22,2.42,2.98,2.42,2.42,14400,0.07
1980-04-21,2.42,2.98,2.42,2.42,8000,0.07
1980-04-18,2.42,2.42,2.42,2.42,000,0.07
1980-04-17,2.42,2.42,2.42,2.42,000,0.07
1980-04-16,2.42,2.42,2.42,2.42,000,0.07
1980-04-15,2.42,2.98,2.42,2.42,8000,0.07
1980-04-14,2.42,2.42,2.42,2.42,000,0.07
1980-04-11,2.42,2.42,2.42,2.42,000,0.07
1980-04-10,2.42,2.98,2.42,2.42,3200,0.07
1980-04-09,2.42,2.42,2.42,2.42,000,0.07
1980-04-08,2.42,2.42,2.42,2.42,000,0.07
1980-04-07,2.42,2.42,2.42,2.42,000,0.07
1980-04-03,2.42,2.42,2.42,2.42,000,0.07
1980-04-02,2.42,2.98,2.42,2.42,72000,0.07
1980-04-01,2.42,2.42,2.42,2.42,000,0.07
1980-03-31,2.42,2.42,2.42,2.42,000,0.07
1980-03-28,2.61,3.17,2.42,2.42,3200,0.07
1980-03-27,2.61,3.17,2.61,2.61,8000,0.08
1980-03-26,2.61,3.17,2.61,2.61,14400,0.08
1980-03-25,2.61,2.61,2.61,2.61,000,0.08
1980-03-24,2.61,2.61,2.61,2.61,000,0.08
1980-03-21,2.61,2.61,2.61,2.61,000,0.08
1980-03-20,2.61,2.61,2.61,2.61,000,0.08
1980-03-19,2.61,2.61,2.61,2.61,000,0.08
1980-03-18,2.61,3.17,2.61,2.61,3200,0.08
1980-03-17,2.61,3.17,2.61,2.61,80000,0.08
