Date,Open,High,Low,Close,Volume,Adj Close
2014-12-08,33.31,33.86,33.01,33.56,520000,33.56
2014-12-05,33.48,33.79,33.19,33.46,797000,33.46
2014-12-04,33.27,33.73,32.68,33.53,664700,33.53
2014-12-03,32.76,33.50,32.67,33.40,486600,33.40
2014-12-02,32.96,33.17,32.50,32.66,923200,32.66
2014-12-01,34.29,34.42,32.87,32.92,876400,32.92
2014-11-28,33.49,34.56,33.41,34.50,580400,34.50
2014-11-26,33.45,33.84,33.11,33.43,313700,33.43
2014-11-25,33.47,33.83,33.29,33.54,681400,33.54
2014-11-24,32.57,33.63,32.56,33.47,840100,33.47
2014-11-21,32.56,33.12,32.44,32.72,602600,32.72
2014-11-20,31.59,32.37,31.59,32.18,746700,32.18
2014-11-19,31.71,31.80,31.42,31.70,389100,31.70
2014-11-18,31.68,32.04,31.53,31.67,533000,31.67
2014-11-17,32.37,32.55,31.63,31.69,500600,31.69
2014-11-14,32.53,32.70,32.15,32.48,276200,32.48
2014-11-13,32.52,32.83,32.30,32.53,413200,32.53
2014-11-12,31.63,32.47,31.57,32.43,550600,32.43
2014-11-11,31.56,32.00,31.34,31.64,487600,31.64
2014-11-10,31.46,31.73,31.37,31.67,321100,31.67
2014-11-07,31.40,31.70,31.24,31.42,410100,31.42
2014-11-06,31.31,31.62,31.31,31.51,515400,31.51
2014-11-05,31.37,31.84,31.33,31.43,824400,31.43
2014-11-04,30.63,31.41,30.40,31.27,521300,31.27
2014-11-03,30.88,31.19,30.56,30.76,591300,30.76
2014-10-31,31.41,31.41,30.89,30.97,1054400,30.97
2014-10-30,30.09,31.02,30.09,30.93,468300,30.93
2014-10-29,30.22,30.65,30.07,30.24,597400,30.24
2014-10-28,29.98,30.46,29.77,30.27,728500,30.27
2014-10-27,29.07,30.02,29.00,29.98,927700,29.98
2014-10-24,29.60,29.66,29.17,29.29,677500,29.29
2014-10-23,29.95,30.07,29.44,29.52,952000,29.52
2014-10-22,28.89,30.15,28.75,29.60,1741800,29.60
2014-10-21,28.13,30.99,28.00,28.77,4780900,28.77
2014-10-20,31.42,32.13,31.26,31.65,1279100,31.65
2014-10-17,32.26,32.26,31.41,31.57,1003900,31.57
2014-10-16,31.23,31.95,31.10,31.86,1279000,31.86
2014-10-15,31.55,32.09,31.31,31.73,1160400,31.73
2014-10-14,31.49,32.24,31.15,32.06,787600,32.06
2014-10-13,30.85,31.50,30.80,31.30,956900,31.30
2014-10-10,30.48,31.11,30.48,30.76,1147900,30.76
2014-10-09,30.99,30.99,30.35,30.61,1011200,30.61
2014-10-08,30.80,31.62,30.42,31.03,1476900,31.03
2014-10-07,30.09,30.51,29.91,30.00,661000,30.00
2014-10-06,30.62,30.90,30.28,30.31,453700,30.31
2014-10-03,30.36,30.63,30.12,30.55,429900,30.55
2014-10-02,29.88,30.23,29.69,30.18,852700,30.18
2014-10-01,30.18,30.45,29.87,29.95,777700,29.95
2014-09-30,30.71,30.95,30.34,30.35,754900,30.35
2014-09-29,30.49,31.20,30.16,30.99,1052100,30.76
2014-09-26,30.18,30.25,29.63,30.02,809100,29.80
2014-09-25,29.40,30.03,29.26,30.01,1076300,29.79
2014-09-24,28.61,29.56,28.54,29.52,601400,29.30
2014-09-23,28.67,28.89,28.53,28.55,453900,28.34
2014-09-22,29.17,29.23,28.75,28.78,394900,28.57
2014-09-19,29.33,29.49,29.07,29.23,1216000,29.01
2014-09-18,29.16,29.46,29.09,29.27,426400,29.05
2014-09-17,29.06,29.34,28.86,29.07,479000,28.85
2014-09-16,28.89,29.24,28.74,29.05,2298000,28.83
2014-09-15,28.87,29.06,28.62,29.00,477800,28.78
2014-09-12,28.90,29.11,28.50,28.81,812500,28.60
2014-09-11,28.50,28.98,28.21,28.89,559000,28.68
2014-09-10,28.49,28.65,28.24,28.61,459200,28.40
2014-09-09,28.28,28.67,28.23,28.41,627600,28.20
2014-09-08,28.24,28.44,28.08,28.36,654700,28.15
2014-09-05,27.92,28.25,27.76,28.24,529100,28.03
2014-09-04,27.98,28.22,27.80,28.03,785600,27.82
2014-09-03,27.88,28.06,27.61,27.98,875900,27.77
2014-09-02,27.83,28.01,27.45,27.82,724800,27.61
2014-08-29,28.00,28.07,27.66,27.86,617500,27.65
2014-08-28,27.88,28.11,27.55,28.01,576300,27.80
2014-08-27,27.64,28.72,27.48,27.97,1155500,27.76
2014-08-26,26.39,26.71,26.21,26.60,343000,26.40
2014-08-25,26.34,26.44,26.08,26.34,272300,26.14
2014-08-22,25.80,26.31,25.68,26.26,442100,26.07
2014-08-21,25.74,25.84,25.58,25.75,205600,25.56
2014-08-20,25.57,25.82,25.26,25.79,346200,25.60
2014-08-19,25.52,25.87,25.52,25.62,356900,25.43
2014-08-18,24.95,25.41,24.92,25.41,333200,25.22
2014-08-15,25.28,25.28,24.55,24.80,343200,24.62
2014-08-14,24.70,25.08,24.45,25.07,322200,24.88
2014-08-13,25.21,25.36,24.39,24.61,559200,24.43
2014-08-12,25.23,25.53,25.03,25.20,425800,25.01
2014-08-11,24.85,25.20,24.67,24.96,332800,24.77
2014-08-08,24.48,24.79,24.48,24.75,361600,24.57
2014-08-07,24.96,25.24,24.31,24.42,470300,24.24
2014-08-06,24.55,25.11,24.39,24.89,487100,24.71
2014-08-05,24.30,24.80,24.15,24.65,877100,24.47
2014-08-04,24.12,24.52,24.00,24.37,742500,24.19
2014-08-01,23.98,24.09,23.52,23.86,793500,23.68
2014-07-31,24.19,24.31,23.85,23.94,959500,23.76
2014-07-30,24.51,24.51,23.97,24.31,615500,24.13
2014-07-29,24.19,24.63,24.11,24.35,711300,24.17
2014-07-28,24.20,24.32,23.88,24.04,460100,23.86
2014-07-25,24.42,24.62,24.11,24.13,760400,23.95
2014-07-24,25.08,25.47,24.48,24.52,587900,24.34
2014-07-23,24.53,25.23,24.53,25.13,1215400,24.94
2014-07-22,24.03,24.66,23.42,24.60,2430500,24.42
2014-07-21,24.65,24.75,23.71,23.98,1283700,23.80
2014-07-18,24.75,27.96,24.67,24.77,713800,24.59
2014-07-17,25.00,25.02,24.65,24.75,833900,24.57
2014-07-16,25.43,25.45,24.90,25.08,1134200,24.89
2014-07-15,25.90,26.10,25.04,25.37,1506300,25.18
2014-07-14,25.97,26.00,25.63,25.96,857000,25.77
2014-07-11,25.34,26.21,25.31,25.88,3362900,25.69
2014-07-10,29.04,29.48,29.01,29.06,540700,28.84
2014-07-09,29.53,29.88,29.35,29.53,531700,29.31
2014-07-08,29.19,29.54,29.05,29.34,657200,29.12
2014-07-07,29.02,29.29,28.82,29.28,438000,29.06
2014-07-03,28.74,29.22,28.71,29.03,152800,28.81
2014-07-02,28.83,29.12,28.50,28.60,299200,28.39
2014-07-01,28.80,29.33,28.77,28.97,587600,28.75
2014-06-30,28.58,28.77,28.33,28.68,398800,28.47
2014-06-27,28.48,28.91,28.38,28.80,689100,28.36
2014-06-26,28.47,28.78,28.21,28.67,306300,28.23
2014-06-25,28.32,28.60,28.13,28.43,300500,27.99
2014-06-24,28.34,28.93,28.30,28.39,359100,27.95
2014-06-23,28.59,28.85,28.26,28.43,335600,27.99
2014-06-20,28.52,28.71,28.26,28.57,914400,28.13
2014-06-19,28.70,28.88,28.27,28.36,354200,27.92
2014-06-18,28.49,28.78,28.49,28.65,490700,28.21
2014-06-17,28.34,28.64,28.20,28.40,662500,27.96
2014-06-16,28.56,28.57,28.09,28.39,639800,27.95
2014-06-13,28.87,29.08,28.46,28.59,316300,28.15
2014-06-12,29.34,29.34,28.60,28.74,620000,28.30
2014-06-11,29.61,29.64,29.15,29.36,340400,28.91
2014-06-10,29.47,29.99,29.47,29.73,507500,29.27
2014-06-09,29.11,29.70,29.11,29.43,275200,28.98
2014-06-06,28.90,29.35,28.70,29.07,336600,28.62
2014-06-05,28.96,29.06,28.52,28.78,361800,28.34
2014-06-04,28.33,28.98,28.32,28.90,382200,28.46
2014-06-03,28.00,28.45,27.93,28.32,1253200,27.89
2014-06-02,27.96,28.26,27.77,28.09,542000,27.66
2014-05-30,28.24,28.50,27.93,27.96,378200,27.53
2014-05-29,28.21,28.38,28.00,28.15,358400,27.72
2014-05-28,28.54,28.55,27.90,28.04,565800,27.61
2014-05-27,28.74,29.10,28.53,28.61,465600,28.17
2014-05-23,28.74,28.74,28.23,28.49,388700,28.05
2014-05-22,28.71,28.92,28.39,28.62,272700,28.18
2014-05-21,28.66,28.89,28.04,28.53,449200,28.09
2014-05-20,29.58,29.58,28.37,28.57,684700,28.13
2014-05-19,29.30,29.68,29.09,29.60,555100,29.15
2014-05-16,28.80,29.33,28.58,29.23,383600,28.78
2014-05-15,29.01,29.36,28.14,28.77,708800,28.33
2014-05-14,29.58,29.84,29.04,29.13,584800,28.68
2014-05-13,29.77,30.00,29.38,29.66,605600,29.20
2014-05-12,29.36,30.02,29.32,29.72,541000,29.26
2014-05-09,28.61,29.30,28.59,29.22,502000,28.77
2014-05-08,28.82,29.56,28.66,28.74,487400,28.30
2014-05-07,28.63,28.94,28.29,28.79,700600,28.35
2014-05-06,29.12,29.26,28.47,28.49,409100,28.05
2014-05-05,29.10,29.33,28.72,29.04,329700,28.59
2014-05-02,28.76,29.61,28.76,29.14,440200,28.69
2014-05-01,29.16,29.19,28.51,28.73,630900,28.29
2014-04-30,29.24,29.40,28.69,29.21,720800,28.76
2014-04-29,30.07,30.49,29.09,29.25,1088200,28.80
2014-04-28,28.64,30.39,28.55,29.95,2614400,29.49
2014-04-25,28.39,28.57,27.98,28.32,897800,27.89
2014-04-24,28.30,28.50,28.04,28.39,1214400,27.95
2014-04-23,28.42,28.60,27.84,28.07,1200800,27.64
2014-04-22,27.47,29.95,27.47,28.53,4461200,28.09
2014-04-21,26.27,26.67,25.71,25.77,1224600,25.37
2014-04-17,26.16,26.18,25.93,26.13,640200,25.73
2014-04-16,26.46,27.47,26.06,26.19,704500,25.79
2014-04-15,27.27,27.27,25.67,26.32,1462900,25.92
2014-04-14,27.01,27.43,26.97,27.11,810400,26.69
2014-04-11,26.48,26.73,26.09,26.58,666200,26.17
2014-04-10,27.02,27.25,26.61,26.81,646000,26.40
2014-04-09,27.00,27.15,26.84,27.12,418400,26.70
2014-04-08,26.30,26.99,26.25,26.94,566500,26.53
2014-04-07,26.31,26.36,25.79,26.23,570600,25.83
2014-04-04,27.11,27.11,26.37,26.41,850300,26.00
2014-04-03,26.91,27.04,26.73,27.02,365600,26.61
2014-04-02,26.67,27.13,26.48,26.80,580400,26.39
2014-04-01,26.36,26.53,26.11,26.51,589500,26.10
2014-03-31,26.80,26.97,26.34,26.60,1000900,25.97
2014-03-28,26.13,26.77,25.86,26.62,629900,25.98
2014-03-27,26.00,26.10,25.70,26.08,913100,25.46
2014-03-26,26.25,26.25,25.73,25.96,608900,25.34
2014-03-25,26.18,26.33,25.66,26.05,446900,25.43
2014-03-24,26.11,26.24,25.53,25.99,661400,25.37
2014-03-21,25.62,26.34,25.50,25.99,1132300,25.37
2014-03-20,25.30,25.63,25.28,25.55,369000,24.94
2014-03-19,25.28,25.59,25.19,25.30,456000,24.70
2014-03-18,25.16,25.41,24.95,25.27,324700,24.67
2014-03-17,24.96,25.35,24.91,25.10,656700,24.50
2014-03-14,24.78,25.11,24.66,24.86,477200,24.27
2014-03-13,25.05,26.16,24.53,24.76,568300,24.17
2014-03-12,25.08,25.33,24.84,24.88,512600,24.29
2014-03-11,25.60,25.66,25.04,25.14,502500,24.54
2014-03-10,25.55,25.86,25.33,25.50,612200,24.89
2014-03-07,25.53,25.88,25.30,25.53,601200,24.92
2014-03-06,25.40,25.61,25.14,25.25,326300,24.65
2014-03-05,25.12,25.59,25.04,25.30,483200,24.70
2014-03-04,25.27,25.54,24.99,25.07,1662100,24.47
2014-03-03,24.99,25.38,24.90,24.96,686500,24.36
2014-02-28,24.97,25.51,24.67,25.14,1046200,24.54
2014-02-27,24.69,25.07,24.46,24.89,618700,24.30
2014-02-26,24.16,25.00,24.15,24.60,697100,24.01
2014-02-25,24.08,24.23,23.85,23.94,608900,23.37
2014-02-24,24.36,24.58,23.95,24.00,675600,23.43
2014-02-21,24.20,24.94,24.15,24.25,823000,23.67
2014-02-20,24.28,24.50,23.65,24.06,1134900,23.49
2014-02-19,24.87,25.08,24.70,24.72,337200,24.13
2014-02-18,25.13,25.23,24.83,24.91,496800,24.32
2014-02-14,24.93,25.24,24.81,25.02,506600,24.42
2014-02-13,24.58,25.00,24.13,24.84,944000,24.25
2014-02-12,25.49,25.74,24.45,24.66,1096100,24.07
2014-02-11,25.58,25.63,25.28,25.43,460000,24.82
2014-02-10,25.56,25.72,25.05,25.45,565900,24.84
2014-02-07,25.31,26.62,25.01,25.49,1730100,24.88
2014-02-06,25.21,25.49,24.94,24.99,854900,24.39
2014-02-05,25.09,25.52,24.74,25.06,1063500,24.46
2014-02-04,24.98,25.46,24.57,25.27,1490800,24.67
2014-02-03,24.81,25.12,24.60,24.83,1567200,24.24
2014-01-31,25.13,25.35,24.89,24.94,1773900,24.34
2014-01-30,24.38,25.11,24.14,25.03,1499900,24.43
2014-01-29,24.01,24.44,23.86,24.18,1803800,23.60
2014-01-28,25.38,25.90,24.02,24.30,7695700,23.72
2014-01-27,31.20,31.79,30.90,31.22,1479900,30.48
2014-01-24,31.36,31.40,30.95,31.03,973200,30.29
2014-01-23,31.74,32.02,31.28,31.39,814300,30.64
2014-01-22,31.61,32.01,31.30,31.89,364800,31.13
2014-01-21,31.64,31.70,31.00,31.49,564500,30.74
2014-01-17,31.64,31.76,30.82,31.34,883500,30.59
2014-01-16,31.41,31.91,31.40,31.85,835000,31.09
2014-01-15,31.54,31.96,31.40,31.77,539300,31.01
2014-01-14,31.16,31.71,30.74,31.40,653900,30.65
2014-01-13,32.52,32.70,30.98,31.21,1380300,30.47
2014-01-10,32.86,33.02,32.60,32.95,517300,32.16
2014-01-09,33.17,33.60,32.13,32.76,732600,31.98
2014-01-08,33.14,33.41,32.98,33.14,569200,32.35
2014-01-07,33.26,33.45,32.97,33.21,523000,32.42
2014-01-06,33.35,33.66,33.08,33.19,401100,32.40
2014-01-03,33.54,33.77,33.36,33.39,250300,32.59
2014-01-02,33.32,33.67,33.22,33.56,534500,32.76
2013-12-31,33.42,33.57,33.16,33.34,341700,32.54
2013-12-30,33.57,33.70,33.33,33.58,310500,32.55
2013-12-27,33.66,33.80,33.42,33.65,230200,32.62
2013-12-26,33.51,33.74,33.41,33.52,295600,32.50
2013-12-24,33.51,33.66,33.42,33.50,269800,32.48
2013-12-23,33.70,33.95,33.38,33.45,548400,32.43
2013-12-20,33.44,33.68,33.39,33.49,1265900,32.47
2013-12-19,33.73,33.95,33.26,33.32,561700,32.30
2013-12-18,33.42,33.92,33.09,33.84,769700,32.81
2013-12-17,33.37,33.45,32.94,33.29,545900,32.27
2013-12-16,33.42,33.75,33.09,33.27,642000,32.25
2013-12-13,33.66,33.88,33.16,33.35,396600,32.33
2013-12-12,33.82,34.06,33.53,33.63,402900,32.60
2013-12-11,34.18,34.18,33.70,33.77,387400,32.74
2013-12-10,34.16,34.47,34.03,34.09,279900,33.05
2013-12-09,34.03,34.47,33.86,34.27,311800,33.22
2013-12-06,34.10,34.39,33.92,34.03,327400,32.99
2013-12-05,33.27,33.87,33.11,33.74,378800,32.71
2013-12-04,33.01,33.58,32.95,33.30,301700,32.28
2013-12-03,33.23,33.26,32.83,33.09,597200,32.08
2013-12-02,34.03,34.20,33.27,33.36,431600,32.34
2013-11-29,34.28,34.35,33.88,34.06,198800,33.02
2013-11-27,34.06,34.14,33.77,34.09,281900,33.05
2013-11-26,34.36,34.52,33.82,34.00,471200,32.96
2013-11-25,34.10,34.38,34.02,34.31,342100,33.26
2013-11-22,34.08,34.39,33.49,34.04,523700,33.00
2013-11-21,33.99,34.29,33.74,34.03,440300,32.99
2013-11-20,34.21,34.26,33.65,33.81,433300,32.78
2013-11-19,34.10,34.33,33.92,34.12,586800,33.08
2013-11-18,34.49,34.49,34.04,34.19,449900,33.15
2013-11-15,34.25,34.53,34.11,34.35,467200,33.30
2013-11-14,34.35,34.42,34.00,34.28,286100,33.23
2013-11-13,34.01,34.48,33.79,34.29,406700,33.24
2013-11-12,33.97,34.35,33.97,34.26,258300,33.21
2013-11-11,33.85,34.09,33.78,33.98,470600,32.94
2013-11-08,33.47,33.89,33.06,33.81,615800,32.78
2013-11-07,33.83,33.93,33.43,33.51,946400,32.49
2013-11-06,34.16,34.16,33.62,33.69,460300,32.66
2013-11-05,34.17,34.25,33.67,33.97,651900,32.93
2013-11-04,34.24,34.57,34.02,34.21,361900,33.16
2013-11-01,34.18,34.33,33.85,34.12,700400,33.08
2013-10-31,34.65,34.73,34.23,34.24,544500,33.19
2013-10-30,34.69,34.83,34.27,34.61,474200,33.55
2013-10-29,34.75,34.93,34.29,34.56,627600,33.50
2013-10-28,34.63,34.81,34.42,34.57,585800,33.51
2013-10-25,34.62,35.00,34.25,34.68,829300,33.62
2013-10-24,34.70,34.97,34.27,34.55,1035300,33.49
2013-10-23,34.64,34.97,34.22,34.62,1088400,33.56
2013-10-22,33.62,35.38,33.45,34.93,3116700,33.86
2013-10-21,35.81,36.21,35.37,36.01,1428700,34.91
2013-10-18,36.83,36.83,35.45,35.89,1627700,34.79
2013-10-17,36.54,36.75,36.31,36.56,979400,35.44
2013-10-16,36.93,37.09,36.39,36.69,545800,35.57
2013-10-15,37.18,37.38,36.62,36.66,357600,35.54
2013-10-14,36.94,37.49,36.94,37.29,278500,36.15
2013-10-11,36.64,37.15,36.53,37.01,404900,35.88
2013-10-10,36.94,37.31,36.60,36.80,448300,35.68
2013-10-09,36.23,36.57,35.95,36.44,483200,35.33
2013-10-08,36.05,36.44,35.98,36.05,458300,34.95
2013-10-07,36.23,36.41,36.04,36.06,768700,34.96
2013-10-04,36.82,36.82,35.79,36.53,1761400,35.41
2013-10-03,38.24,38.34,37.55,37.77,414500,36.62
2013-10-02,38.31,38.74,37.71,38.39,264700,37.22
2013-10-01,38.21,39.00,37.96,38.44,486600,37.27
2013-09-30,37.75,38.35,37.51,38.11,397000,36.95
2013-09-27,37.66,38.07,37.49,37.99,232800,36.83
2013-09-26,37.90,38.58,37.77,38.08,347500,36.71
2013-09-25,37.75,38.35,37.24,37.79,237600,36.43
2013-09-24,37.68,38.12,37.32,37.64,262100,36.29
2013-09-23,37.72,37.94,37.42,37.58,356500,36.23
2013-09-20,38.02,38.10,37.64,37.66,863800,36.31
2013-09-19,38.19,38.25,37.87,38.03,292600,36.66
2013-09-18,37.98,38.39,37.61,38.20,408700,36.83
2013-09-17,37.51,38.06,37.51,38.05,297200,36.68
2013-09-16,37.76,37.82,37.26,37.56,252100,36.21
2013-09-13,37.75,37.75,37.29,37.51,246300,36.16
2013-09-12,38.12,38.14,37.38,37.66,361500,36.31
2013-09-11,37.86,38.22,37.76,38.18,485200,36.81
2013-09-10,37.28,37.86,37.17,37.82,410800,36.46
2013-09-09,36.84,37.30,36.84,37.09,235400,35.76
2013-09-06,37.35,37.57,36.44,36.79,252200,35.47
2013-09-05,37.02,37.52,36.86,37.09,166100,35.76
2013-09-04,37.27,37.50,36.96,37.08,390800,35.75
2013-09-03,37.79,38.28,37.00,37.21,775200,35.87
2013-08-30,38.00,38.15,37.27,37.51,1143500,36.16
2013-08-29,37.58,38.12,37.52,38.06,390700,36.69
2013-08-28,37.72,38.00,37.18,37.58,668400,36.23
2013-08-27,37.94,38.26,37.46,37.66,534800,36.31
2013-08-26,38.36,38.61,38.09,38.19,553600,36.82
2013-08-23,38.69,38.80,38.15,38.40,273200,37.02
2013-08-22,38.71,38.94,38.50,38.69,215300,37.30
2013-08-21,38.53,38.85,38.34,38.47,346600,37.09
2013-08-20,38.48,38.89,38.45,38.73,308000,37.34
2013-08-19,38.47,38.73,38.27,38.35,360100,36.97
2013-08-16,38.40,38.76,38.29,38.29,507900,36.92
2013-08-15,38.15,38.67,38.15,38.35,572500,36.97
2013-08-14,38.85,38.85,38.51,38.53,231900,37.15
2013-08-13,38.75,38.80,38.43,38.76,349200,37.37
2013-08-12,38.74,38.80,38.15,38.61,756700,37.22
2013-08-09,38.98,39.03,38.59,38.89,1116600,37.49
2013-08-08,39.14,39.37,38.81,38.98,485400,37.58
2013-08-07,39.99,39.99,39.03,39.06,391500,37.66
2013-08-06,39.85,40.21,39.12,40.02,344800,38.58
2013-08-05,40.17,40.80,39.66,39.94,314400,38.51
2013-08-02,40.27,40.48,39.94,40.31,209100,38.86
2013-08-01,40.21,40.58,39.82,40.50,661400,39.05
2013-07-31,39.31,40.13,39.14,39.99,592400,38.55
2013-07-30,39.12,39.33,38.68,39.25,462000,37.84
2013-07-29,38.97,39.27,38.73,38.96,266900,37.56
2013-07-26,39.10,39.20,38.55,38.95,289700,37.55
2013-07-25,38.65,39.38,38.60,39.34,486400,37.93
2013-07-24,38.14,38.74,38.14,38.59,378100,37.20
2013-07-23,38.74,39.93,37.75,37.89,1064000,36.53
2013-07-22,38.97,39.40,38.51,38.59,1100200,37.20
2013-07-19,39.49,39.67,38.96,39.27,359500,37.86
2013-07-18,39.18,39.80,39.06,39.46,503200,38.04
2013-07-17,40.31,40.35,39.04,39.06,808200,37.66
2013-07-16,40.33,40.44,40.10,40.38,462100,38.93
2013-07-15,40.25,40.40,39.85,40.39,322200,38.94
2013-07-12,40.33,40.39,39.96,40.19,198500,38.75
2013-07-11,40.00,40.42,39.83,40.29,251800,38.84
2013-07-10,39.54,39.87,38.93,39.82,235600,38.39
2013-07-09,39.38,39.65,39.15,39.49,261000,38.07
2013-07-08,38.41,39.44,38.41,39.32,367500,37.91
2013-07-05,38.93,38.93,38.02,38.39,235400,37.01
2013-07-03,37.95,38.60,37.59,38.41,152700,37.03
2013-07-02,37.79,38.28,37.62,38.00,355400,36.64
2013-07-01,37.63,38.39,37.63,37.88,377000,36.52
2013-06-28,37.33,37.92,37.28,37.55,727400,36.20
2013-06-27,37.49,37.80,37.46,37.64,378300,36.09
2013-06-26,36.97,37.43,36.71,37.26,339000,35.72
2013-06-25,37.25,37.59,36.52,36.82,509900,35.30
2013-06-24,37.11,37.50,36.91,37.07,529600,35.54
2013-06-21,37.24,37.74,36.66,37.37,823900,35.83
2013-06-20,37.75,38.27,36.95,37.16,624800,35.63
2013-06-19,38.57,38.66,37.86,38.01,453800,36.44
2013-06-18,38.60,38.72,38.28,38.70,598800,37.10
2013-06-17,38.25,38.75,38.07,38.50,559100,36.91
2013-06-14,39.22,39.61,38.73,38.76,357000,37.16
2013-06-13,38.15,39.22,38.05,39.15,376200,37.53
2013-06-12,38.49,38.78,38.02,38.25,458400,36.67
2013-06-11,37.97,38.50,37.57,38.33,492600,36.75
2013-06-10,37.75,38.27,37.70,38.25,323300,36.67
2013-06-07,37.50,38.00,37.45,37.76,255500,36.20
2013-06-06,37.09,37.29,36.64,37.29,384000,35.75
2013-06-05,36.80,37.17,36.51,37.00,743100,35.47
2013-06-04,36.76,37.10,36.62,36.86,353300,35.34
2013-06-03,36.68,36.90,36.20,36.66,599000,35.15
2013-05-31,36.61,37.23,36.33,36.58,372400,35.07
2013-05-30,35.99,36.82,35.96,36.80,419000,35.28
2013-05-29,35.63,36.07,35.55,36.00,320500,34.51
2013-05-28,35.47,35.98,35.40,35.92,575200,34.44
2013-05-24,34.66,35.14,34.51,35.11,822600,33.66
2013-05-23,35.17,35.47,34.55,34.93,417100,33.49
2013-05-22,35.29,36.07,35.16,35.37,686600,33.91
2013-05-21,35.48,35.66,35.30,35.35,228400,33.89
2013-05-20,35.20,35.80,35.03,35.52,398100,34.05
2013-05-17,35.08,35.40,34.76,35.18,420500,33.73
2013-05-16,35.19,35.36,34.71,34.94,534700,33.50
2013-05-15,35.16,35.30,34.93,35.18,476300,33.73
2013-05-14,34.93,35.41,34.67,35.14,543300,33.69
2013-05-13,35.19,35.22,34.60,34.86,577200,33.42
2013-05-10,35.44,35.51,34.85,35.11,710700,33.66
2013-05-09,36.23,36.33,35.31,35.80,414100,34.32
2013-05-08,36.39,36.53,35.96,36.20,445000,34.71
2013-05-07,36.49,36.62,36.19,36.39,388500,34.89
2013-05-06,36.55,36.84,36.25,36.37,325400,34.87
2013-05-03,35.50,36.82,35.32,36.52,1240300,35.01
2013-05-02,34.86,35.03,34.69,34.84,480000,33.40
2013-05-01,34.76,35.05,34.51,34.61,692900,33.18
2013-04-30,34.39,35.01,34.20,34.93,1040800,33.49
2013-04-29,34.39,34.87,34.09,34.46,854700,33.04
2013-04-26,33.86,34.24,33.74,34.09,653600,32.68
2013-04-25,33.98,34.26,33.64,33.90,860000,32.50
2013-04-24,33.68,34.06,33.20,33.90,1150200,32.50
2013-04-23,33.68,34.70,33.34,33.81,3413100,32.41
2013-04-22,35.52,36.70,35.08,35.90,788600,34.42
2013-04-19,34.79,35.50,34.79,35.44,404200,33.98
2013-04-18,35.33,35.33,34.67,34.85,494900,33.41
2013-04-17,35.68,35.86,35.01,35.21,548000,33.76
2013-04-16,35.88,35.92,35.45,35.85,430600,34.37
2013-04-15,36.71,36.98,35.50,35.59,522900,34.12
2013-04-12,36.91,37.23,36.64,36.81,283600,35.29
2013-04-11,36.63,37.37,36.63,37.02,301100,35.49
2013-04-10,36.32,36.77,36.32,36.68,378900,35.17
2013-04-09,36.51,36.57,36.13,36.22,248000,34.73
2013-04-08,36.12,36.52,35.96,36.50,241700,34.99
2013-04-05,35.48,36.03,35.33,35.98,418800,34.49
2013-04-04,35.82,36.05,35.60,36.03,314700,34.54
2013-04-03,36.15,36.30,35.68,35.78,409900,34.30
2013-04-02,36.13,36.30,35.75,36.12,822000,34.63
2013-04-01,37.01,37.10,36.13,36.16,423900,34.47
2013-03-28,37.05,37.07,36.72,36.94,353000,35.21
2013-03-27,36.79,37.04,36.44,36.98,576800,35.25
2013-03-26,37.46,37.46,36.74,36.99,509600,35.26
2013-03-25,37.65,37.66,37.11,37.22,500300,35.48
2013-03-22,37.64,37.84,37.35,37.43,547900,35.68
2013-03-21,37.88,38.07,37.39,37.58,304900,35.82
2013-03-20,37.64,38.23,37.64,38.12,339200,36.33
2013-03-19,37.75,37.82,37.33,37.58,398400,35.82
2013-03-18,37.27,37.74,37.27,37.57,337900,35.81
2013-03-15,37.88,37.88,37.44,37.74,712400,35.97
2013-03-14,37.73,37.90,37.52,37.83,452000,36.06
2013-03-13,37.41,38.00,37.39,37.75,610700,35.98
2013-03-12,37.53,37.63,37.35,37.50,588600,35.74
2013-03-11,37.59,37.70,37.37,37.64,425600,35.88
2013-03-08,37.87,37.93,37.41,37.72,498200,35.95
2013-03-07,37.49,37.92,37.22,37.54,481900,35.78
2013-03-06,37.59,37.99,37.34,37.57,630500,35.81
2013-03-05,37.10,37.73,37.10,37.60,912500,35.84
2013-03-04,36.34,37.29,36.23,37.03,884200,35.30
2013-03-01,36.10,36.53,35.11,36.48,1594700,34.77
2013-02-28,36.17,36.65,35.94,36.28,696900,34.58
2013-02-27,36.16,36.63,35.95,36.09,993300,34.40
2013-02-26,36.73,37.08,35.96,36.11,727500,34.42
2013-02-25,37.50,37.54,36.49,36.49,458000,34.78
2013-02-22,37.53,37.76,37.18,37.45,354300,35.70
2013-02-21,37.41,37.74,37.22,37.27,770600,35.52
2013-02-20,37.84,37.90,37.36,37.39,613600,35.64
2013-02-19,37.55,38.06,37.27,37.90,630800,36.12
2013-02-15,37.78,37.81,37.33,37.48,809900,35.72
2013-02-14,37.40,37.65,36.96,37.56,695900,35.80
2013-02-13,36.35,37.60,36.29,37.56,1614700,35.80
2013-02-12,37.38,37.48,37.15,37.28,1563000,35.53
2013-02-11,37.17,37.64,36.96,37.44,800400,35.69
2013-02-08,36.83,37.41,36.83,37.12,491100,35.38
2013-02-07,36.86,37.00,36.49,36.82,527700,35.10
2013-02-06,36.16,36.81,36.01,36.65,546100,34.93
2013-02-05,36.05,36.67,35.99,36.41,689800,34.70
2013-02-04,35.98,36.23,35.75,35.99,1217800,34.30
2013-02-01,35.74,36.66,35.21,36.22,1312700,34.52
2013-01-31,34.67,35.98,34.43,35.68,1337700,34.01
2013-01-30,34.18,35.79,34.18,34.77,1502500,33.14
2013-01-29,34.74,35.01,33.92,34.33,2553900,32.72
2013-01-28,34.91,35.54,34.37,35.43,1381500,33.77
2013-01-25,34.95,35.20,34.65,34.98,675400,33.34
2013-01-24,34.78,35.55,34.66,34.91,881000,33.27
2013-01-23,34.80,34.84,34.58,34.66,378600,33.04
2013-01-22,34.43,35.01,34.29,34.76,1204400,33.13
2013-01-18,34.41,34.64,34.28,34.40,422200,32.79
2013-01-17,34.43,34.60,34.14,34.39,421800,32.78
2013-01-16,34.39,34.56,34.23,34.25,265500,32.65
2013-01-15,33.74,34.66,33.74,34.40,750400,32.79
2013-01-14,33.66,34.05,33.23,34.03,475000,32.44
2013-01-11,33.57,33.88,33.16,33.72,652400,32.14
2013-01-10,33.77,33.77,32.93,33.44,660600,31.87
2013-01-09,34.20,34.37,33.52,33.57,333900,32.00
2013-01-08,34.29,34.60,33.89,34.02,255600,32.43
2013-01-07,34.59,34.98,34.09,34.43,367800,32.82
2013-01-04,34.77,35.09,34.39,34.86,341200,33.23
2013-01-03,35.05,35.20,34.49,34.56,400600,32.94
2013-01-02,35.14,35.14,34.52,35.10,593900,33.46
2012-12-31,33.64,34.39,33.54,34.36,322400,32.75
2012-12-28,33.93,34.10,33.52,33.70,236200,31.92
2012-12-27,34.63,34.77,33.70,34.02,425800,32.22
2012-12-26,35.25,35.37,34.49,34.66,370800,32.83
2012-12-24,35.37,35.37,34.96,35.11,118900,33.26
2012-12-21,35.67,35.67,34.48,35.30,889500,33.44
2012-12-20,36.03,36.24,35.59,35.94,508800,34.04
2012-12-19,36.33,36.73,35.96,36.05,307400,34.15
2012-12-18,35.88,36.44,35.75,36.39,394800,34.47
2012-12-17,35.30,35.78,35.22,35.78,379400,33.89
2012-12-14,35.20,35.52,34.95,35.16,199000,33.30
2012-12-13,35.53,35.94,35.24,35.32,212600,33.46
2012-12-12,35.82,35.89,35.21,35.38,412800,33.51
2012-12-11,35.48,35.83,35.40,35.81,471100,33.92
2012-12-10,34.91,35.54,34.91,35.24,406800,33.38
2012-12-07,35.37,35.56,34.88,35.40,289500,33.53
2012-12-06,35.16,35.40,34.92,35.24,186400,33.38
2012-12-05,35.11,35.51,34.78,35.24,201000,33.38
2012-12-04,34.70,35.25,34.36,35.05,311200,33.20
2012-12-03,34.89,35.44,34.35,34.62,270800,32.79
2012-11-30,34.57,34.93,34.52,34.76,320600,32.93
2012-11-29,34.98,35.13,34.08,34.42,408400,32.60
2012-11-28,34.21,34.89,33.80,34.83,369200,32.99
2012-11-27,34.31,34.78,33.95,34.45,315600,32.63
2012-11-26,34.46,34.82,33.71,34.30,473800,32.49
2012-11-23,34.49,35.05,34.48,34.64,171000,32.81
2012-11-21,34.87,35.00,34.19,34.30,270600,32.49
2012-11-20,35.04,35.37,34.46,34.85,255100,33.01
2012-11-19,34.64,35.41,34.31,35.21,352900,33.35
2012-11-16,34.16,34.41,33.88,34.40,553300,32.58
2012-11-15,34.10,34.59,33.98,34.26,307700,32.45
2012-11-14,34.24,34.24,33.64,34.13,402300,32.33
2012-11-13,33.97,34.87,33.78,34.09,293900,32.29
2012-11-12,34.36,34.43,33.83,34.11,255300,32.31
2012-11-09,34.26,34.69,33.76,34.31,684900,32.50
2012-11-08,34.48,34.61,34.04,34.49,545000,32.67
2012-11-07,34.65,34.69,34.00,34.44,502300,32.62
2012-11-06,34.96,35.13,34.79,34.96,314100,33.11
2012-11-05,34.75,34.96,34.44,34.75,367100,32.92
2012-11-02,34.87,34.94,34.51,34.68,398800,32.85
2012-11-01,33.34,34.99,33.34,34.73,655200,32.90
2012-10-31,32.98,33.41,32.68,33.34,311800,31.58
2012-10-26,33.31,33.58,32.65,32.79,755900,31.06
2012-10-25,33.16,33.36,33.00,33.21,476700,31.46
2012-10-24,33.84,34.10,32.78,32.97,678200,31.23
2012-10-23,32.00,34.46,31.22,33.86,1841900,32.07
2012-10-22,33.70,33.71,32.81,33.40,478000,31.64
2012-10-19,34.35,34.35,33.37,33.68,773400,31.90
2012-10-18,34.64,34.83,34.31,34.51,190800,32.69
2012-10-17,34.71,34.79,34.38,34.65,312800,32.82
2012-10-16,34.57,34.97,34.53,34.75,120800,32.92
2012-10-15,34.25,34.55,34.06,34.49,220100,32.67
2012-10-12,34.41,34.79,34.16,34.25,197500,32.44
2012-10-11,34.85,34.93,34.32,34.50,364000,32.68
2012-10-10,34.84,35.04,34.57,34.65,171200,32.82
2012-10-09,35.24,35.39,34.82,34.90,258400,33.06
2012-10-08,35.28,35.45,35.11,35.31,232500,33.45
2012-10-05,35.18,35.52,35.18,35.43,449100,33.56
2012-10-04,34.33,35.65,34.33,35.16,737600,33.30
2012-10-03,34.31,34.65,34.13,34.28,218700,32.47
2012-10-02,34.32,34.51,33.87,34.28,446800,32.47
2012-10-01,35.17,35.26,34.18,34.19,603200,32.39
2012-09-28,34.69,35.22,34.44,35.04,327900,33.19
2012-09-27,35.62,35.84,34.82,34.90,478000,33.06
2012-09-26,35.65,35.84,35.42,35.75,326000,33.71
2012-09-25,36.18,36.83,35.41,35.49,450100,33.47
2012-09-24,37.04,37.24,36.14,36.17,340400,34.11
2012-09-21,37.45,37.81,36.99,37.00,631300,34.89
2012-09-20,36.71,37.22,36.38,37.04,240500,34.93
2012-09-19,37.00,37.22,36.68,36.97,282500,34.86
2012-09-18,37.05,37.12,36.69,37.03,231800,34.92
2012-09-17,36.90,37.04,36.71,36.92,255600,34.81
2012-09-14,36.94,37.63,36.59,37.10,526000,34.98
2012-09-13,36.56,36.92,36.01,36.70,337100,34.61
2012-09-12,36.10,36.49,34.44,36.44,242000,34.36
2012-09-11,35.89,36.19,35.68,36.09,307900,34.03
2012-09-10,35.58,36.14,35.48,35.95,426600,33.90
2012-09-07,36.06,36.22,35.62,35.67,283300,33.64
2012-09-06,35.95,36.00,35.50,35.91,482400,33.86
2012-09-05,35.95,36.00,35.53,35.77,682400,33.73
2012-09-04,35.37,35.81,34.74,35.73,326900,33.69
2012-08-31,35.42,35.51,34.84,35.28,279000,33.27
2012-08-30,35.65,35.89,35.15,35.27,321100,33.26
2012-08-29,35.98,36.00,35.65,35.87,253900,33.82
2012-08-28,35.71,36.22,35.71,35.97,308200,33.92
2012-08-27,36.41,36.60,35.83,35.92,195000,33.87
2012-08-24,36.30,36.42,35.92,36.31,500600,34.24
2012-08-23,36.70,36.90,36.42,36.45,294600,34.37
2012-08-22,36.71,36.97,35.65,36.70,177300,34.61
2012-08-21,36.64,36.95,36.38,36.75,285500,34.65
2012-08-20,36.73,36.76,36.12,36.59,176900,34.50
2012-08-17,36.52,36.74,36.18,36.70,222400,34.61
2012-08-16,36.17,36.67,35.94,36.60,224700,34.51
2012-08-15,35.56,36.42,35.35,36.25,192200,34.18
2012-08-14,35.80,36.13,35.58,35.69,165700,33.65
2012-08-13,35.75,35.81,35.43,35.73,267700,33.69
2012-08-10,36.10,36.26,35.55,35.86,230300,33.82
2012-08-09,36.49,36.57,36.12,36.21,192600,34.15
2012-08-08,36.50,36.84,36.24,36.49,193200,34.41
2012-08-07,35.98,36.97,35.98,36.75,392300,34.65
2012-08-06,36.40,36.49,35.67,35.69,422100,33.65
2012-08-03,35.54,36.36,35.24,36.35,355900,34.28
2012-08-02,34.99,35.81,34.43,35.05,224200,33.05
2012-08-01,35.58,36.00,34.94,35.15,354600,33.15
2012-07-31,36.01,36.22,35.52,35.56,223400,33.53
2012-07-30,36.57,36.80,35.89,36.18,209600,34.12
2012-07-27,35.95,36.69,35.91,36.53,552800,34.45
2012-07-26,35.96,35.99,35.41,35.80,406400,33.76
2012-07-25,35.14,35.74,34.17,35.34,578900,33.32
2012-07-24,32.93,34.93,32.31,34.88,1302900,32.89
2012-07-23,32.66,32.95,32.44,32.74,625000,30.87
2012-07-20,33.60,33.71,32.95,33.08,290400,31.19
2012-07-19,33.59,33.98,33.36,33.71,189000,31.79
2012-07-18,33.22,33.83,33.11,33.43,423200,31.52
2012-07-17,33.46,33.79,32.99,33.26,290600,31.36
2012-07-16,33.40,33.43,32.79,33.23,250300,31.34
2012-07-13,33.00,33.45,32.95,33.39,488600,31.49
2012-07-12,33.13,33.30,32.62,32.93,585700,31.05
2012-07-11,34.29,34.29,33.29,33.38,496700,31.48
2012-07-10,34.71,35.07,34.21,34.37,263300,32.41
2012-07-09,34.56,34.73,34.20,34.45,241900,32.49
2012-07-06,34.74,34.89,34.47,34.63,172600,32.66
2012-07-05,34.40,35.51,33.96,35.06,315400,33.06
2012-07-03,33.78,34.55,33.78,34.47,196500,32.50
2012-07-02,33.66,34.26,33.56,33.88,466200,31.95
2012-06-29,33.44,34.05,33.28,33.71,567700,31.79
2012-06-28,32.43,32.70,31.96,32.70,315800,30.84
2012-06-27,32.58,32.96,31.98,32.82,466300,30.80
2012-06-26,32.68,32.95,32.17,32.61,401500,30.60
2012-06-25,33.23,33.40,32.72,32.74,344600,30.72
2012-06-22,33.93,33.95,33.56,33.61,553500,31.54
2012-06-21,35.13,35.35,33.68,33.83,575800,31.75
2012-06-20,35.35,35.57,34.99,35.13,201600,32.97
2012-06-19,35.25,35.99,35.10,35.35,417300,33.17
2012-06-18,35.10,35.39,34.58,35.09,325500,32.93
2012-06-15,34.72,35.39,34.68,35.26,716800,33.09
2012-06-14,33.63,34.95,33.59,34.74,494800,32.60
2012-06-13,34.17,34.64,33.56,33.65,466400,31.58
2012-06-12,34.05,34.40,33.73,34.34,298400,32.22
2012-06-11,34.64,34.70,33.83,33.86,329800,31.77
2012-06-08,34.13,34.64,34.06,34.40,296700,32.28
2012-06-07,34.97,35.00,34.29,34.37,467300,32.25
2012-06-06,33.75,34.99,33.75,34.65,464300,32.51
2012-06-05,32.94,33.55,32.76,33.50,472400,31.44
2012-06-04,33.29,33.57,32.91,33.16,620200,31.12
2012-06-01,33.07,33.69,32.86,33.27,779200,31.22
2012-05-31,33.80,33.90,33.55,33.67,744600,31.60
2012-05-30,33.95,34.07,33.75,33.80,396400,31.72
2012-05-29,34.00,34.38,33.61,34.36,315000,32.24
2012-05-25,33.39,33.78,33.39,33.75,269600,31.67
2012-05-24,33.61,33.66,33.10,33.41,432200,31.35
2012-05-23,33.05,33.72,32.90,33.70,376000,31.62
2012-05-22,33.24,33.82,33.08,33.48,329400,31.42
2012-05-21,32.85,33.22,32.28,33.18,454600,31.14
2012-05-18,32.76,33.34,32.40,32.81,637700,30.79
2012-05-17,33.41,33.77,32.78,32.84,693000,30.82
2012-05-16,33.51,34.19,33.30,33.34,527300,31.29
2012-05-15,33.23,34.08,33.10,33.46,601200,31.40
2012-05-14,33.23,33.70,32.86,33.30,369900,31.25
2012-05-11,33.58,34.10,33.33,33.46,501600,31.40
2012-05-10,33.92,34.19,33.49,33.92,570000,31.83
2012-05-09,33.16,33.83,33.07,33.57,368000,31.50
2012-05-08,33.58,34.17,33.32,33.77,729100,31.69
2012-05-07,34.00,34.37,33.75,33.87,466800,31.78
2012-05-04,34.29,34.75,34.10,34.15,606300,32.05
2012-05-03,34.98,35.36,34.46,34.54,690500,32.41
2012-05-02,34.35,35.08,34.19,34.90,714400,32.75
2012-05-01,34.38,35.33,34.27,34.51,872400,32.38
2012-04-30,35.01,35.01,32.82,34.21,2353300,32.10
2012-04-27,35.89,35.89,35.13,35.21,1033100,33.04
2012-04-26,34.60,35.68,34.59,35.67,910200,33.47
2012-04-25,35.02,35.40,34.54,34.80,1038600,32.66
2012-04-24,37.59,38.38,34.30,35.08,2384100,32.92
2012-04-23,36.23,37.12,35.88,36.66,735000,34.40
2012-04-20,37.49,37.49,36.39,36.76,1061300,34.49
2012-04-19,38.00,38.13,36.72,37.05,644300,34.77
2012-04-18,37.67,38.22,37.21,38.12,439000,35.77
2012-04-17,37.61,38.33,37.61,37.89,621400,35.56
2012-04-16,36.84,37.55,36.52,37.24,408500,34.95
2012-04-13,37.00,37.33,36.48,36.97,400000,34.69
2012-04-12,36.48,37.36,36.33,37.27,410400,34.97
2012-04-11,36.86,36.86,36.20,36.54,618600,34.29
2012-04-10,37.14,37.18,36.32,36.41,921700,34.17
2012-04-09,36.63,37.46,36.36,37.37,487400,35.07
2012-04-05,37.46,37.74,37.20,37.26,592700,34.96
2012-04-04,37.78,37.97,37.49,37.70,536000,35.38
2012-04-03,37.82,38.28,37.73,38.12,375600,35.77
2012-04-02,37.51,38.27,37.26,37.97,785200,35.63
2012-03-30,38.26,38.47,37.68,37.75,724300,35.27
2012-03-29,37.47,38.29,37.22,38.14,731900,35.64
2012-03-28,38.32,38.33,37.47,37.67,660000,35.20
2012-03-27,38.31,39.50,37.97,38.39,1322000,35.87
2012-03-26,36.66,37.42,35.82,37.31,956900,34.86
2012-03-23,35.49,35.60,34.76,35.42,598900,33.10
2012-03-22,35.22,35.60,34.91,35.41,687300,33.09
2012-03-21,35.34,35.72,35.21,35.50,662900,33.17
2012-03-20,34.75,35.36,34.75,35.10,681200,32.80
2012-03-19,34.26,35.19,34.04,34.99,623500,32.69
2012-03-16,34.60,34.72,34.04,34.06,1267000,31.83
2012-03-15,34.69,34.69,33.91,34.46,485300,32.20
2012-03-14,34.05,34.43,33.93,34.06,799100,31.83
2012-03-13,34.93,34.93,33.79,34.14,960500,31.90
2012-03-12,34.80,34.89,34.48,34.65,643400,32.38
2012-03-09,34.14,35.04,33.44,34.80,847800,32.52
2012-03-08,33.87,34.52,33.65,34.16,797000,31.92
2012-03-07,33.32,33.73,33.01,33.55,764200,31.35
2012-03-06,33.78,34.06,33.01,33.16,916700,30.98
2012-03-05,34.22,34.90,33.78,34.21,811600,31.97
2012-03-02,35.89,36.30,34.34,34.39,958200,32.13
2012-03-01,35.60,36.14,35.34,35.80,616900,33.45
2012-02-29,36.34,36.43,35.42,35.46,870800,33.13
2012-02-28,36.34,36.69,36.09,36.33,687600,33.95
2012-02-27,35.93,36.57,35.86,36.45,360800,34.06
2012-02-24,35.43,36.37,35.30,36.35,580500,33.97
2012-02-23,35.02,35.74,34.80,35.55,600300,33.22
2012-02-22,34.93,35.24,34.64,34.90,684300,32.61
2012-02-21,35.60,35.82,34.96,35.18,388200,32.87
2012-02-17,35.59,35.73,35.30,35.57,352000,33.24
2012-02-16,34.82,35.40,34.70,35.35,350900,33.03
2012-02-15,35.61,35.62,34.63,34.80,611900,32.52
2012-02-14,35.06,35.50,34.80,35.46,330400,33.13
2012-02-13,35.24,35.47,34.19,35.33,404500,33.01
2012-02-10,34.33,35.14,33.78,34.81,618500,32.53
2012-02-09,34.82,34.96,34.24,34.62,353200,32.35
2012-02-08,34.75,35.25,34.28,34.85,536300,32.56
2012-02-07,34.56,34.87,34.11,34.82,383100,32.54
2012-02-06,34.03,34.95,34.03,34.70,492500,32.42
2012-02-03,34.43,34.61,34.13,34.30,760000,32.05
2012-02-02,34.33,34.72,33.72,33.83,635100,31.61
2012-02-01,33.80,34.53,33.26,34.25,940200,32.00
2012-01-31,35.80,35.88,33.14,33.82,2508900,31.60
2012-01-30,37.02,37.87,37.01,37.19,705400,34.75
2012-01-27,37.19,37.54,36.76,37.38,385100,34.93
2012-01-26,38.00,38.32,37.15,37.38,604900,34.93
2012-01-25,37.48,38.00,36.94,37.96,463400,35.47
2012-01-24,36.62,37.60,36.32,37.51,635900,35.05
2012-01-23,36.61,37.57,36.55,36.97,707400,34.54
2012-01-20,36.51,36.59,36.06,36.49,255600,34.10
2012-01-19,36.80,36.97,36.38,36.60,370600,34.20
2012-01-18,36.03,36.77,35.74,36.73,461100,34.32
2012-01-17,36.11,36.26,35.80,35.95,471100,33.59
2012-01-13,35.82,36.52,35.51,35.90,470900,33.55
2012-01-12,36.22,36.63,35.94,36.15,369400,33.78
2012-01-11,36.01,36.46,36.01,36.36,244000,33.97
2012-01-10,36.53,36.81,36.08,36.25,465900,33.87
2012-01-09,36.42,36.55,35.92,36.25,442200,33.87
2012-01-06,36.50,36.97,35.71,36.18,488100,33.81
2012-01-05,36.33,37.05,35.84,36.47,461000,34.08
2012-01-04,37.00,37.15,36.36,36.65,614500,34.25
2012-01-03,37.66,38.09,37.08,37.26,367100,34.82
2011-12-30,37.31,37.82,36.97,37.00,299000,34.57
2011-12-29,37.07,37.73,36.21,37.66,207100,35.04
2011-12-28,37.93,38.26,36.86,36.91,399300,34.34
2011-12-27,37.60,38.17,37.54,38.04,217900,35.39
2011-12-23,37.52,37.87,37.50,37.67,297100,35.05
2011-12-22,37.76,38.00,37.39,37.57,415600,34.96
2011-12-21,37.01,37.69,36.69,37.45,662900,34.84
2011-12-20,35.89,37.41,35.89,37.19,724200,34.60
2011-12-19,35.27,35.96,35.09,35.18,772200,32.73
2011-12-16,35.22,35.58,34.75,34.98,1633500,32.55
2011-12-15,35.34,35.60,34.62,35.05,606000,32.61
2011-12-14,34.62,34.91,34.29,34.81,1006700,32.39
2011-12-13,36.63,36.75,34.86,34.99,842500,32.56
2011-12-12,36.32,36.47,35.91,36.28,499000,33.76
2011-12-09,35.52,37.00,35.52,36.86,651600,34.30
2011-12-08,35.59,35.88,35.11,35.42,535600,32.96
2011-12-07,35.46,36.20,35.39,35.97,484700,33.47
2011-12-06,36.49,36.58,35.81,35.88,565600,33.38
2011-12-05,36.49,36.67,36.20,36.47,502800,33.93
2011-12-02,36.47,36.52,35.85,36.00,462700,33.50
2011-12-01,35.68,36.60,35.51,36.00,561800,33.50
2011-11-30,35.06,35.98,34.79,35.95,1053500,33.45
2011-11-29,34.14,34.62,33.75,34.44,338400,32.04
2011-11-28,33.54,34.36,33.54,34.05,600100,31.68
2011-11-25,33.23,33.47,32.46,32.47,335400,30.21
2011-11-23,34.01,34.26,33.16,33.33,533700,31.01
2011-11-22,34.64,34.78,34.14,34.20,426400,31.82
2011-11-21,34.51,34.83,34.20,34.60,627000,32.19
2011-11-18,35.05,35.67,34.62,35.19,617700,32.74
2011-11-17,35.94,35.94,34.67,35.02,858900,32.58
2011-11-16,36.35,36.70,35.77,35.83,787500,33.34
2011-11-15,35.89,37.37,35.89,37.00,1014700,34.43
2011-11-14,35.96,36.28,35.69,36.15,529900,33.64
2011-11-11,35.79,36.38,35.55,36.14,522200,33.63
2011-11-10,35.95,36.01,35.20,35.47,571300,33.00
2011-11-09,34.77,36.55,34.72,35.46,1286200,32.99
2011-11-08,35.50,36.00,35.20,35.89,1079000,33.39
2011-11-07,35.25,35.55,34.97,35.32,621000,32.86
2011-11-04,35.20,35.44,34.67,35.26,409100,32.81
2011-11-03,35.09,35.57,34.04,35.51,725400,33.04
2011-11-02,34.16,34.80,33.80,34.63,572500,32.22
2011-11-01,33.16,34.72,32.46,33.78,1073600,31.43
2011-10-31,34.10,34.89,34.00,34.15,619000,31.77
2011-10-28,35.10,35.28,34.21,34.62,408000,32.21
2011-10-27,34.50,35.70,34.01,35.17,1113200,32.72
2011-10-26,33.40,33.57,32.76,33.43,674500,31.10
2011-10-25,31.93,34.79,31.80,32.84,1650300,30.56
2011-10-24,31.50,32.47,31.24,32.21,1116700,29.97
2011-10-21,30.87,31.50,30.84,31.44,436600,29.25
2011-10-20,30.54,30.57,29.86,30.51,586800,28.39
2011-10-19,30.80,31.25,30.22,30.36,429000,28.25
2011-10-18,30.29,31.02,29.89,30.83,765700,28.69
2011-10-17,30.83,31.13,30.09,30.17,351900,28.07
2011-10-14,30.89,31.24,30.64,31.19,285200,29.02
2011-10-13,30.55,30.94,30.40,30.61,339500,28.48
2011-10-12,30.78,31.05,30.53,30.81,562700,28.67
2011-10-11,29.86,30.57,29.65,30.46,590300,28.34
2011-10-10,29.62,30.35,29.55,30.07,724300,27.98
2011-10-07,28.99,29.46,28.75,29.12,1277400,27.09
2011-10-06,28.17,28.94,27.85,28.83,673900,26.82
2011-10-05,27.58,28.36,27.23,28.22,598300,26.26
2011-10-04,25.84,27.86,25.82,27.81,1041300,25.73
2011-10-03,27.09,27.51,25.96,26.03,697800,24.08
2011-09-30,27.54,27.98,27.26,27.45,598800,25.39
2011-09-29,27.38,28.06,26.95,28.05,871500,25.95
2011-09-28,28.00,28.23,26.66,26.69,477800,24.69
2011-09-27,28.28,28.63,27.63,27.86,508400,25.77
2011-09-26,26.95,28.08,26.76,27.59,712400,25.52
2011-09-23,26.58,27.49,26.41,26.62,728100,24.63
2011-09-22,26.35,27.54,26.20,26.58,647900,24.59
2011-09-21,28.47,28.82,27.20,27.23,467700,25.19
2011-09-20,28.80,29.24,28.31,28.46,777900,26.33
2011-09-19,28.36,28.91,28.04,28.66,500600,26.51
2011-09-16,29.24,29.57,28.78,29.00,970200,26.83
2011-09-15,28.93,29.38,28.72,29.11,684500,26.93
2011-09-14,28.22,29.03,27.89,28.69,644400,26.54
2011-09-13,27.81,28.34,27.48,27.92,1109400,25.83
2011-09-12,26.64,27.60,26.64,27.59,644200,25.52
2011-09-09,26.92,27.28,26.51,27.06,836100,25.03
2011-09-08,27.65,28.16,27.01,27.17,411500,25.13
2011-09-07,26.43,28.00,26.31,27.92,829000,25.83
2011-09-06,25.13,25.95,24.94,25.87,428600,23.93
2011-09-02,26.96,26.99,25.80,26.01,659000,24.06
2011-09-01,28.18,28.62,27.56,27.66,759700,25.59
2011-08-31,27.81,28.49,27.60,28.18,578000,26.07
2011-08-30,27.28,28.00,27.09,27.78,539500,25.70
2011-08-29,26.98,27.57,26.73,27.47,550400,25.41
2011-08-26,25.47,27.03,25.24,26.68,693900,24.68
2011-08-25,25.98,26.45,25.27,25.81,797100,23.88
2011-08-24,24.94,26.19,24.83,25.77,661400,23.84
2011-08-23,23.82,25.19,23.57,25.07,988700,23.19
2011-08-22,23.86,24.07,23.27,23.74,824500,21.96
2011-08-19,23.22,24.13,23.09,23.17,766300,21.43
2011-08-18,23.65,23.99,22.90,23.60,816000,21.83
2011-08-17,24.43,24.71,23.67,24.26,687500,22.44
2011-08-16,24.34,24.66,23.98,24.31,598500,22.49
2011-08-15,23.90,24.74,23.41,24.71,711400,22.86
2011-08-12,24.04,24.30,23.01,23.69,724300,21.92
2011-08-11,22.42,24.31,22.35,23.89,964900,22.10
2011-08-10,22.36,23.26,22.04,22.29,901800,20.62
2011-08-09,22.93,23.06,21.30,23.02,1553200,21.30
2011-08-08,23.61,24.32,21.93,22.13,1762200,20.47
2011-08-05,25.02,25.07,24.05,24.34,1388900,22.52
2011-08-04,25.61,25.93,24.64,24.66,965700,22.81
2011-08-03,25.75,26.06,25.22,25.99,866200,24.04
2011-08-02,26.20,26.73,25.72,25.73,814800,23.80
2011-08-01,27.31,27.50,26.52,26.77,713500,24.76
2011-07-29,26.50,27.31,26.26,27.05,644900,25.02
2011-07-28,27.12,27.51,26.67,26.73,575400,24.73
2011-07-27,27.35,27.62,27.01,27.14,785700,25.11
2011-07-26,26.49,28.32,26.49,27.90,2188500,25.81
2011-07-25,29.63,30.15,29.51,29.93,781600,27.69
2011-07-22,31.17,31.31,30.13,30.17,534800,27.91
2011-07-21,30.91,31.46,30.90,31.34,347200,28.99
2011-07-20,31.08,31.08,30.71,30.80,360100,28.49
2011-07-19,30.56,31.09,30.39,31.01,397500,28.69
2011-07-18,30.38,31.01,29.88,30.16,375500,27.90
2011-07-15,30.43,30.57,30.05,30.54,346800,28.25
2011-07-14,31.23,31.24,30.19,30.34,428000,28.07
2011-07-13,31.30,31.62,31.00,31.05,374500,28.72
2011-07-12,31.51,31.70,31.17,31.22,358700,28.88
2011-07-11,31.33,31.84,31.26,31.63,478700,29.26
2011-07-08,31.37,31.84,31.37,31.81,286300,29.43
2011-07-07,31.56,32.22,31.45,32.01,305000,29.61
2011-07-06,31.07,31.32,30.87,31.31,207300,28.96
2011-07-05,31.05,31.33,30.74,31.13,234800,28.80
2011-07-01,30.60,31.20,30.44,31.12,305400,28.79
2011-06-30,30.34,30.82,30.24,30.56,415400,28.27
2011-06-29,30.22,30.92,30.15,30.33,503800,28.06
2011-06-28,29.49,30.18,29.26,30.18,447600,27.77
2011-06-27,29.20,29.65,28.92,29.39,425800,27.04
2011-06-24,29.16,29.36,28.91,29.22,1158000,26.89
2011-06-23,28.67,29.24,27.80,29.16,698900,26.83
2011-06-22,29.40,29.83,29.07,29.13,424200,26.80
2011-06-21,29.33,29.67,29.10,29.66,402200,27.29
2011-06-20,28.67,29.32,28.64,29.19,499100,26.86
2011-06-17,28.36,29.01,28.25,28.80,870600,26.50
2011-06-16,28.26,28.44,27.66,28.18,407000,25.93
2011-06-15,28.71,28.99,28.23,28.29,445200,26.03
2011-06-14,28.80,29.18,28.72,29.02,387300,26.70
2011-06-13,28.56,28.78,28.14,28.51,470600,26.23
2011-06-10,28.68,28.82,27.74,28.19,616700,25.94
2011-06-09,28.62,29.05,28.37,28.92,770700,26.61
2011-06-08,29.20,29.57,28.08,28.53,1052200,26.25
2011-06-07,29.88,29.88,29.18,29.37,627300,27.03
2011-06-06,30.29,30.63,29.50,29.53,473400,27.17
2011-06-03,30.40,30.92,30.20,30.27,387700,27.85
2011-06-02,31.04,31.43,30.70,31.01,259900,28.53
2011-06-01,32.44,32.47,31.03,31.12,498700,28.64
2011-05-31,32.33,32.49,31.89,32.46,601900,29.87
2011-05-27,31.68,32.27,31.57,32.07,296500,29.51
2011-05-26,31.18,31.76,31.17,31.58,376700,29.06
2011-05-25,31.00,31.57,30.57,31.31,510500,28.81
2011-05-24,31.42,31.47,31.00,31.17,382900,28.68
2011-05-23,31.08,31.58,30.92,31.30,518000,28.80
2011-05-20,31.95,31.95,31.35,31.48,644600,28.97
2011-05-19,32.08,32.32,31.75,32.15,427700,29.58
2011-05-18,31.31,32.32,31.00,32.02,580600,29.46
2011-05-17,30.37,31.43,30.33,31.29,563400,28.79
2011-05-16,31.39,31.49,30.68,30.68,462700,28.23
2011-05-13,32.18,32.18,31.36,31.62,387300,29.10
2011-05-12,30.88,32.15,30.70,32.07,702000,29.51
2011-05-11,31.12,31.54,30.92,31.10,421500,28.62
2011-05-10,30.99,31.55,30.98,31.33,387300,28.83
2011-05-09,30.45,30.87,30.43,30.76,490100,28.30
2011-05-06,31.00,31.31,30.43,30.60,594100,28.16
2011-05-05,30.72,31.07,30.36,30.69,805600,28.24
2011-05-04,31.23,31.42,30.66,30.70,673100,28.25
2011-05-03,30.43,31.43,30.43,30.88,1000000,28.42
2011-05-02,30.56,30.84,30.20,30.32,607700,27.90
2011-04-29,30.68,30.73,30.04,30.45,687000,28.02
2011-04-28,30.30,30.76,30.30,30.52,707200,28.08
2011-04-27,30.25,30.54,30.10,30.30,708800,27.88
2011-04-26,32.05,32.26,30.01,30.21,2704100,27.80
2011-04-25,34.20,34.52,33.61,34.52,614400,31.76
2011-04-21,34.66,35.00,34.10,34.31,386700,31.57
2011-04-20,34.37,34.83,34.16,34.38,383500,31.64
2011-04-19,34.36,34.36,33.61,33.91,307700,31.20
2011-04-18,33.99,34.22,33.48,34.20,564400,31.47
2011-04-15,34.26,34.48,33.81,34.38,672200,31.64
2011-04-14,34.40,34.70,34.01,34.21,466000,31.48
2011-04-13,34.97,34.98,34.05,34.68,336500,31.91
2011-04-12,34.61,35.40,34.56,34.64,545700,31.87
2011-04-11,35.23,35.55,34.79,34.92,397700,32.13
2011-04-08,36.11,36.11,34.91,35.08,442900,32.28
2011-04-07,35.78,36.53,35.75,35.84,641400,32.98
2011-04-06,35.69,35.95,35.25,35.70,369000,32.85
2011-04-05,34.95,35.55,34.84,35.41,499000,32.58
2011-04-04,35.36,35.62,34.69,34.85,407600,32.07
2011-04-01,35.21,35.41,34.89,35.08,350400,32.22
2011-03-31,35.00,35.16,34.67,34.91,390800,32.07
2011-03-30,34.66,35.39,34.44,35.20,467900,32.33
2011-03-29,33.84,34.48,33.69,34.44,525100,31.64
2011-03-28,34.40,34.43,33.73,33.90,503300,31.14
2011-03-25,34.17,34.50,33.90,34.31,591900,31.52
2011-03-24,34.03,34.50,33.77,33.98,607800,31.21
2011-03-23,33.69,33.83,32.69,33.65,465600,30.91
2011-03-22,34.19,34.20,33.51,33.70,397800,30.96
2011-03-21,33.48,34.04,33.13,33.94,425100,31.18
2011-03-18,33.46,34.30,32.70,33.10,1856300,30.41
2011-03-17,32.92,33.26,32.25,33.17,709300,30.47
2011-03-16,32.05,32.62,31.60,32.25,782900,29.62
2011-03-15,31.34,32.66,31.13,32.23,782900,29.61
2011-03-14,33.10,33.51,32.13,32.63,511000,29.97
2011-03-11,33.21,33.96,32.93,33.49,400800,30.76
2011-03-10,33.81,34.25,33.42,33.48,614600,30.75
2011-03-09,34.24,34.76,33.80,34.37,722500,31.57
2011-03-08,32.88,34.27,32.51,34.17,646000,31.39
2011-03-07,33.49,33.51,32.21,32.79,634200,30.12
2011-03-04,33.80,33.88,32.98,33.23,604700,30.53
2011-03-03,33.32,33.97,32.92,33.88,625800,31.12
2011-03-02,31.90,33.13,31.00,32.93,680000,30.25
2011-03-01,33.38,33.38,31.40,31.91,978800,29.31
2011-02-28,33.02,33.28,32.86,33.06,581900,30.37
2011-02-25,32.17,33.00,31.93,32.95,951500,30.27
2011-02-24,32.32,32.66,31.85,32.14,734800,29.52
2011-02-23,33.20,33.20,31.60,32.22,648300,29.60
2011-02-22,33.00,33.58,32.88,33.26,643400,30.55
2011-02-18,33.82,33.82,33.19,33.21,549300,30.51
2011-02-17,33.21,34.19,33.01,33.58,609300,30.85
2011-02-16,32.37,33.50,32.16,33.29,556800,30.58
2011-02-15,32.25,32.41,31.75,32.04,317300,29.43
2011-02-14,32.80,33.00,32.33,32.43,231800,29.79
2011-02-11,32.13,32.67,31.75,32.67,309200,30.01
2011-02-10,32.23,32.59,31.93,32.19,400000,29.57
2011-02-09,32.54,32.96,32.00,32.44,470200,29.80
2011-02-08,32.19,32.79,31.71,32.79,483800,30.12
2011-02-07,32.20,33.15,32.16,32.25,393900,29.62
2011-02-04,31.85,32.44,31.63,32.29,624700,29.66
2011-02-03,31.20,32.50,31.05,31.90,518500,29.30
2011-02-02,31.62,31.82,30.86,31.27,520400,28.72
2011-02-01,30.37,32.68,30.37,31.67,898800,29.09
2011-01-31,30.09,30.70,29.68,29.74,863100,27.32
2011-01-28,30.89,30.89,29.82,29.91,509500,27.48
2011-01-27,30.67,30.94,30.43,30.89,371600,28.38
2011-01-26,30.08,30.88,29.79,30.61,655100,28.12
2011-01-25,29.39,29.97,29.27,29.95,792900,27.51
2011-01-24,29.60,29.77,29.26,29.55,311900,27.14
2011-01-21,30.07,30.24,29.40,29.49,429500,27.09
2011-01-20,28.72,30.71,28.58,29.97,634200,27.53
2011-01-19,29.90,29.90,28.85,28.93,723500,26.58
2011-01-18,30.02,30.23,29.43,29.88,844700,27.45
2011-01-14,30.59,30.63,30.06,30.21,469600,27.75
2011-01-13,30.51,30.83,30.21,30.70,327800,28.20
2011-01-12,30.35,30.66,30.25,30.43,411400,27.95
2011-01-11,30.48,30.57,30.00,30.32,546900,27.85
2011-01-10,29.98,30.47,29.68,30.39,416100,27.92
2011-01-07,30.06,30.34,29.55,29.99,552100,27.55
2011-01-06,31.34,31.34,29.76,30.06,924000,27.61
2011-01-05,31.20,31.75,31.20,31.43,505100,28.87
2011-01-04,32.71,32.71,30.85,31.36,762000,28.81
2011-01-03,32.52,33.08,32.43,32.49,753800,29.85
2010-12-31,32.57,32.63,32.22,32.28,439900,29.60
2010-12-30,32.40,32.79,32.29,32.57,264500,29.86
2010-12-29,32.17,32.65,32.01,32.49,302700,29.79
2010-12-28,32.39,32.54,32.06,32.17,240100,29.50
2010-12-27,32.52,32.57,32.05,32.24,465800,29.56
2010-12-23,31.98,33.05,31.88,32.67,566400,29.96
2010-12-22,31.40,31.92,31.40,31.88,417000,29.23
2010-12-21,31.47,31.58,31.25,31.34,426400,28.74
2010-12-20,31.57,32.06,31.27,31.33,673300,28.73
2010-12-17,30.98,31.74,30.70,31.65,1493700,29.02
2010-12-16,30.33,31.09,30.31,30.95,661300,28.38
2010-12-15,29.92,30.49,29.92,30.30,740000,27.78
2010-12-14,30.07,30.23,29.68,30.01,516800,27.52
2010-12-13,30.33,30.43,29.92,29.96,498800,27.47
2010-12-10,29.75,30.42,29.61,30.33,582900,27.81
2010-12-09,29.58,29.75,29.25,29.61,623600,27.15
2010-12-08,29.37,29.49,29.03,29.33,480400,26.89
2010-12-07,28.84,29.62,28.80,29.18,872900,26.76
2010-12-06,28.69,28.69,28.22,28.61,418900,26.23
2010-12-03,28.18,28.91,27.89,28.83,405900,26.43
2010-12-02,28.24,28.47,27.88,28.44,451800,26.08
2010-12-01,28.35,28.50,27.86,28.15,565700,25.81
2010-11-30,27.75,28.33,27.57,27.83,957800,25.52
2010-11-29,28.27,28.28,27.25,28.02,590500,25.69
2010-11-26,28.04,28.78,28.03,28.51,281100,26.14
2010-11-24,27.46,28.37,27.42,28.17,659600,25.83
2010-11-23,27.40,27.40,26.86,27.32,591500,25.05
2010-11-22,27.13,28.09,27.05,27.89,665700,25.57
2010-11-19,27.15,27.40,26.90,27.26,509000,24.99
2010-11-18,27.24,27.95,27.09,27.15,761500,24.89
2010-11-17,26.24,27.00,26.22,26.78,605600,24.55
2010-11-16,26.06,26.45,25.76,26.11,632300,23.94
2010-11-15,26.53,26.75,26.16,26.29,282000,24.11
2010-11-12,26.38,26.91,26.04,26.34,552900,24.15
2010-11-11,26.53,26.75,25.90,26.65,417200,24.44
2010-11-10,26.51,26.81,26.01,26.81,599500,24.58
2010-11-09,26.53,26.53,26.14,26.40,556100,24.21
2010-11-08,26.25,26.74,25.85,26.50,378000,24.30
2010-11-05,26.38,26.89,26.22,26.37,255800,24.18
2010-11-04,25.87,26.30,25.78,26.30,474500,24.11
2010-11-03,25.29,25.58,25.05,25.48,348100,23.36
2010-11-02,24.83,25.65,24.62,25.36,464200,23.20
2010-11-01,25.32,25.48,24.44,24.53,516000,22.44
2010-10-29,25.00,25.25,24.97,25.14,413700,23.00
2010-10-28,25.55,25.72,24.97,25.06,720000,22.92
2010-10-27,25.44,25.48,24.90,25.21,931300,23.06
2010-10-26,23.68,26.27,23.66,25.68,2051900,23.49
2010-10-25,23.58,23.98,23.18,23.26,611000,21.28
2010-10-22,23.64,23.64,23.23,23.43,289200,21.43
2010-10-21,23.69,24.10,23.28,23.55,550700,21.54
2010-10-20,23.31,23.75,23.26,23.52,357500,21.51
2010-10-19,23.37,23.97,23.03,23.13,480000,21.16
2010-10-18,23.51,23.75,23.40,23.73,367900,21.71
2010-10-15,23.57,23.72,23.01,23.46,457300,21.46
2010-10-14,22.82,23.29,22.76,23.25,381500,21.27
2010-10-13,23.17,23.32,22.81,22.87,537600,20.92
2010-10-12,22.92,23.08,22.72,22.94,340900,20.98
2010-10-11,22.81,23.20,22.53,22.90,261600,20.95
2010-10-08,22.50,22.92,22.25,22.86,554100,20.91
2010-10-07,22.68,22.73,22.12,22.44,327600,20.53
2010-10-06,22.42,22.75,22.38,22.51,399200,20.59
2010-10-05,22.51,22.92,22.31,22.54,657200,20.62
2010-10-04,22.34,22.44,21.97,22.20,424600,20.31
2010-10-01,22.74,22.74,22.06,22.36,442300,20.45
2010-09-30,22.27,22.74,22.12,22.38,650500,20.47
2010-09-29,22.47,22.70,22.00,22.19,766300,20.30
2010-09-28,22.43,22.59,21.84,22.46,657900,20.54
2010-09-27,22.71,22.71,22.14,22.40,210000,20.49
2010-09-24,22.13,22.77,22.13,22.66,348000,20.73
2010-09-23,21.84,22.38,21.75,21.90,578900,20.03
2010-09-22,22.00,22.49,21.75,22.04,418700,20.16
2010-09-21,22.34,22.56,21.99,22.13,420500,20.24
2010-09-20,21.93,22.49,21.82,22.44,410700,20.53
2010-09-17,22.33,22.34,21.58,21.88,680900,20.01
2010-09-16,22.30,22.35,21.89,22.12,349800,20.23
2010-09-15,22.62,22.73,22.14,22.35,512500,20.44
2010-09-14,22.00,23.09,22.00,22.73,519700,20.79
2010-09-13,21.78,22.31,21.66,22.15,423800,20.26
2010-09-10,21.62,21.84,21.42,21.52,263800,19.68
2010-09-09,21.92,21.99,21.35,21.54,357200,19.70
2010-09-08,21.40,21.86,21.28,21.60,263300,19.76
2010-09-07,21.89,21.94,21.27,21.31,432300,19.49
2010-09-03,21.77,22.63,21.66,21.99,620500,20.11
2010-09-02,21.14,21.58,20.91,21.54,424500,19.70
2010-09-01,20.44,21.10,20.29,21.10,654300,19.30
2010-08-31,19.95,20.46,19.86,20.08,726800,18.37
2010-08-30,20.38,20.53,19.96,19.96,509400,18.26
2010-08-27,20.24,20.56,19.75,20.51,428200,18.76
2010-08-26,20.29,20.32,19.94,19.98,496400,18.28
2010-08-25,19.71,20.35,19.48,20.23,611500,18.50
2010-08-24,19.86,20.17,19.44,19.82,553300,18.13
2010-08-23,20.56,20.88,19.98,20.07,559900,18.36
2010-08-20,20.26,20.62,19.85,20.47,588700,18.72
2010-08-19,20.82,21.07,20.17,20.41,575100,18.67
2010-08-18,20.80,21.34,20.63,20.97,478800,19.18
2010-08-17,20.63,21.15,20.39,20.82,476000,19.04
2010-08-16,20.18,20.78,20.06,20.45,665100,18.71
2010-08-13,20.74,20.81,20.31,20.33,674200,18.60
2010-08-12,20.54,20.99,20.27,20.86,494000,19.08
2010-08-11,21.26,21.29,20.77,20.94,554100,19.15
2010-08-10,21.74,21.99,21.49,21.69,547100,19.84
2010-08-09,22.05,22.25,21.84,22.08,468700,20.14
2010-08-06,21.23,22.07,21.05,21.99,637600,20.06
2010-08-05,21.34,21.56,20.94,21.47,461300,19.59
2010-08-04,21.56,21.72,21.27,21.52,417500,19.63
2010-08-03,22.15,22.19,21.30,21.54,731600,19.65
2010-08-02,22.42,22.42,21.96,22.27,599500,20.32
2010-07-30,21.70,22.17,21.62,21.99,938900,20.06
2010-07-29,22.29,22.60,21.71,22.03,404100,20.10
2010-07-28,23.07,23.13,21.73,22.09,821400,20.15
2010-07-27,22.01,23.44,22.01,23.23,1109000,21.19
2010-07-26,22.62,23.31,22.46,23.29,605700,21.25
2010-07-23,22.23,22.77,21.95,22.75,401600,20.75
2010-07-22,21.37,22.41,21.37,22.36,538100,20.40
2010-07-21,21.78,21.89,20.93,21.07,370200,19.22
2010-07-20,21.31,21.64,21.01,21.55,508300,19.66
2010-07-19,21.35,21.68,21.08,21.61,363000,19.71
2010-07-16,22.09,22.09,21.04,21.15,661000,19.29
2010-07-15,22.26,22.43,21.84,22.27,529900,20.32
2010-07-14,22.07,22.51,21.73,22.18,609800,20.23
2010-07-13,21.22,22.21,21.19,22.11,770100,20.17
2010-07-12,20.68,20.97,20.35,20.90,455500,19.07
2010-07-09,20.29,20.79,20.06,20.72,345000,18.90
2010-07-08,20.48,20.82,19.98,20.29,711000,18.51
2010-07-07,20.03,20.78,19.81,20.42,734000,18.63
2010-07-06,20.65,20.98,19.70,19.94,543900,18.19
2010-07-02,20.73,20.77,20.21,20.31,519400,18.53
2010-07-01,20.29,20.64,19.70,20.53,601200,18.73
2010-06-30,20.75,21.38,20.25,20.26,768900,18.48
2010-06-29,21.23,21.42,20.46,20.73,1008600,18.91
2010-06-28,22.06,22.22,21.57,21.93,361400,20.01
2010-06-25,21.95,22.21,21.45,21.97,779200,20.04
2010-06-24,22.24,22.50,21.61,21.85,619900,19.93
2010-06-23,22.39,22.59,21.87,22.41,526800,20.44
2010-06-22,22.43,23.18,22.18,22.35,995700,20.39
2010-06-21,23.30,23.55,22.18,22.33,762400,20.37
2010-06-18,23.21,23.49,22.85,23.11,1016200,21.08
2010-06-17,23.39,23.63,22.81,23.19,570800,21.15
2010-06-16,23.55,23.71,23.14,23.40,619800,21.35
2010-06-15,23.42,23.85,23.16,23.79,390500,21.70
2010-06-14,23.19,23.86,23.12,23.42,481300,21.36
2010-06-11,22.24,23.14,22.22,22.95,386000,20.94
2010-06-10,22.54,22.79,22.14,22.49,552900,20.52
2010-06-09,22.56,22.90,22.01,22.17,498000,20.22
2010-06-08,21.94,22.47,21.70,22.40,695800,20.43
2010-06-07,22.52,22.88,21.93,21.95,954900,20.02
2010-06-04,23.75,23.83,22.45,22.52,769300,20.54
2010-06-03,23.80,24.73,23.57,24.13,548500,22.01
2010-06-02,23.49,23.85,22.92,23.81,719800,21.72
2010-06-01,24.15,24.18,23.43,23.43,717400,21.37
2010-05-28,24.36,24.43,23.70,24.19,697800,22.07
2010-05-27,24.22,24.47,23.85,24.47,705500,22.32
2010-05-26,23.92,24.53,23.62,23.77,863500,21.68
2010-05-25,23.06,24.02,22.90,23.90,843900,21.80
2010-05-24,24.13,24.33,23.60,23.62,637900,21.55
2010-05-21,23.39,24.42,23.25,24.27,1318800,22.14
2010-05-20,24.25,24.61,23.38,23.64,1033400,21.57
2010-05-19,24.37,25.08,24.30,24.80,807400,22.62
2010-05-18,25.19,25.58,24.40,24.43,688500,22.29
2010-05-17,24.34,24.94,23.71,24.90,776500,22.71
2010-05-14,24.40,24.56,23.98,24.22,986200,22.09
2010-05-13,25.96,25.98,24.37,24.58,890300,22.42
2010-05-12,25.59,26.01,25.29,25.97,731900,23.69
2010-05-11,25.18,25.69,24.66,25.56,691100,23.32
2010-05-10,24.90,25.37,24.74,25.36,731500,23.13
2010-05-07,24.24,24.80,23.52,24.21,1320100,22.09
2010-05-06,24.74,24.80,22.02,24.16,1225400,22.04
2010-05-05,24.84,25.54,24.53,24.98,844100,22.79
2010-05-04,25.86,25.86,24.86,24.92,992200,22.73
2010-05-03,25.95,26.35,25.58,26.02,689300,23.74
2010-04-30,27.40,27.40,25.77,25.82,1438100,23.55
2010-04-29,27.12,27.54,26.88,27.44,1216500,25.03
2010-04-28,28.00,28.06,26.90,27.04,1832600,24.67
2010-04-27,26.12,28.72,26.12,28.05,3075900,25.59
2010-04-26,25.05,25.79,24.87,25.71,1201000,23.45
2010-04-23,24.50,25.22,23.94,25.17,1143100,22.96
2010-04-22,24.04,24.69,23.89,24.52,1026000,22.37
2010-04-21,23.97,24.36,23.43,24.28,785800,22.15
2010-04-20,23.89,24.07,23.68,24.02,299200,21.91
2010-04-19,23.73,24.20,23.40,23.85,523600,21.76
2010-04-16,24.02,24.12,23.79,23.86,603600,21.77
2010-04-15,23.88,24.08,23.73,24.02,436100,21.91
2010-04-14,23.54,23.92,23.36,23.90,521800,21.80
2010-04-13,23.49,23.65,23.19,23.50,337400,21.44
2010-04-12,23.71,23.71,23.38,23.45,556800,21.39
2010-04-09,23.72,23.86,23.28,23.71,549100,21.63
2010-04-08,23.77,23.92,23.31,23.74,503600,21.66
2010-04-07,24.03,24.17,23.70,23.78,548800,21.69
2010-04-06,23.79,24.15,23.76,24.12,636600,22.00
2010-04-05,24.03,24.06,23.65,23.92,421800,21.82
2010-04-01,23.83,24.01,23.61,23.87,465200,21.78
2010-03-31,23.43,23.91,23.34,23.65,729600,21.57
2010-03-30,23.52,23.95,23.38,23.59,469200,21.52
2010-03-29,23.57,23.67,23.25,23.57,775500,21.50
2010-03-26,23.49,23.76,23.23,23.44,630400,21.38
2010-03-25,23.96,23.98,23.43,23.48,740100,21.42
2010-03-24,24.04,24.04,23.61,23.70,937100,21.62
2010-03-23,23.83,24.10,23.36,24.08,1196900,21.97
2010-03-22,22.63,23.87,22.43,23.73,1198600,21.65
2010-03-19,23.48,23.57,22.45,22.74,5283700,20.74
2010-03-18,23.26,23.42,23.08,23.33,737300,21.28
2010-03-17,23.20,23.32,23.10,23.16,627700,21.13
2010-03-16,23.16,23.22,23.01,23.10,1011200,21.07
2010-03-15,22.98,23.08,22.77,23.05,1014100,21.03
2010-03-12,22.95,23.02,22.88,22.95,696800,20.94
2010-03-11,23.02,23.02,22.77,22.94,623900,20.93
2010-03-10,23.02,23.21,22.47,23.17,965900,21.14
2010-03-09,23.20,23.40,23.08,23.10,779800,21.07
2010-03-08,23.13,23.23,22.95,23.22,547500,21.18
2010-03-05,22.63,23.21,22.36,23.21,746900,21.17
2010-03-04,22.28,22.58,22.14,22.51,443500,20.53
2010-03-03,22.33,22.52,22.17,22.28,483500,20.32
2010-03-02,22.43,22.48,22.10,22.24,736700,20.29
2010-03-01,22.34,22.59,22.25,22.43,682600,20.46
2010-02-26,22.54,22.54,22.20,22.24,480200,20.29
2010-02-25,22.19,22.66,22.05,22.60,418600,20.62
2010-02-24,22.32,22.52,22.25,22.48,336300,20.51
2010-02-23,22.47,22.48,22.16,22.36,349600,20.40
2010-02-22,22.45,22.55,22.28,22.47,355300,20.50
2010-02-19,22.42,22.64,22.10,22.47,388700,20.50
2010-02-18,22.20,22.51,22.07,22.39,798600,20.43
2010-02-17,21.94,22.16,21.70,22.15,569800,20.21
2010-02-16,21.87,21.91,21.57,21.85,451500,19.93
2010-02-12,21.60,21.76,21.20,21.76,540700,19.85
2010-02-11,21.46,21.74,21.17,21.71,468800,19.80
2010-02-10,21.71,21.74,21.37,21.66,490700,19.76
2010-02-09,21.89,21.91,21.38,21.81,714400,19.90
2010-02-08,22.02,22.13,21.61,21.61,605100,19.71
2010-02-05,21.93,22.18,21.73,22.09,823000,20.15
2010-02-04,22.14,22.39,21.83,21.88,768000,19.96
2010-02-03,22.24,22.54,22.08,22.20,886900,20.25
2010-02-02,21.66,22.85,21.48,22.21,3087800,20.26
2010-02-01,20.04,20.09,19.95,20.07,841200,18.31
2010-01-29,19.79,20.15,19.74,20.00,1981200,18.24
2010-01-28,19.75,19.87,19.59,19.70,1074500,17.97
2010-01-27,19.58,19.86,19.55,19.80,749100,18.06
2010-01-26,19.39,19.76,19.26,19.73,1084200,18.00
2010-01-25,19.23,19.53,19.11,19.44,718800,17.73
2010-01-22,19.39,19.63,19.10,19.12,880200,17.44
2010-01-21,19.33,19.53,19.09,19.41,761700,17.71
2010-01-20,19.45,19.56,19.05,19.29,765100,17.60
2010-01-19,19.43,19.87,19.26,19.64,531500,17.92
2010-01-15,19.42,19.61,19.21,19.45,762100,17.74
2010-01-14,19.26,19.52,19.23,19.34,488200,17.64
2010-01-13,19.26,19.52,19.15,19.39,587800,17.69
2010-01-12,18.88,19.19,18.85,19.10,709100,17.42
2010-01-11,19.11,19.13,18.91,19.07,739100,17.40
2010-01-08,19.36,19.47,18.77,19.01,1454000,17.34
2010-01-07,17.69,18.09,17.68,18.04,560600,16.46
2010-01-06,17.80,18.03,17.61,17.66,775900,16.11
2010-01-05,18.03,18.09,17.23,17.83,1957100,16.27
2010-01-04,17.97,18.25,17.83,18.11,748100,16.52
2009-12-31,18.22,18.22,17.72,17.72,787200,16.16
2009-12-30,18.40,18.56,18.09,18.18,675400,16.58
2009-12-29,18.65,19.13,18.34,18.42,876400,16.80
2009-12-28,18.60,18.72,18.48,18.58,617500,16.95
2009-12-24,18.63,18.73,18.50,18.58,114600,16.95
2009-12-23,18.55,18.76,18.46,18.54,425800,16.91
2009-12-22,18.74,18.80,18.30,18.52,739100,16.89
2009-12-21,18.55,18.84,18.39,18.77,318200,17.12
2009-12-18,18.51,18.57,18.23,18.49,851100,16.87
2009-12-17,18.25,18.44,18.22,18.35,381200,16.74
2009-12-16,18.43,18.51,18.14,18.43,484600,16.81
2009-12-15,18.49,18.64,18.30,18.33,493300,16.72
2009-12-14,18.35,18.69,18.16,18.63,507600,17.00
2009-12-11,17.95,18.35,17.86,18.21,489200,16.61
2009-12-10,18.03,18.25,17.81,17.91,774100,16.34
2009-12-09,17.83,18.01,17.60,17.99,504500,16.41
2009-12-08,17.98,18.10,17.70,17.90,624300,16.33
2009-12-07,18.25,18.40,17.96,18.05,550800,16.47
2009-12-04,17.87,18.35,17.76,18.24,1181500,16.64
2009-12-03,17.65,17.82,17.59,17.59,772300,16.05
2009-12-02,17.93,18.04,17.53,17.65,984500,16.10
2009-12-01,17.85,18.04,17.65,17.89,1043900,16.32
2009-11-30,17.85,17.85,17.49,17.69,1458500,16.14
2009-11-27,17.87,18.21,17.75,17.91,233800,16.34
2009-11-25,18.23,18.41,18.06,18.34,398100,16.73
2009-11-24,18.44,18.44,17.97,18.23,593600,16.63
2009-11-23,18.38,18.62,18.28,18.37,539200,16.76
2009-11-20,18.09,18.37,17.90,18.19,576600,16.59
2009-11-19,18.48,18.68,17.99,18.20,610000,16.60
2009-11-18,18.50,18.69,18.26,18.53,868200,16.90
2009-11-17,18.72,18.95,18.41,18.45,625100,16.83
2009-11-16,18.70,18.88,18.40,18.87,1240600,17.21
2009-11-13,19.02,19.08,18.57,18.67,862300,17.03
2009-11-12,19.44,19.50,18.96,18.96,1065700,17.30
2009-11-11,19.80,19.86,19.34,19.50,563300,17.79
2009-11-10,19.47,19.79,19.44,19.58,1148000,17.86
2009-11-09,19.26,19.63,19.12,19.63,597700,17.91
2009-11-06,18.84,19.26,18.72,19.12,436000,17.44
2009-11-05,18.63,19.08,18.51,18.97,1120700,17.31
2009-11-04,18.94,19.10,18.44,18.46,664900,16.84
2009-11-03,18.55,18.91,18.14,18.82,863100,17.17
2009-11-02,18.39,18.74,18.15,18.65,1017500,17.01
2009-10-30,18.66,18.91,18.32,18.36,1552600,16.75
2009-10-29,18.58,19.05,18.44,18.81,1115400,17.16
2009-10-28,18.75,19.13,18.31,18.37,1845500,16.76
2009-10-27,18.92,19.39,18.22,18.50,2426400,16.88
2009-10-26,20.69,20.92,20.20,20.42,928800,18.63
2009-10-23,20.68,20.77,20.18,20.63,961600,18.82
2009-10-22,20.17,20.78,20.01,20.67,583000,18.86
2009-10-21,19.97,20.84,19.66,20.12,917800,18.35
2009-10-20,20.76,20.76,19.93,20.16,733800,18.39
2009-10-19,20.41,20.90,20.09,20.77,696300,18.95
2009-10-16,20.29,20.42,19.82,20.33,748300,18.55
2009-10-15,20.12,20.41,19.71,20.33,808200,18.55
2009-10-14,20.08,20.37,19.71,20.34,827500,18.55
2009-10-13,19.64,19.88,19.35,19.82,595000,18.08
2009-10-12,20.12,20.17,19.61,19.74,466900,18.01
2009-10-09,19.44,20.02,19.37,19.93,645100,18.18
2009-10-08,19.35,19.58,19.11,19.41,776700,17.71
2009-10-07,19.08,19.34,18.94,19.19,338000,17.51
2009-10-06,18.93,19.30,18.74,19.26,521500,17.57
2009-10-05,18.67,18.93,18.45,18.88,496100,17.22
2009-10-02,18.76,18.90,18.58,18.67,596400,17.03
2009-10-01,18.87,19.05,18.53,18.75,746500,17.10
2009-09-30,19.00,19.21,18.58,18.88,692900,17.22
2009-09-29,19.01,19.26,18.98,19.04,559000,17.37
2009-09-28,18.73,19.09,18.61,19.01,521400,17.34
2009-09-25,18.88,19.02,18.64,18.73,710200,17.09
2009-09-24,19.14,19.32,18.84,18.96,687700,17.30
2009-09-23,19.41,19.50,19.11,19.12,520100,17.44
2009-09-22,19.50,19.66,19.20,19.32,739200,17.62
2009-09-21,18.63,19.55,18.44,19.41,1011200,17.71
2009-09-18,18.77,18.88,18.52,18.72,841600,17.08
2009-09-17,18.87,18.92,18.39,18.74,753900,17.10
2009-09-16,18.80,18.91,18.35,18.61,1061300,16.98
2009-09-15,18.85,19.03,18.53,18.61,935300,16.98
2009-09-14,18.58,19.04,18.50,18.92,602700,17.26
2009-09-11,19.11,19.46,18.40,18.74,1270200,17.10
2009-09-10,19.25,19.82,19.08,19.09,1038300,17.41
2009-09-09,19.13,19.66,19.02,19.32,637700,17.62
2009-09-08,19.31,19.31,18.81,19.19,624200,17.51
2009-09-04,19.00,19.21,18.73,19.12,543300,17.44
2009-09-03,19.22,19.22,18.65,19.01,542900,17.34
2009-09-02,19.16,19.27,19.02,19.08,623400,17.41
2009-09-01,19.61,20.13,19.05,19.13,821400,17.45
2009-08-31,20.24,20.60,19.69,19.73,674800,18.00
2009-08-28,20.56,20.80,20.08,20.33,447900,18.55
2009-08-27,20.51,20.59,19.76,20.35,394200,18.56
2009-08-26,20.61,20.90,20.36,20.51,445000,18.71
2009-08-25,20.97,21.10,20.56,20.74,382300,18.92
2009-08-24,20.97,21.17,20.76,20.82,438200,18.99
2009-08-21,20.82,21.19,20.58,20.99,534500,19.15
2009-08-20,20.57,20.86,20.36,20.56,436000,18.76
2009-08-19,20.08,20.50,19.79,20.45,569000,18.66
2009-08-18,20.07,20.19,19.84,20.10,326100,18.34
2009-08-17,20.29,20.45,19.90,19.94,380600,18.19
2009-08-14,20.88,20.98,20.34,20.58,387600,18.77
2009-08-13,21.40,21.40,20.68,21.01,343200,19.17
2009-08-12,21.11,21.47,21.11,21.23,399100,19.37
2009-08-11,21.43,21.50,20.98,21.11,554100,19.26
2009-08-10,21.51,21.67,21.12,21.49,536600,19.60
2009-08-07,21.40,21.97,21.34,21.70,582000,19.80
2009-08-06,21.25,21.49,20.89,21.08,729600,19.23
2009-08-05,21.65,21.72,21.12,21.25,812600,19.39
2009-08-04,21.17,21.69,21.17,21.56,783300,19.67
2009-08-03,20.95,21.57,20.91,21.48,777300,19.59
2009-07-31,20.69,21.11,20.62,20.76,1003000,18.94
2009-07-30,21.01,21.18,20.67,20.81,868200,18.98
2009-07-29,21.25,21.49,20.60,20.71,892300,18.89
2009-07-28,19.86,21.74,19.80,21.53,1652900,19.64
2009-07-27,19.43,19.72,18.99,19.37,570000,17.67
2009-07-24,19.25,19.69,19.25,19.34,541400,17.64
2009-07-23,18.83,19.83,18.75,19.42,819400,17.72
2009-07-22,18.75,19.19,18.55,18.81,965000,17.16
2009-07-21,19.34,19.46,18.67,19.02,478100,17.35
2009-07-20,18.90,19.25,18.62,19.17,564500,17.49
2009-07-17,18.90,18.92,18.58,18.75,458300,17.10
2009-07-16,18.83,19.01,18.53,18.83,460600,17.18
2009-07-15,18.49,19.03,18.18,19.01,746900,17.34
2009-07-14,18.24,18.50,18.08,18.28,671800,16.68
2009-07-13,17.92,18.36,17.63,18.33,466400,16.72
2009-07-10,17.53,18.04,17.42,17.86,676000,16.29
2009-07-09,17.27,17.70,17.17,17.55,735400,16.01
2009-07-08,16.88,17.25,16.55,17.09,1164400,15.59
2009-07-07,17.22,17.24,16.86,16.88,716700,15.40
2009-07-06,17.36,17.47,16.73,17.14,652200,15.64
2009-07-02,18.06,18.06,17.24,17.39,720400,15.86
2009-07-01,17.99,18.62,17.91,18.27,482300,16.67
2009-06-30,18.06,18.18,17.83,17.83,721800,16.27
2009-06-29,17.94,18.15,17.49,18.00,684700,16.42
2009-06-26,17.61,17.91,17.50,17.85,769500,16.28
2009-06-25,17.36,17.95,17.21,17.84,569600,16.27
2009-06-24,17.38,17.85,17.27,17.49,610500,15.96
2009-06-23,17.74,17.85,17.16,17.28,751400,15.76
2009-06-22,17.55,17.93,17.40,17.61,1129400,16.06
2009-06-19,18.20,18.32,17.37,17.61,3737600,16.06
2009-06-18,18.22,18.44,17.77,17.98,797200,16.40
2009-06-17,18.22,18.45,17.95,18.15,973200,16.56
2009-06-16,18.87,18.95,17.92,18.17,779300,16.58
2009-06-15,18.85,18.96,18.42,18.74,638200,17.10
2009-06-12,19.14,19.38,18.66,19.08,683000,17.41
2009-06-11,19.08,19.72,18.79,19.40,916100,17.70
2009-06-10,19.21,19.23,18.54,19.06,1594200,17.39
2009-06-09,19.96,20.33,19.76,19.92,465900,18.17
2009-06-08,19.69,20.26,19.51,19.99,410600,18.24
2009-06-05,19.88,20.26,19.39,19.99,631700,18.24
2009-06-04,19.96,19.96,19.23,19.67,701200,17.94
2009-06-03,20.01,20.28,19.52,19.95,812900,18.20
2009-06-02,19.67,20.34,19.50,20.13,855700,18.36
2009-06-01,19.52,19.96,19.09,19.70,883600,17.97
2009-05-29,19.07,19.91,18.95,19.53,787800,17.82
2009-05-28,19.24,19.67,18.36,19.09,627200,17.41
2009-05-27,19.18,19.80,19.00,19.11,813900,17.43
2009-05-26,18.32,19.68,18.22,19.25,1224600,17.56
2009-05-22,18.73,18.93,18.08,18.62,509300,16.99
2009-05-21,18.60,18.73,18.17,18.65,920400,17.01
2009-05-20,19.24,19.53,18.53,18.68,767500,17.04
2009-05-19,19.17,19.41,18.79,19.03,1371900,17.36
2009-05-18,18.90,19.44,18.31,19.39,819600,17.69
2009-05-15,18.73,19.27,18.51,18.59,632200,16.96
2009-05-14,18.20,19.11,17.75,18.75,828800,17.10
2009-05-13,18.70,18.92,17.93,18.00,716200,16.42
2009-05-12,19.35,19.68,18.50,18.98,834500,17.31
2009-05-11,19.49,19.75,19.00,19.25,1069400,17.56
2009-05-08,19.43,20.38,19.01,19.71,638800,17.98
2009-05-07,19.94,20.58,18.90,19.24,933400,17.55
2009-05-06,19.75,20.41,19.42,19.67,1331800,17.94
2009-05-05,19.72,20.30,19.32,19.81,1345800,18.07
2009-05-04,19.42,19.75,19.23,19.62,793900,17.90
2009-05-01,18.71,19.47,18.71,19.14,1411600,17.46
2009-04-30,18.85,19.49,18.59,19.25,1919400,17.56
2009-04-29,18.56,18.77,18.24,18.57,2002600,16.94
2009-04-28,19.51,19.51,16.94,18.38,4941700,16.77
2009-04-27,21.54,22.32,21.09,21.69,801000,19.79
2009-04-24,21.83,22.32,21.27,21.79,816000,19.88
2009-04-23,21.70,22.14,21.01,21.75,875400,19.84
2009-04-22,21.79,23.14,21.79,22.26,885600,20.31
2009-04-21,21.15,22.23,21.15,22.11,1161000,20.17
2009-04-20,21.27,21.50,21.04,21.21,934800,19.35
2009-04-17,21.62,22.27,21.12,22.05,769900,20.11
2009-04-16,21.34,21.82,20.91,21.53,1256500,19.64
2009-04-15,20.75,21.52,20.58,21.11,970300,19.26
2009-04-14,21.10,21.41,20.72,20.86,763100,19.03
2009-04-13,21.34,21.42,20.99,21.29,810300,19.42
2009-04-09,21.28,21.78,21.13,21.47,1329300,19.59
2009-04-08,20.90,21.32,20.47,21.27,1936200,19.40
2009-04-07,20.62,20.79,20.19,20.73,1526300,18.91
2009-04-06,20.61,20.86,20.12,20.65,956700,18.84
2009-04-03,20.43,21.04,20.43,20.84,693300,19.01
2009-04-02,20.00,21.13,19.91,20.43,1394900,18.64
2009-04-01,19.28,19.69,18.60,19.66,827200,17.93
2009-03-31,19.41,19.80,18.90,19.37,1062700,17.67
2009-03-30,19.57,19.60,18.86,19.29,901000,17.60
2009-03-27,19.84,20.17,19.41,19.97,1079000,18.22
2009-03-26,18.77,20.13,18.77,20.12,2073300,18.35
2009-03-25,18.94,19.49,17.97,18.64,1574300,17.00
2009-03-24,18.55,19.00,18.34,18.69,1458300,17.05
2009-03-23,18.11,18.93,18.04,18.87,1741600,17.21
2009-03-20,18.21,18.35,17.57,17.77,2032100,16.21
2009-03-19,18.88,19.10,17.88,18.05,1719900,16.47
2009-03-18,18.49,18.92,18.21,18.66,2334600,17.02
2009-03-17,18.34,18.94,18.20,18.93,1506800,17.27
2009-03-16,19.21,19.41,18.22,18.30,1033200,16.69
2009-03-13,19.10,19.17,18.45,18.88,777700,17.22
2009-03-12,18.19,19.17,17.95,19.04,1441900,17.37
2009-03-11,17.99,18.44,17.81,18.22,832500,16.62
2009-03-10,17.20,18.41,16.99,17.96,1335100,16.38
2009-03-09,16.76,17.50,16.53,16.82,1545000,15.34
2009-03-06,17.71,17.73,16.25,16.90,1591400,15.42
2009-03-05,17.66,18.24,17.14,17.57,1383000,16.03
2009-03-04,17.94,18.24,17.25,18.02,1182500,16.44
2009-03-03,17.01,17.76,16.71,17.22,2344900,15.71
2009-03-02,17.22,17.48,16.80,16.85,730600,15.37
2009-02-27,16.77,17.73,16.56,17.52,1666600,15.98
2009-02-26,17.45,17.61,16.97,17.00,731000,15.51
2009-02-25,17.84,17.93,16.88,17.41,740300,15.88
2009-02-24,17.46,18.16,17.30,17.97,837500,16.39
2009-02-23,18.12,18.28,17.29,17.36,770800,15.84
2009-02-20,17.67,18.11,17.00,17.93,1178800,16.36
2009-02-19,18.41,18.86,17.98,18.16,1061000,16.57
2009-02-18,18.22,18.56,17.76,18.25,1139200,16.65
2009-02-17,18.41,18.58,17.84,18.24,1234200,16.64
2009-02-13,18.95,19.62,18.51,18.58,1108700,16.95
2009-02-12,18.27,19.26,17.43,18.99,1384300,17.32
2009-02-11,18.27,18.96,17.95,18.69,1179500,17.05
2009-02-10,19.07,19.32,17.82,18.11,1840600,16.52
2009-02-09,18.74,19.34,18.34,19.12,1275200,17.44
2009-02-06,18.40,19.39,18.26,18.71,1836700,17.07
2009-02-05,17.66,18.55,17.60,18.41,1344400,16.79
2009-02-04,16.64,18.11,16.64,17.71,1532600,16.16
2009-02-03,17.29,18.18,16.50,17.01,2861200,15.52
2009-02-02,14.56,15.30,14.51,15.14,1311600,13.81
2009-01-30,15.65,15.89,14.50,14.85,750700,13.55
2009-01-29,16.25,16.25,15.30,15.37,663800,14.02
2009-01-28,15.95,16.71,15.87,16.35,455700,14.92
2009-01-27,15.39,15.93,15.16,15.91,850500,14.51
2009-01-26,14.86,15.96,14.86,15.23,645000,13.89
2009-01-23,14.74,15.19,14.45,14.91,578900,13.60
2009-01-22,14.73,15.21,14.46,15.02,668300,13.70
2009-01-21,15.22,15.30,14.62,15.00,992400,13.68
2009-01-20,15.87,15.96,14.70,15.00,1022800,13.68
2009-01-16,16.27,16.27,15.46,16.03,733600,14.62
2009-01-15,15.74,16.47,15.25,16.11,1002500,14.70
2009-01-14,16.67,16.71,15.80,15.83,823800,14.44
2009-01-13,16.63,17.25,16.31,17.09,696400,15.59
2009-01-12,16.96,17.10,16.33,16.60,883700,15.14
2009-01-09,17.73,17.95,16.89,16.92,948200,15.44
2009-01-08,17.35,17.95,17.25,17.69,785400,16.14
2009-01-07,18.42,18.51,17.17,17.60,807900,16.06
2009-01-06,17.97,19.09,17.97,18.64,950700,17.00
2009-01-05,17.65,18.31,17.27,17.72,916200,16.16
2009-01-02,17.84,17.93,17.11,17.65,740800,16.10
2008-12-31,16.98,17.85,16.52,17.65,847500,16.10
2008-12-30,16.44,16.94,15.76,16.86,684600,15.38
2008-12-29,16.44,16.79,15.92,16.22,593100,14.80
2008-12-26,16.46,16.80,16.13,16.38,228900,14.94
2008-12-24,16.23,16.63,15.72,16.44,227800,15.00
2008-12-23,15.99,16.53,15.96,16.12,714700,14.71
2008-12-22,17.00,17.11,15.44,15.97,1256600,14.57
2008-12-19,15.78,17.27,15.22,17.00,3376700,15.51
2008-12-18,15.54,15.89,15.11,15.36,666100,14.01
2008-12-17,14.96,15.87,14.67,15.43,1094300,14.08
2008-12-16,14.53,15.15,14.25,15.10,898000,13.77
2008-12-15,15.48,15.48,14.00,14.28,749700,13.03
2008-12-12,14.14,15.45,13.88,15.36,958100,14.01
2008-12-11,15.17,15.79,14.26,14.46,652700,13.19
2008-12-10,14.87,15.75,14.65,15.43,650600,14.08
2008-12-09,15.15,15.74,14.56,14.68,915100,13.39
2008-12-08,14.95,15.45,14.68,15.30,871300,13.96
2008-12-05,14.55,15.03,13.98,14.95,1543900,13.64
2008-12-04,15.16,16.10,14.49,14.81,1274500,13.51
2008-12-03,14.77,15.55,14.60,15.47,1396200,14.11
2008-12-02,14.83,15.23,14.13,15.00,1684500,13.68
2008-12-01,16.03,16.43,14.46,14.54,1190100,13.26
2008-11-28,15.77,16.44,15.69,16.41,346400,14.97
2008-11-26,14.35,16.02,14.14,15.91,1239200,14.51
2008-11-25,14.61,15.00,14.17,14.65,1171400,13.36
2008-11-24,13.18,14.70,13.18,14.41,1235300,13.15
2008-11-21,12.11,13.11,11.58,13.10,1661100,11.95
2008-11-20,11.91,12.91,11.81,12.09,1725000,11.03
2008-11-19,13.02,13.20,12.02,12.10,1250100,11.04
2008-11-18,12.91,13.33,12.60,13.13,1064200,11.98
2008-11-17,13.29,13.67,12.77,12.88,933300,11.75
2008-11-14,13.69,13.99,13.33,13.37,1846700,12.20
2008-11-13,12.33,13.87,12.13,13.84,1639800,12.63
2008-11-12,12.55,12.92,12.37,12.41,1786000,11.32
2008-11-11,12.79,13.22,12.42,12.74,936800,11.62
2008-11-10,13.71,13.77,12.67,12.78,1117000,11.66
2008-11-07,13.01,13.42,12.71,13.38,1248200,12.21
2008-11-06,14.03,14.27,12.81,12.88,1228300,11.75
2008-11-05,14.21,14.88,14.02,14.07,1302600,12.84
2008-11-04,14.90,15.13,14.47,14.90,1358500,13.59
2008-11-03,14.60,15.06,13.82,14.77,767500,13.47
2008-10-31,14.03,14.97,13.72,14.60,1473500,13.32
2008-10-30,13.48,14.27,13.21,14.12,1709500,12.88
2008-10-29,12.38,13.79,11.87,13.21,2563800,12.05
2008-10-28,14.85,14.87,9.97,12.04,8522400,10.98
2008-10-27,15.36,16.52,15.11,15.49,1496600,14.13
2008-10-24,15.63,16.25,15.45,15.75,1127700,14.37
2008-10-23,16.68,17.31,15.49,16.16,1031000,14.74
2008-10-22,17.77,19.03,16.29,16.55,1052500,15.10
2008-10-21,18.90,19.28,17.97,18.24,856800,16.64
2008-10-20,19.79,19.79,18.69,19.32,944500,17.62
2008-10-17,18.78,20.37,18.50,19.24,988400,17.55
2008-10-16,18.41,19.82,17.61,19.60,2156300,17.88
2008-10-15,18.75,19.17,18.18,18.44,1647300,16.82
2008-10-14,20.38,20.38,18.39,19.30,1626300,17.61
2008-10-13,18.80,19.63,18.12,19.49,903100,17.78
2008-10-10,16.40,17.99,15.00,17.76,1844600,16.20
2008-10-09,17.81,19.13,16.76,16.92,1097200,15.44
2008-10-08,18.12,19.18,17.52,17.57,2197100,16.03
2008-10-07,18.74,20.66,18.62,18.70,854800,17.06
2008-10-06,20.36,20.47,18.37,19.63,1610900,17.91
2008-10-03,21.32,21.74,20.43,20.56,1312900,18.76
2008-10-02,22.19,22.68,20.95,21.08,980200,19.23
2008-10-01,22.14,22.51,21.43,22.20,724800,20.25
2008-09-30,23.09,23.25,21.25,22.28,879600,20.32
2008-09-29,23.32,23.79,22.50,22.70,725500,20.71
2008-09-26,22.79,23.98,22.79,23.78,749200,21.69
2008-09-25,22.48,23.40,22.00,23.16,488000,21.13
2008-09-24,22.43,23.06,22.15,22.35,500900,20.39
2008-09-23,22.76,23.28,22.32,22.60,535600,20.62
2008-09-22,24.37,24.91,22.57,22.60,730700,20.62
2008-09-19,25.49,26.00,23.62,24.07,2474100,21.96
2008-09-18,22.93,24.38,21.75,23.81,1728600,21.72
2008-09-17,22.96,23.96,21.95,22.41,1059700,20.44
2008-09-16,22.75,23.77,22.50,23.42,1432300,21.36
2008-09-15,21.90,23.41,21.90,22.59,1023600,20.61
2008-09-12,22.55,23.33,22.48,23.16,967400,21.13
2008-09-11,22.94,23.38,22.21,22.80,1137400,20.80
2008-09-10,23.06,23.66,22.67,23.41,712300,21.36
2008-09-09,23.67,24.10,22.82,22.89,1020800,20.88
2008-09-08,23.31,23.98,23.04,23.63,1018500,21.56
2008-09-05,22.10,22.71,21.95,22.56,784800,20.58
2008-09-04,22.46,22.81,21.73,22.25,894600,20.30
2008-09-03,22.55,22.92,21.67,22.70,1236100,20.71
2008-09-02,23.20,23.76,22.41,22.64,936200,20.65
2008-08-29,22.90,23.17,22.37,22.66,618400,20.67
2008-08-28,23.02,23.72,22.77,23.01,766900,20.99
2008-08-27,22.62,23.29,22.56,22.85,801900,20.84
2008-08-26,22.50,22.91,22.26,22.60,941600,20.62
2008-08-25,23.25,23.25,22.37,22.50,615900,20.53
2008-08-22,23.01,23.49,22.34,23.14,639800,21.11
2008-08-21,22.69,23.04,22.30,22.82,565600,20.82
2008-08-20,22.91,23.29,22.41,22.91,706100,20.90
2008-08-19,22.95,23.28,22.59,22.72,817500,20.73
2008-08-18,24.02,24.11,22.90,23.23,738300,21.19
2008-08-15,24.31,24.31,23.74,24.05,789600,21.94
2008-08-14,23.57,24.40,23.57,24.10,1006100,21.99
2008-08-13,23.70,24.14,23.37,23.81,900700,21.72
2008-08-12,23.78,24.05,23.37,23.81,1047300,21.72
2008-08-11,22.84,24.45,22.62,23.94,1809700,21.84
2008-08-08,22.30,23.12,22.19,22.83,928000,20.83
2008-08-07,22.43,22.50,21.93,22.24,698500,20.29
2008-08-06,21.98,22.58,21.54,22.37,882800,20.41
2008-08-05,21.34,22.23,21.21,21.99,1248400,20.06
2008-08-04,21.22,21.75,20.69,21.17,1180000,19.31
2008-08-01,21.41,21.55,20.77,21.30,1135000,19.43
2008-07-31,21.60,22.33,21.02,21.20,1330400,19.34
2008-07-30,21.75,22.50,21.63,22.02,1717700,20.09
2008-07-29,22.59,22.85,18.60,21.53,4091300,19.64
2008-07-28,24.11,24.57,23.30,23.49,1372700,21.43
2008-07-25,24.43,24.72,23.63,23.93,972400,21.83
2008-07-24,24.55,24.89,23.77,24.07,1203600,21.96
2008-07-23,24.41,24.87,23.25,24.40,2322200,22.26
2008-07-22,23.58,24.37,23.24,24.20,1208900,22.08
2008-07-21,24.16,24.49,23.17,23.69,780500,21.61
2008-07-18,23.80,24.84,23.20,24.04,1561500,21.93
2008-07-17,22.95,24.13,22.65,24.03,2894800,21.92
2008-07-16,21.86,22.99,21.55,22.63,3028400,20.64
2008-07-15,21.90,22.64,21.43,21.76,1890400,19.85
2008-07-14,23.51,23.97,21.84,22.18,1501200,20.23
2008-07-11,22.91,23.56,22.05,23.13,1463400,21.10
2008-07-10,23.12,23.86,22.86,23.04,2059700,21.02
2008-07-09,22.65,23.70,22.21,23.18,2052800,21.15
2008-07-08,21.15,22.59,20.92,22.52,1563700,20.54
2008-07-07,20.38,21.31,20.38,21.05,1118300,19.20
2008-07-03,20.40,20.92,20.11,20.36,293100,18.57
2008-07-02,21.24,21.46,20.31,20.38,1014800,18.59
2008-07-01,20.64,21.34,20.14,21.19,1329800,19.33
2008-06-30,20.75,20.95,20.33,20.57,1254000,18.76
2008-06-27,20.96,21.30,20.33,20.74,1216900,18.92
2008-06-26,21.74,21.98,20.81,21.04,1049900,19.19
2008-06-25,21.56,22.77,21.35,21.99,1198600,20.06
2008-06-24,21.50,21.91,20.97,21.45,711600,19.57
2008-06-23,22.39,22.57,21.60,21.64,520700,19.74
2008-06-20,22.84,22.89,21.71,22.20,1364100,20.25
2008-06-19,22.12,23.11,21.86,22.99,1038600,20.97
2008-06-18,21.91,22.16,21.19,22.12,1133800,20.18
2008-06-17,22.39,22.41,21.66,22.06,895900,20.12
2008-06-16,21.67,22.32,21.11,22.23,988100,20.28
2008-06-13,21.52,21.71,20.25,21.67,1421300,19.77
2008-06-12,21.27,22.12,21.19,21.35,770100,19.48
2008-06-11,21.27,21.45,20.85,21.08,1082400,19.23
2008-06-10,20.70,21.62,19.95,21.33,997800,19.46
2008-06-09,21.55,21.73,20.50,20.82,1163600,18.99
2008-06-06,21.97,22.14,21.40,21.40,1044800,19.52
2008-06-05,21.89,22.15,21.02,22.11,1068300,20.17
2008-06-04,21.37,22.24,21.21,21.89,1632800,19.97
2008-06-03,20.86,21.36,20.67,21.30,1719300,19.43
2008-06-02,21.05,21.49,20.10,20.68,1032800,18.87
2008-05-30,21.50,21.59,20.93,20.98,810200,19.14
2008-05-29,20.92,21.66,20.82,21.43,762700,19.55
2008-05-28,21.01,21.15,20.67,21.00,1070700,19.16
2008-05-27,20.59,21.21,20.40,20.95,764700,19.11
2008-05-23,20.90,20.93,20.44,20.54,1115400,18.74
2008-05-22,21.05,21.22,20.48,20.95,1848300,19.11
2008-05-21,21.95,22.27,20.96,21.04,1039100,19.19
2008-05-20,22.32,22.52,21.84,22.00,1113200,20.07
2008-05-19,22.55,23.20,22.23,22.47,1012100,20.50
2008-05-16,22.95,22.95,22.21,22.55,812500,20.57
2008-05-15,22.45,22.65,21.90,22.58,731600,20.60
2008-05-14,22.14,22.70,22.14,22.52,696200,20.54
2008-05-13,22.10,22.23,21.68,22.12,630400,20.18
2008-05-12,21.21,22.14,21.13,22.14,840700,20.20
2008-05-09,21.45,21.57,20.96,21.07,1085900,19.22
2008-05-08,21.53,21.68,20.66,21.56,1688500,19.67
2008-05-07,22.32,22.48,21.40,21.47,799800,19.59
2008-05-06,22.04,22.56,21.76,22.30,1270600,20.34
2008-05-05,22.38,22.57,21.88,22.02,984100,20.09
2008-05-02,22.71,23.13,22.25,22.40,1267600,20.43
2008-05-01,21.77,23.14,21.14,22.67,1369500,20.68
2008-04-30,22.74,22.74,21.51,21.53,1759200,19.64
2008-04-29,20.75,22.77,19.71,22.62,2588000,20.63
2008-04-28,20.07,20.54,19.69,20.27,1638700,18.49
2008-04-25,20.18,20.45,19.23,19.94,1326400,18.19
2008-04-24,19.40,20.30,19.13,20.17,1385500,18.40
2008-04-23,18.66,19.62,18.43,19.35,1094300,17.65
2008-04-22,19.00,19.08,18.17,18.53,732100,16.90
2008-04-21,18.63,19.11,18.63,19.08,800500,17.41
2008-04-18,19.15,19.15,18.40,18.66,786900,17.02
2008-04-17,18.78,18.86,18.26,18.70,514700,17.06
2008-04-16,18.25,18.96,18.07,18.79,957000,17.14
2008-04-15,17.52,18.07,17.44,18.03,811000,16.45
2008-04-14,17.26,17.64,17.08,17.39,1093100,15.86
2008-04-11,17.66,17.81,17.07,17.23,622400,15.72
2008-04-10,17.78,18.08,17.51,17.85,721900,16.28
2008-04-09,18.50,18.50,17.60,17.72,485300,16.16
2008-04-08,18.54,18.64,18.28,18.36,623600,16.75
2008-04-07,19.22,19.35,18.47,18.60,996100,16.97
2008-04-04,18.87,19.18,18.32,19.03,1023900,17.36
2008-04-03,18.65,18.79,18.33,18.66,695600,17.02
2008-04-02,19.19,19.42,18.60,18.74,1045700,17.10
2008-04-01,18.10,19.15,18.04,19.11,908600,17.43
2008-03-31,17.71,18.42,17.51,18.35,1201300,16.74
2008-03-28,17.99,18.15,17.58,17.63,714700,16.08
2008-03-27,18.56,18.58,17.92,18.00,589300,16.42
2008-03-26,19.05,19.06,18.25,18.49,714800,16.87
2008-03-25,19.77,19.81,19.07,19.25,776400,17.56
2008-03-24,19.18,20.22,19.06,19.72,1205400,17.99
2008-03-20,17.62,19.19,17.55,18.99,2665100,17.32
2008-03-19,17.41,17.70,16.99,16.99,734800,15.50
2008-03-18,16.61,17.40,16.51,17.33,893200,15.81
2008-03-17,16.12,16.74,15.84,16.40,794200,14.96
2008-03-14,17.31,17.40,16.20,16.42,1228500,14.98
2008-03-13,15.89,17.38,15.88,17.13,1111800,15.63
2008-03-12,16.09,16.57,15.78,16.06,822900,14.65
2008-03-11,16.22,16.28,15.51,16.03,1355300,14.62
2008-03-10,16.27,16.50,15.59,15.75,956900,14.37
2008-03-07,16.17,16.92,16.10,16.24,1061800,14.81
2008-03-06,17.25,17.35,16.29,16.31,827100,14.88
2008-03-05,17.55,18.20,17.20,17.38,797300,15.85
2008-03-04,17.23,17.51,16.80,17.34,989300,15.82
2008-03-03,17.31,17.44,16.90,17.40,1346000,15.87
2008-02-29,17.94,18.20,17.07,17.15,1270500,15.64
2008-02-28,19.24,19.24,18.15,18.20,1032300,16.60
2008-02-27,19.17,19.62,18.98,19.38,524200,17.68
2008-02-26,18.59,19.56,18.59,19.16,1069100,17.48
2008-02-25,18.29,18.88,17.92,18.80,627900,17.15
2008-02-22,18.01,18.37,17.76,18.34,627600,16.73
2008-02-21,18.99,18.99,17.92,17.92,814500,16.35
2008-02-20,18.03,19.10,17.92,18.82,692200,17.17
2008-02-19,18.60,18.74,17.90,18.11,766600,16.52
2008-02-15,18.28,18.43,17.85,18.39,662200,16.78
2008-02-14,18.94,18.94,17.96,18.39,1248300,16.78
2008-02-13,18.84,19.22,18.50,18.88,684600,17.22
2008-02-12,18.99,19.13,18.42,18.72,939400,17.08
2008-02-11,18.50,19.21,18.00,18.85,1149700,17.20
2008-02-08,18.53,18.84,18.12,18.52,970400,16.89
2008-02-07,17.46,18.69,17.33,18.58,1271900,16.95
2008-02-06,17.86,18.19,17.31,17.34,1495000,15.82
2008-02-05,16.26,18.48,16.25,17.77,2079900,16.21
2008-02-04,17.25,17.25,16.16,16.75,1357900,15.28
2008-02-01,17.33,17.48,16.62,17.15,1364400,15.64
2008-01-31,15.50,17.40,15.45,17.10,2159500,15.60
2008-01-30,15.14,15.99,15.03,15.60,1274200,14.23
2008-01-29,14.61,15.28,14.56,15.26,1513800,13.92
2008-01-28,13.64,14.48,13.50,14.45,869000,13.18
2008-01-25,13.77,14.03,13.52,13.67,797700,12.47
2008-01-24,13.73,13.82,12.87,13.63,1225800,12.43
2008-01-23,12.38,13.83,12.00,13.62,1244200,12.42
2008-01-22,11.89,12.87,11.67,12.72,1083600,11.60
2008-01-18,12.57,12.93,12.30,12.39,1304100,11.30
2008-01-17,12.80,13.21,12.40,12.58,1125300,11.48
2008-01-16,12.16,13.01,12.16,12.72,877500,11.60
2008-01-15,12.51,12.69,12.00,12.23,1161000,11.16
2008-01-14,12.67,12.86,12.48,12.67,939000,11.56
2008-01-11,13.05,13.08,12.57,12.57,1132800,11.47
2008-01-10,12.83,13.45,12.77,13.23,1176500,12.07
2008-01-09,13.20,13.39,12.45,12.98,1492700,11.84
2008-01-08,13.87,14.17,13.22,13.23,947300,12.07
2008-01-07,13.45,13.89,13.26,13.75,927400,12.54
2008-01-04,14.01,14.77,13.25,13.37,1519700,12.20
2008-01-03,14.93,15.08,14.07,14.11,1270800,12.87
2008-01-02,14.49,15.29,14.34,14.93,1117700,13.62
2007-12-31,14.66,14.82,14.35,14.52,845300,13.25
2007-12-28,14.44,14.94,14.32,14.82,1085000,13.52
2007-12-27,14.83,14.94,14.41,14.48,726800,13.21
2007-12-26,15.12,15.23,14.74,14.97,661100,13.66
2007-12-24,15.06,15.42,14.82,15.27,252900,13.93
2007-12-21,15.33,15.44,14.83,14.90,2070900,13.59
2007-12-20,15.21,15.21,14.53,14.93,838200,13.62
2007-12-19,15.26,15.45,14.61,15.00,820900,13.68
2007-12-18,15.11,15.29,14.82,15.21,489200,13.88
2007-12-17,14.83,15.36,14.75,14.96,567500,13.65
2007-12-14,15.20,15.38,14.85,14.96,569100,13.65
2007-12-13,15.60,15.67,15.20,15.41,658300,14.06
2007-12-12,15.97,16.40,15.51,15.73,862800,14.35
2007-12-11,16.35,16.35,15.41,15.48,845400,14.12
2007-12-10,16.31,16.72,16.17,16.29,751200,14.86
2007-12-07,16.04,16.54,15.97,16.31,1048900,14.88
2007-12-06,15.24,16.01,15.00,16.01,1233500,14.60
2007-12-05,14.95,15.38,14.78,15.25,1280100,13.91
2007-12-04,13.99,14.76,13.59,14.70,1796100,13.41
2007-12-03,14.12,14.42,13.95,14.08,683500,12.84
2007-11-30,14.20,14.34,14.00,14.16,1199700,12.92
2007-11-29,14.06,14.16,13.86,14.03,742500,12.80
2007-11-28,13.56,14.23,13.41,14.15,1209800,12.91
2007-11-27,13.27,13.57,13.17,13.40,741500,12.22
2007-11-26,13.97,13.97,13.16,13.17,796300,12.01
2007-11-23,13.74,14.07,13.60,14.00,284200,12.77
2007-11-21,13.49,13.86,13.45,13.57,955000,12.38
2007-11-20,13.65,13.85,13.39,13.71,1752900,12.51
2007-11-19,14.73,14.73,13.63,13.65,1744900,12.45
2007-11-16,15.03,15.39,14.54,14.99,1230800,13.67
2007-11-15,15.00,15.26,14.83,14.95,582300,13.64
2007-11-14,15.48,15.69,15.02,15.04,772800,13.72
2007-11-13,15.08,15.48,14.99,15.37,1046400,14.02
2007-11-12,14.94,15.16,14.82,14.92,1134100,13.61
2007-11-09,14.92,15.10,14.85,14.92,1475100,13.61
2007-11-08,14.45,15.23,14.10,15.19,2837500,13.86
2007-11-07,14.81,14.97,14.35,14.41,1289100,13.15
2007-11-06,15.10,15.54,14.75,14.95,1570000,13.64
2007-11-05,15.01,15.13,14.72,14.80,1064600,13.50
2007-11-02,15.39,15.51,14.81,15.09,1444400,13.77
2007-11-01,16.00,16.03,15.29,15.29,1626800,13.95
2007-10-31,16.09,16.28,15.55,16.00,1507800,14.60
2007-10-30,15.10,16.38,15.06,16.08,1549400,14.67
2007-10-29,16.00,16.42,16.00,16.30,1092700,14.87
2007-10-26,16.00,16.05,15.78,15.99,758400,14.59
2007-10-25,15.85,15.96,15.50,15.79,1329500,14.40
2007-10-24,15.97,16.22,15.63,15.85,1011200,14.46
2007-10-23,16.42,16.42,15.85,16.10,508400,14.69
2007-10-22,15.90,16.43,15.67,16.25,774900,14.82
2007-10-19,16.80,16.80,15.92,15.95,602000,14.55
2007-10-18,16.88,17.01,16.61,16.80,600300,15.33
2007-10-17,17.08,17.24,16.49,16.91,979000,15.43
2007-10-16,17.30,17.51,16.90,16.95,697400,15.46
2007-10-15,17.83,17.89,17.12,17.34,631700,15.82
2007-10-12,17.81,18.11,17.68,17.86,430500,16.29
2007-10-11,18.03,18.32,17.67,17.79,592900,16.23
2007-10-10,18.10,18.41,17.88,18.00,654100,16.42
2007-10-09,17.85,18.19,17.55,18.19,628000,16.59
2007-10-08,18.15,18.23,17.75,17.83,558000,16.27
2007-10-05,17.49,18.32,17.44,18.23,957000,16.63
2007-10-04,17.73,17.73,17.07,17.33,733700,15.81
2007-10-03,18.01,18.29,17.52,17.66,1007100,16.11
2007-10-02,18.65,18.70,18.11,18.18,940100,16.58
2007-10-01,18.12,18.66,18.02,18.59,633000,16.96
2007-09-28,17.10,18.72,16.92,18.13,1462500,16.54
2007-09-27,16.88,17.28,16.88,17.12,1096700,15.62
2007-09-26,17.34,17.44,16.79,16.85,912300,15.37
2007-09-25,17.53,17.59,17.23,17.29,558000,15.77
2007-09-24,18.16,18.27,17.63,17.68,802300,16.13
2007-09-21,18.54,18.57,18.01,18.16,930800,16.57
2007-09-20,18.65,18.98,18.19,18.39,362400,16.78
2007-09-19,18.88,19.26,18.63,18.69,548000,17.05
2007-09-18,17.98,18.69,17.77,18.69,545500,17.05
2007-09-17,18.03,18.11,17.79,17.85,911500,16.28
2007-09-14,18.12,18.43,17.80,18.13,330200,16.54
2007-09-13,18.23,18.50,17.90,18.23,540100,16.63
2007-09-12,18.28,18.51,18.08,18.08,440900,16.49
2007-09-11,18.25,18.54,18.13,18.28,1229200,16.68
2007-09-10,18.46,18.57,17.79,18.18,661700,16.58
2007-09-07,18.52,18.74,18.35,18.42,694200,16.80
2007-09-06,18.93,19.10,18.56,18.80,559700,17.15
2007-09-05,19.13,19.15,18.75,18.94,521300,17.28
2007-09-04,19.15,19.48,18.83,19.30,273000,17.61
2007-08-31,19.33,19.84,18.95,19.22,400200,17.53
2007-08-30,18.98,19.26,18.84,19.07,390500,17.40
2007-08-29,18.92,19.22,18.80,19.18,512300,17.50
2007-08-28,19.25,19.25,18.75,18.77,569300,17.12
2007-08-27,19.41,19.56,19.19,19.29,429600,17.60
2007-08-24,19.45,19.58,18.99,19.45,690800,17.74
2007-08-23,20.05,20.49,19.37,19.44,717800,17.73
2007-08-22,19.58,20.03,19.30,19.97,728700,18.22
2007-08-21,19.13,19.49,18.97,19.36,439500,17.66
2007-08-20,19.04,19.54,19.00,19.19,683300,17.51
2007-08-17,18.94,19.67,18.62,18.97,1283700,17.31
2007-08-16,18.83,19.10,18.13,18.53,1834300,16.90
2007-08-15,18.73,19.19,18.71,18.74,1580300,17.10
2007-08-14,19.48,19.78,18.73,18.85,1913700,17.20
2007-08-13,20.22,20.83,19.31,19.37,1695900,17.67
2007-08-10,20.86,20.91,19.59,20.00,2196500,18.24
2007-08-09,19.64,21.47,19.00,21.21,2641500,19.35
2007-08-08,19.29,20.42,19.13,20.24,2563700,18.46
2007-08-07,17.46,19.22,17.41,19.10,2445900,17.42
2007-08-06,17.33,17.68,16.84,17.61,2520800,16.06
2007-08-03,18.23,18.30,17.14,17.23,2121000,15.72
2007-08-02,18.62,18.74,18.00,18.21,2895800,16.61
2007-08-01,19.45,19.56,18.29,18.62,3424300,16.99
2007-07-31,22.03,22.26,19.41,19.41,4335200,17.71
2007-07-30,23.95,24.58,23.55,24.12,1192400,22.00
2007-07-27,24.30,24.79,23.99,23.99,739400,21.88
2007-07-26,24.74,24.96,23.96,24.42,1071500,22.28
2007-07-25,24.70,25.18,24.13,25.09,1594000,22.89
2007-07-24,25.30,25.54,24.46,24.65,898700,22.49
2007-07-23,25.97,26.17,25.38,25.58,641900,23.34
2007-07-20,26.14,26.22,25.44,25.89,791100,23.62
2007-07-19,26.05,26.29,26.05,26.20,441600,23.90
2007-07-18,26.80,27.00,25.88,26.07,1082600,23.78
2007-07-17,26.88,27.31,26.86,26.89,457500,24.53
2007-07-16,27.00,27.31,26.73,26.89,359400,24.53
2007-07-13,27.10,27.14,26.80,27.06,366600,24.69
2007-07-12,26.51,27.26,26.45,27.04,591600,24.67
2007-07-11,26.10,26.54,26.10,26.31,423800,24.00
2007-07-10,26.35,26.64,25.99,26.00,1036300,23.72
2007-07-09,26.85,26.94,26.33,26.56,743800,24.23
2007-07-06,26.80,27.00,26.60,26.81,903400,24.46
2007-07-05,26.88,27.54,26.78,26.87,629500,24.51
2007-07-03,26.88,27.00,26.62,26.90,162000,24.54
2007-07-02,26.46,26.92,26.42,26.80,547100,24.45
2007-06-29,26.28,26.42,25.96,26.23,533000,23.93
2007-06-28,26.48,26.57,26.15,26.20,287600,23.90
2007-06-27,25.84,26.49,25.80,26.44,387500,24.12
2007-06-26,26.17,26.43,25.91,26.02,523700,23.74
2007-06-25,26.31,26.60,25.84,25.97,421200,23.69
2007-06-22,26.67,26.67,26.18,26.33,667400,24.02
2007-06-21,26.95,27.01,26.62,26.79,394000,24.44
2007-06-20,27.24,27.34,27.01,27.07,601800,24.69
2007-06-19,26.78,27.23,26.67,27.13,429900,24.75
2007-06-18,26.89,27.12,26.78,26.94,573400,24.58
2007-06-15,27.11,27.22,26.74,26.94,1079600,24.58
2007-06-14,26.57,26.71,26.25,26.70,655200,24.36
2007-06-13,26.14,26.89,26.11,26.73,626700,24.38
2007-06-12,26.15,26.56,25.96,26.05,611900,23.76
2007-06-11,26.46,26.53,26.05,26.18,364700,23.88
2007-06-08,25.89,26.63,25.50,26.53,536100,24.20
2007-06-07,26.54,26.87,25.86,25.90,734300,23.63
2007-06-06,26.95,27.00,26.58,26.72,562100,24.38
2007-06-05,27.23,27.37,26.77,27.00,485700,24.63
2007-06-04,27.23,27.58,27.20,27.36,521800,24.96
2007-06-01,27.24,27.84,27.09,27.35,384600,24.95
2007-05-31,27.25,27.56,26.99,27.10,653100,24.72
2007-05-30,26.56,27.28,26.33,27.07,989500,24.69
2007-05-29,26.76,27.22,26.25,26.71,1201600,24.37
2007-05-25,27.14,27.18,26.71,26.80,426100,24.45
2007-05-24,26.87,27.28,26.57,26.88,619200,24.52
2007-05-23,27.22,27.43,26.85,26.93,590200,24.57
2007-05-22,27.49,27.64,26.98,27.15,1014800,24.77
2007-05-21,27.46,28.07,27.35,27.61,1138600,25.19
2007-05-18,27.27,27.72,26.84,27.57,713400,25.15
2007-05-17,26.94,27.29,26.62,27.13,706000,24.75
2007-05-16,27.11,27.42,26.76,27.00,857800,24.63
2007-05-15,27.01,27.16,26.53,26.97,1523000,24.60
2007-05-14,28.01,28.10,26.99,27.06,906300,24.69
2007-05-11,28.06,28.42,27.52,28.08,505400,25.62
2007-05-10,28.20,28.27,27.51,27.52,692500,25.10
2007-05-09,27.79,28.37,27.70,28.22,665900,25.74
2007-05-08,28.22,28.29,27.76,27.99,568500,25.53
2007-05-07,28.12,28.73,27.96,28.31,1633500,25.83
2007-05-04,27.66,28.03,27.61,28.02,709400,25.56
2007-05-03,27.12,27.74,26.89,27.66,943000,25.23
2007-05-02,27.37,27.87,27.00,27.02,1219900,24.65
2007-05-01,27.76,28.29,27.00,27.21,1096400,24.82
2007-04-30,28.71,28.95,27.77,27.84,948000,25.40
2007-04-27,28.89,28.94,28.42,28.57,762300,26.06
2007-04-26,28.70,29.20,28.55,29.01,826200,26.46
2007-04-25,28.34,28.89,28.17,28.74,556300,26.22
2007-04-24,29.00,29.00,27.99,28.22,300100,25.74
2007-04-23,28.80,28.96,28.45,28.49,543600,25.99
2007-04-20,28.53,28.92,28.21,28.80,776900,26.27
2007-04-19,28.12,28.50,27.78,28.20,338100,25.73
2007-04-18,28.04,28.49,28.00,28.39,376400,25.90
2007-04-17,28.42,28.42,28.01,28.20,363700,25.73
2007-04-16,27.80,28.32,27.80,28.27,373300,25.79
2007-04-13,28.26,28.26,27.51,27.67,1112500,25.24
2007-04-12,28.25,28.30,27.75,28.15,490500,25.68
2007-04-11,28.50,28.51,27.92,28.33,699400,25.84
2007-04-10,27.52,28.73,27.49,28.44,844300,25.94
2007-04-09,27.74,28.00,27.23,27.41,319600,25.00
2007-04-05,27.69,27.88,27.50,27.70,491100,25.27
2007-04-04,27.77,27.93,27.56,27.72,549800,25.29
2007-04-03,28.10,28.34,27.83,27.94,406100,25.49
2007-04-02,28.10,28.27,27.65,27.98,342600,25.52
2007-03-30,27.30,28.17,27.30,27.98,849600,25.52
2007-03-29,27.69,27.84,26.99,27.26,547000,24.87
2007-03-28,27.80,27.98,27.11,27.44,541500,25.03
2007-03-27,28.04,28.04,27.50,27.90,492900,25.45
2007-03-26,28.48,28.48,27.71,28.09,351800,25.62
2007-03-23,28.06,28.43,27.97,28.32,283700,25.83
2007-03-22,28.30,28.53,28.03,28.13,475600,25.66
2007-03-21,28.19,28.56,27.71,28.31,459000,25.83
2007-03-20,27.70,28.19,27.55,28.14,753500,25.67
2007-03-19,27.31,27.68,27.19,27.67,635100,25.24
2007-03-16,26.69,27.06,26.49,27.02,957600,24.65
2007-03-15,26.16,26.93,26.14,26.86,884800,24.50
2007-03-14,26.52,26.97,25.77,26.32,1537200,24.01
2007-03-13,27.92,28.14,26.51,26.61,1046000,24.27
2007-03-12,27.79,28.10,27.50,28.06,292900,25.60
2007-03-09,27.63,27.91,27.30,27.90,634200,25.45
2007-03-08,27.70,28.10,27.41,27.68,606900,25.25
2007-03-07,28.00,28.00,27.43,27.55,644900,25.13
2007-03-06,27.42,28.25,27.42,28.00,604000,25.54
2007-03-05,27.66,28.27,27.32,27.45,651500,25.04
2007-03-02,28.91,28.91,27.85,28.03,689700,25.57
2007-03-01,27.93,29.28,27.31,28.92,688000,26.38
2007-02-28,28.39,28.65,27.70,28.32,726900,25.83
2007-02-27,29.63,29.87,28.32,28.38,538300,25.89
2007-02-26,30.38,30.61,29.81,30.15,761300,27.50
2007-02-23,29.96,30.42,29.68,30.35,510900,27.69
2007-02-22,30.18,30.22,29.56,30.01,284700,27.38
2007-02-21,30.46,30.52,29.75,30.16,308200,27.51
2007-02-20,30.52,30.85,30.09,30.60,348800,27.91
2007-02-16,30.97,31.10,30.25,30.60,345100,27.91
2007-02-15,30.71,31.06,30.38,30.95,290600,28.23
2007-02-14,30.50,30.93,30.39,30.63,481600,27.94
2007-02-13,30.32,30.60,30.24,30.42,370800,27.75
2007-02-12,30.36,30.70,29.93,30.21,404200,27.56
2007-02-09,30.96,31.28,30.26,30.34,391100,27.68
2007-02-08,30.54,31.43,30.54,31.09,626500,28.36
2007-02-07,30.59,30.63,30.26,30.63,510400,27.94
2007-02-06,30.32,30.74,30.09,30.47,669600,27.80
2007-02-05,30.71,30.76,30.16,30.34,514200,27.68
2007-02-02,30.70,30.93,30.47,30.76,362100,28.06
2007-02-01,29.70,30.80,29.51,30.75,592700,28.05
2007-01-31,28.78,29.67,28.78,29.46,412600,26.87
2007-01-30,28.80,29.14,28.62,28.81,260700,26.28
2007-01-29,28.14,29.01,28.09,28.79,339800,26.26
2007-01-26,28.42,28.78,27.95,28.15,648000,25.68
2007-01-25,29.20,29.35,28.33,28.47,527800,25.97
2007-01-24,29.11,29.57,28.95,29.28,723300,26.71
2007-01-23,28.55,29.17,28.52,29.01,424900,26.46
2007-01-22,29.29,29.38,28.48,28.67,339100,26.15
2007-01-19,28.86,29.37,28.75,29.34,328700,26.77
2007-01-18,28.64,29.24,28.64,29.04,365300,26.49
2007-01-17,29.05,29.31,28.75,28.86,399500,26.33
2007-01-16,29.37,29.74,28.94,29.07,372800,26.52
2007-01-12,29.48,29.59,29.08,29.25,414600,26.68
2007-01-11,28.76,29.52,28.76,29.41,493700,26.83
2007-01-10,29.01,29.04,28.60,28.88,476200,26.35
2007-01-09,28.75,29.31,28.70,29.17,479000,26.61
2007-01-08,28.89,29.17,28.64,28.72,733600,26.20
2007-01-05,29.68,29.68,28.78,28.89,619400,26.35
2007-01-04,29.33,29.89,29.16,29.67,496500,27.07
2007-01-03,29.46,30.35,28.43,29.33,859500,26.76
2006-12-29,29.41,29.98,29.29,29.51,459500,26.92
2006-12-28,29.89,29.94,29.32,29.32,468100,26.75
2006-12-27,29.51,29.96,29.49,29.89,347900,27.27
2006-12-26,29.13,29.60,28.95,29.48,287000,26.89
2006-12-22,28.84,29.27,28.70,29.17,287400,26.61
2006-12-21,28.80,29.12,28.70,28.76,474700,26.24
2006-12-20,28.64,29.06,28.55,28.76,424200,26.24
2006-12-19,28.65,29.08,28.48,28.70,681700,26.18
2006-12-18,28.92,29.24,28.78,28.83,366400,26.30
2006-12-15,29.15,29.66,28.87,28.91,710700,26.37
2006-12-14,29.08,29.89,28.97,29.28,397500,26.71
2006-12-13,28.97,29.54,28.90,28.97,435600,26.43
2006-12-12,29.38,29.61,28.60,28.87,555400,26.34
2006-12-11,28.89,29.44,28.88,29.34,328700,26.77
2006-12-08,28.90,29.19,28.72,28.90,488500,26.36
2006-12-07,28.98,29.23,28.65,28.90,408100,26.36
2006-12-06,28.72,29.04,28.61,28.88,522700,26.35
2006-12-05,28.48,28.92,28.25,28.75,779700,26.23
2006-12-04,27.28,28.37,27.22,28.31,644500,25.83
2006-12-01,27.31,27.53,26.58,27.11,734800,24.73
2006-11-30,27.51,27.77,27.15,27.36,555600,24.96
2006-11-29,27.17,27.69,27.14,27.55,500400,25.13
2006-11-28,26.92,27.35,26.76,27.03,596800,24.66
2006-11-27,27.64,27.67,26.87,27.05,1734400,24.68
2006-11-24,27.86,27.91,27.50,27.70,149600,25.27
2006-11-22,28.23,28.23,27.70,27.89,624400,25.44
2006-11-21,29.03,29.03,27.89,28.09,1539200,25.62
2006-11-20,28.99,29.31,28.70,29.00,462600,26.46
2006-11-17,29.10,29.18,28.50,29.08,588500,26.53
2006-11-16,29.94,30.18,28.97,29.07,659300,26.52
2006-11-15,29.33,30.14,29.18,30.06,772600,27.42
2006-11-14,28.73,29.50,28.47,29.44,509700,26.86
2006-11-13,28.83,29.37,28.27,28.78,690500,26.25
2006-11-10,28.26,28.86,28.23,28.85,524400,26.32
2006-11-09,28.00,28.46,28.00,28.28,574200,25.80
2006-11-08,27.52,28.15,27.25,27.96,943600,25.51
2006-11-07,27.79,28.34,27.53,27.57,540800,25.15
2006-11-06,27.27,27.92,27.24,27.69,986700,25.26
2006-11-03,27.56,27.68,26.93,27.16,675900,24.78
2006-11-02,27.56,27.81,27.16,27.38,622500,24.98
2006-11-01,28.93,29.07,27.67,27.71,862100,25.28
2006-10-31,29.00,29.70,28.60,28.76,1873000,26.24
2006-10-30,29.86,31.00,29.51,30.22,758000,27.57
2006-10-27,30.25,30.89,29.84,29.98,779900,27.35
2006-10-26,29.89,30.45,29.43,30.41,656400,27.74
2006-10-25,29.42,29.85,29.01,29.79,442100,27.18
2006-10-24,29.04,29.81,29.02,29.35,610700,26.77
2006-10-23,28.96,29.37,28.02,29.16,535600,26.60
2006-10-20,30.01,30.01,28.96,29.05,457300,26.50
2006-10-19,29.00,30.00,28.99,30.00,957100,27.37
2006-10-18,28.42,29.18,28.13,29.13,530900,26.57
2006-10-17,28.41,28.56,28.09,28.25,411800,25.77
2006-10-16,28.80,28.94,28.63,28.63,503800,26.12
2006-10-13,29.11,29.16,28.61,28.67,533500,26.15
2006-10-12,28.77,29.12,28.69,29.00,376100,26.46
2006-10-11,29.03,29.07,28.14,28.66,714500,26.14
2006-10-10,29.40,29.40,28.83,29.26,387100,26.69
2006-10-09,29.17,29.42,28.50,29.23,476900,26.66
2006-10-06,29.91,29.96,28.88,29.32,496500,26.75
2006-10-05,29.71,30.42,29.71,30.01,783800,27.38
2006-10-04,29.24,29.96,29.02,29.90,399300,27.28
2006-10-03,28.76,29.52,28.35,29.14,435100,26.58
2006-10-02,29.07,29.27,28.50,28.90,446100,26.36
2006-09-29,29.60,29.95,29.17,29.29,472800,26.72
2006-09-28,29.15,29.64,29.03,29.52,681000,26.93
2006-09-27,28.12,29.27,28.11,29.01,626500,26.46
2006-09-26,28.50,29.00,28.11,28.25,311900,25.77
2006-09-25,27.26,28.67,27.25,28.48,709100,25.98
2006-09-22,27.70,27.70,27.01,27.34,494900,24.94
2006-09-21,28.22,28.53,27.60,27.67,455400,25.24
2006-09-20,27.31,28.15,27.31,28.11,525600,25.64
2006-09-19,27.38,27.84,26.63,27.25,475700,24.86
2006-09-18,27.86,28.06,27.09,27.47,425700,25.06
2006-09-15,28.53,28.82,27.47,27.98,927100,25.52
2006-09-14,28.30,28.65,28.22,28.45,638500,25.95
2006-09-13,27.87,28.87,27.80,28.51,563100,26.01
2006-09-12,27.17,28.09,27.15,27.93,532300,25.48
2006-09-11,26.49,27.26,26.47,27.06,460100,24.69
2006-09-08,26.76,26.91,26.60,26.69,223900,24.35
2006-09-07,27.03,27.03,26.59,26.64,413400,24.30
2006-09-06,27.68,27.73,27.08,27.08,544600,24.70
2006-09-05,27.78,27.91,27.39,27.75,401400,25.31
2006-09-01,27.21,27.75,27.21,27.48,261400,25.07
2006-08-31,27.57,27.69,27.03,27.10,342300,24.72
2006-08-30,27.33,27.69,26.99,27.42,333500,25.01
2006-08-29,26.73,27.25,26.67,27.21,333900,24.82
2006-08-28,26.56,27.05,26.32,26.69,279400,24.35
2006-08-25,26.30,26.82,25.91,26.41,376000,24.09
2006-08-24,26.87,27.25,26.03,26.40,533600,24.08
2006-08-23,26.51,27.06,26.18,26.71,551200,24.37
2006-08-22,26.54,26.72,26.25,26.40,431500,24.08
2006-08-21,26.53,26.85,26.23,26.58,271800,24.25
2006-08-18,26.88,27.21,26.36,26.73,283600,24.38
2006-08-17,26.95,26.95,26.47,26.76,768500,24.41
2006-08-16,26.69,27.31,26.69,26.95,530400,24.58
2006-08-15,26.75,27.14,26.35,26.45,572800,24.13
2006-08-14,27.03,27.47,26.30,26.34,451000,24.03
2006-08-11,26.94,27.09,26.49,26.95,440000,24.58
2006-08-10,26.36,27.19,26.34,27.09,571700,24.71
2006-08-09,28.22,28.22,26.45,26.47,887400,24.15
2006-08-08,27.25,28.82,27.21,27.89,2496800,25.44
2006-08-07,26.93,27.17,26.50,26.99,486900,24.62
2006-08-04,27.62,28.00,26.51,27.07,513900,24.69
2006-08-03,26.48,27.65,26.44,27.28,634700,24.89
2006-08-02,26.10,27.13,26.10,26.66,714700,24.32
2006-08-01,26.75,26.88,25.78,26.07,530600,23.78
2006-07-31,27.17,27.30,26.69,26.93,727200,24.57
2006-07-28,26.07,27.30,25.90,27.09,967100,24.71
2006-07-27,26.35,26.79,25.71,25.86,865800,23.59
2006-07-26,27.24,27.36,26.01,26.16,1149900,23.86
2006-07-25,24.80,27.36,24.55,27.25,2836000,24.86
2006-07-24,22.45,23.11,22.45,23.01,813600,20.99
2006-07-21,22.87,22.87,22.03,22.45,1554300,20.48
2006-07-20,24.03,24.57,22.90,22.95,1645900,20.94
2006-07-19,23.52,24.32,23.50,24.08,696100,21.97
2006-07-18,23.80,24.25,23.43,23.60,665000,21.53
2006-07-17,23.50,23.97,23.42,23.68,272200,21.60
2006-07-14,23.65,23.75,23.25,23.54,471900,21.47
2006-07-13,23.60,24.10,23.40,23.61,701400,21.54
2006-07-12,24.56,24.56,23.55,23.71,1087400,21.63
2006-07-11,24.64,24.71,24.15,24.66,826400,22.50
2006-07-10,24.57,24.87,24.51,24.74,657000,22.57
2006-07-07,24.50,24.96,24.33,24.58,568500,22.42
2006-07-06,24.10,24.92,24.08,24.63,660000,22.47
2006-07-05,25.05,25.25,23.94,24.03,1191900,21.92
2006-07-03,24.90,25.33,24.83,25.33,444100,23.11
2006-06-30,25.77,26.25,24.86,24.86,6126400,22.68
2006-06-29,24.92,25.85,24.87,25.80,331500,23.54
2006-06-28,25.22,25.22,24.70,24.78,302400,22.61
2006-06-27,25.39,25.57,24.94,25.07,553200,22.87
2006-06-26,25.00,25.31,24.91,25.28,510600,23.06
2006-06-23,24.61,24.99,24.33,24.83,217400,22.65
2006-06-22,25.04,25.13,24.57,24.69,303200,22.52
2006-06-21,24.57,25.64,24.44,25.17,615800,22.96
2006-06-20,24.35,24.62,24.06,24.48,343900,22.33
2006-06-19,24.93,25.09,24.23,24.26,471900,22.13
2006-06-16,25.00,25.10,24.76,25.02,717800,22.82
2006-06-15,23.40,25.28,23.38,24.98,934000,22.79
2006-06-14,23.03,23.59,22.96,23.25,250600,21.21
2006-06-13,23.45,23.85,22.96,23.08,700800,21.05
2006-06-12,23.85,24.10,23.33,23.36,452600,21.31
2006-06-09,23.44,24.13,23.34,23.89,487300,21.79
2006-06-08,24.31,24.34,22.66,23.52,974200,21.46
2006-06-07,24.16,24.68,23.93,24.51,721200,22.36
2006-06-06,24.33,24.56,23.54,24.18,542600,22.06
2006-06-05,24.64,24.90,24.35,24.44,430100,22.30
2006-06-02,24.70,25.00,24.58,24.75,444100,22.58
2006-06-01,23.87,24.75,23.87,24.62,550400,22.46
2006-05-31,24.07,24.20,23.68,23.78,611200,21.69
2006-05-30,24.65,24.65,24.06,24.10,690200,21.99
2006-05-26,24.70,24.86,24.38,24.67,749400,22.51
2006-05-25,24.32,24.66,24.07,24.61,448300,22.45
2006-05-24,24.58,24.58,23.79,24.17,771900,22.05
2006-05-23,25.45,25.80,24.51,24.51,608100,22.36
2006-05-22,25.26,25.80,24.96,25.39,468700,23.16
2006-05-19,25.49,25.71,24.96,25.42,294800,23.19
2006-05-18,25.45,26.09,24.25,25.38,532200,23.15
2006-05-17,26.31,26.33,25.06,25.27,1072300,23.05
2006-05-16,27.10,27.10,26.47,26.51,261900,24.18
2006-05-15,26.90,27.28,26.71,27.18,320000,24.79
2006-05-12,27.81,28.00,26.92,27.00,483000,24.63
2006-05-11,27.60,28.21,27.57,28.00,1231900,25.54
2006-05-10,28.06,28.06,27.60,27.70,333800,25.27
2006-05-09,27.83,28.10,27.82,28.02,445900,25.56
2006-05-08,28.07,28.18,27.83,27.92,473900,25.47
2006-05-05,27.85,28.46,27.85,28.18,601800,25.71
2006-05-04,28.00,28.05,27.47,27.73,610500,25.30
2006-05-03,27.97,28.27,27.92,27.97,458500,25.52
2006-05-02,28.00,28.30,27.93,28.01,825100,25.55
2006-05-01,27.56,28.38,27.56,28.08,1077700,25.62
2006-04-28,27.83,28.00,27.57,27.62,586000,25.20
2006-04-27,27.14,27.97,27.00,27.82,792600,25.38
2006-04-26,26.92,27.36,26.68,27.10,915400,24.72
2006-04-25,25.50,26.89,24.45,26.70,1642100,24.36
2006-04-24,25.89,25.90,24.68,25.46,900400,23.23
2006-04-21,26.40,26.55,25.79,25.89,564200,23.62
2006-04-20,26.40,26.45,26.15,26.40,274700,24.08
2006-04-19,26.24,26.51,26.10,26.45,485700,24.13
2006-04-18,26.51,26.56,26.39,26.40,527300,24.08
2006-04-17,26.80,26.80,26.11,26.41,458200,24.09
2006-04-13,26.50,26.93,26.50,26.80,215500,24.45
2006-04-12,26.46,26.70,26.25,26.50,354500,24.17
2006-04-11,26.50,26.72,26.34,26.54,712200,24.21
2006-04-10,25.95,26.82,25.95,26.50,808500,24.17
2006-04-07,26.44,27.08,25.97,26.01,438600,23.73
2006-04-06,26.29,26.49,26.03,26.32,254200,24.01
2006-04-05,26.20,26.38,25.98,26.30,617300,23.99
2006-04-04,25.57,26.35,25.55,26.10,501600,23.81
2006-04-03,25.58,25.81,25.50,25.61,292400,23.36
2006-03-31,25.51,25.81,25.31,25.56,420600,23.32
2006-03-30,25.07,25.65,25.06,25.55,408100,23.31
2006-03-29,24.91,25.16,24.71,25.12,365100,22.92
2006-03-28,24.90,25.13,24.66,24.96,346200,22.77
2006-03-27,24.90,24.95,24.60,24.91,363600,22.72
2006-03-24,25.07,25.36,24.81,24.99,445300,22.80
2006-03-23,24.15,25.07,24.15,24.97,748800,22.78
2006-03-22,23.97,24.30,23.91,24.24,519400,22.11
2006-03-21,24.10,24.42,23.85,24.10,462000,21.99
2006-03-20,23.88,24.23,23.88,24.00,421700,21.89
2006-03-17,23.21,24.29,23.21,23.99,1734200,21.88
2006-03-16,24.26,24.58,22.71,23.32,2806600,21.27
2006-03-15,26.10,26.15,24.19,24.29,2223800,22.16
2006-03-14,25.66,26.15,25.57,26.01,706500,23.73
2006-03-13,24.65,25.90,24.58,25.76,1304500,23.50
2006-03-10,23.88,24.54,23.72,24.51,763900,22.36
2006-03-09,23.85,23.93,23.67,23.80,329000,21.71
2006-03-08,23.77,23.94,23.54,23.87,885600,21.78
2006-03-07,23.60,23.69,23.50,23.61,509100,21.54
2006-03-06,23.72,23.81,23.54,23.63,460000,21.56
2006-03-03,23.70,24.00,23.50,23.74,545400,21.66
2006-03-02,23.30,23.79,23.18,23.70,566900,21.62
2006-03-01,23.50,23.52,22.95,23.43,326200,21.37
2006-02-28,23.70,23.70,23.21,23.34,488400,21.29
2006-02-27,23.35,23.81,23.31,23.76,415400,21.67
2006-02-24,23.35,23.35,22.84,23.24,374800,21.20
2006-02-23,23.32,23.41,23.10,23.24,423500,21.20
2006-02-22,23.16,23.31,22.94,23.27,272900,21.23
2006-02-21,23.10,23.15,22.90,23.02,419400,21.00
2006-02-17,23.36,23.36,23.04,23.13,479700,21.10
2006-02-16,23.27,23.40,23.15,23.34,745300,21.29
2006-02-15,23.29,23.29,22.90,23.15,578700,21.12
2006-02-14,22.67,23.16,22.56,23.12,450400,21.09
2006-02-13,22.88,22.94,22.53,22.60,283200,20.62
2006-02-10,23.07,23.27,22.55,23.01,503200,20.99
2006-02-09,23.60,24.00,22.95,22.99,1116700,20.97
2006-02-08,23.64,23.80,23.47,23.50,1000500,21.44
2006-02-07,21.40,24.30,21.32,23.80,2686300,21.71
2006-02-06,20.54,20.80,20.24,20.57,795200,18.76
2006-02-03,20.61,20.61,20.40,20.50,353800,18.70
2006-02-02,20.55,20.66,20.37,20.54,545300,18.74
2006-02-01,20.60,20.63,20.37,20.42,636800,18.63
2006-01-31,20.37,20.60,20.23,20.50,390400,18.70
2006-01-30,20.40,20.45,20.27,20.31,381700,18.53
2006-01-27,20.76,20.90,20.24,20.32,619900,18.54
2006-01-26,20.33,20.75,20.23,20.63,442400,18.82
2006-01-25,20.57,20.63,20.16,20.31,631700,18.53
2006-01-24,20.52,20.75,20.43,20.68,538800,18.87
2006-01-23,20.41,20.58,20.21,20.43,540100,18.64
2006-01-20,20.30,20.51,20.13,20.31,806900,18.53
2006-01-19,20.09,20.20,19.92,20.17,476000,18.40
2006-01-18,20.00,20.06,19.70,20.00,452100,18.24
2006-01-17,20.28,20.28,19.93,20.05,443100,18.29
2006-01-13,20.11,20.29,19.94,20.27,452500,18.49
2006-01-12,20.02,20.09,19.95,19.96,604500,18.21
2006-01-11,19.64,20.01,19.43,19.97,641900,18.22
2006-01-10,19.20,19.54,19.04,19.47,450300,17.76
2006-01-09,19.10,19.20,19.00,19.17,366000,17.49
2006-01-06,19.09,19.14,18.82,18.95,455700,17.29
2006-01-05,18.84,18.96,18.70,18.90,480600,17.24
2006-01-04,18.80,18.85,18.20,18.68,500000,17.04
2006-01-03,19.00,19.15,18.42,18.86,415500,17.20
2005-12-30,18.59,18.88,18.52,18.86,389400,17.20
2005-12-29,18.57,18.78,18.55,18.63,236300,17.00
2005-12-28,18.51,18.70,18.45,18.63,343100,17.00
2005-12-27,19.04,19.30,18.55,18.61,410000,16.98
2005-12-23,18.82,19.39,18.82,19.00,202700,17.33
2005-12-22,18.75,18.99,18.53,18.82,252700,17.17
2005-12-21,18.89,19.00,18.67,18.80,589800,17.15
2005-12-20,18.75,19.06,18.62,18.76,517900,17.11
2005-12-19,18.90,18.93,18.64,18.66,358600,17.02
2005-12-16,19.16,19.40,18.92,18.95,540400,17.29
2005-12-15,19.34,19.40,18.89,19.18,557400,17.50
2005-12-14,19.39,19.48,19.21,19.25,411800,17.56
2005-12-13,19.30,19.48,19.17,19.32,301700,17.62
2005-12-12,19.40,19.49,19.13,19.25,572600,17.56
2005-12-09,19.34,19.49,19.20,19.38,512700,17.68
2005-12-08,19.45,19.59,19.17,19.31,428800,17.62
2005-12-07,19.90,20.00,19.43,19.45,813200,17.74
2005-12-06,20.05,20.36,19.90,20.00,424000,18.24
2005-12-05,19.91,20.09,19.89,20.06,427800,18.30
2005-12-02,19.85,20.15,19.85,19.99,572300,18.24
2005-12-01,19.59,19.93,19.59,19.91,1082600,18.16
2005-11-30,19.48,19.75,19.38,19.55,817500,17.83
2005-11-29,19.64,19.71,19.22,19.42,410000,17.72
2005-11-28,19.53,19.72,19.47,19.50,732000,17.79
2005-11-25,19.40,19.57,19.20,19.49,313900,17.78
2005-11-23,19.23,19.49,19.13,19.34,288500,17.64
2005-11-22,18.95,19.30,18.92,19.26,482000,17.57
2005-11-21,19.14,19.40,18.94,19.03,638500,17.36
2005-11-18,19.35,19.35,19.04,19.14,581200,17.46
2005-11-17,19.20,19.36,18.95,19.24,789400,17.55
2005-11-16,19.15,19.20,18.87,19.19,457900,17.51
2005-11-15,19.14,19.25,18.70,19.15,508400,17.47
2005-11-14,19.00,19.23,18.94,19.21,712300,17.52
2005-11-11,18.73,19.03,18.59,19.02,601900,17.35
2005-11-10,19.05,19.25,18.59,18.79,703600,17.14
2005-11-09,18.96,19.07,18.70,19.04,455000,17.37
2005-11-08,19.25,19.50,18.80,18.94,694200,17.28
2005-11-07,18.91,19.26,18.70,19.24,722300,17.55
2005-11-04,18.97,19.01,18.78,18.82,458800,17.17
2005-11-03,18.46,19.04,18.44,18.98,758900,17.31
2005-11-02,18.09,18.50,17.96,18.41,497200,16.79
2005-11-01,18.09,18.22,17.75,18.11,451700,16.52
2005-10-31,17.81,18.29,17.75,18.02,596700,16.44
2005-10-28,17.51,17.77,17.39,17.70,624700,16.15
2005-10-27,17.50,17.73,17.26,17.46,722800,15.93
2005-10-26,18.34,18.82,17.51,17.60,1577800,16.06
2005-10-25,17.19,18.37,17.15,18.28,3423200,16.68
2005-10-24,16.15,18.06,16.15,16.32,840300,14.89
2005-10-21,15.88,16.30,15.86,16.15,1045700,14.73
2005-10-20,16.18,16.30,15.63,15.85,997500,14.46
2005-10-19,15.91,16.55,15.75,16.18,2145500,14.76
2005-10-18,16.30,16.34,14.90,16.01,3928200,14.60
2005-10-17,17.58,17.58,16.31,16.34,2345600,14.91
2005-10-14,17.63,17.69,17.46,17.51,609300,15.97
2005-10-13,17.74,17.95,17.44,17.62,853300,16.07
2005-10-12,17.96,18.15,17.57,17.71,818900,16.16
2005-10-11,18.30,18.33,17.94,17.97,1077000,16.39
2005-10-10,18.40,18.50,18.29,18.37,413200,16.76
2005-10-07,18.41,18.83,18.29,18.42,480600,16.80
2005-10-06,18.96,19.19,18.24,18.42,972600,16.80
2005-10-05,19.10,19.10,18.75,18.87,703900,17.21
2005-10-04,19.09,19.29,18.99,19.04,539500,17.37
2005-10-03,19.20,19.35,19.01,19.15,668200,17.47
2005-09-30,19.29,19.35,19.06,19.31,598700,17.62
2005-09-29,19.10,19.38,19.00,19.31,617200,17.62
2005-09-28,19.72,19.90,19.10,19.10,908700,17.42
2005-09-27,20.11,20.18,19.53,19.79,582200,18.05
2005-09-26,20.23,20.31,19.84,20.03,519700,18.27
2005-09-23,20.01,20.29,19.90,20.14,1336400,18.37
2005-09-22,19.97,20.10,19.84,20.00,967800,18.24
2005-09-21,19.98,20.10,19.86,19.97,1150300,18.22
2005-09-20,20.25,20.46,19.97,20.10,633400,18.34
2005-09-19,20.10,20.28,20.00,20.24,1057700,18.46
2005-09-16,20.42,20.44,19.97,20.19,1184700,18.42
2005-09-15,19.60,20.31,19.60,20.21,1178500,18.44
2005-09-14,19.54,19.83,19.42,19.49,656100,17.78
2005-09-13,19.57,19.91,19.36,19.65,490900,17.93
2005-09-12,19.24,19.88,19.16,19.81,1004500,18.07
2005-09-09,18.95,19.25,18.85,19.24,655800,17.55
2005-09-08,18.85,18.99,18.68,18.85,1053000,17.20
2005-09-07,19.56,19.56,17.91,18.90,2793000,17.24
2005-09-06,19.72,20.15,19.43,19.58,930300,17.86
2005-09-02,20.00,20.04,19.53,19.73,773300,18.00
2005-09-01,20.10,20.15,19.90,20.02,673600,18.26
2005-08-31,20.02,20.20,19.92,20.20,1123000,18.43
2005-08-30,19.96,20.19,19.89,20.03,691000,18.27
2005-08-29,20.00,20.08,19.78,20.04,726200,18.28
2005-08-26,20.09,20.17,19.81,20.04,394800,18.28
2005-08-25,20.08,20.21,20.04,20.16,565600,18.39
2005-08-24,20.08,20.18,20.03,20.09,374300,18.33
2005-08-23,20.10,20.36,20.05,20.12,980900,18.35
2005-08-22,20.14,20.17,20.04,20.12,546000,18.35
2005-08-19,20.14,20.19,20.02,20.07,413600,18.31
2005-08-18,20.09,20.23,20.00,20.11,407300,18.35
2005-08-17,20.18,20.28,20.02,20.10,557100,18.34
2005-08-16,20.31,20.40,20.16,20.27,584000,18.49
2005-08-15,20.48,20.49,20.38,20.41,605700,18.62
2005-08-12,20.57,20.59,20.41,20.53,901800,18.73
2005-08-11,20.72,20.75,20.50,20.61,744700,18.80
2005-08-10,20.61,20.85,20.56,20.67,870500,18.86
2005-08-09,20.66,20.79,20.63,20.66,988300,18.85
2005-08-08,20.65,20.80,20.56,20.66,745200,18.85
2005-08-05,20.60,20.69,20.51,20.68,674000,18.87
2005-08-04,20.67,20.74,20.53,20.60,951500,18.79
2005-08-03,20.91,21.08,20.67,20.72,831600,18.90
2005-08-02,20.75,20.98,20.58,20.69,1254500,18.87
2005-08-01,20.69,21.05,20.40,20.82,719900,18.99
2005-07-29,21.01,21.18,20.97,21.09,1195500,19.24
2005-07-28,21.27,21.27,20.87,20.97,754700,19.13
2005-07-27,21.49,21.88,21.14,21.17,1002400,19.31
2005-07-26,21.49,22.05,20.94,21.99,2038700,20.06
2005-07-25,23.91,23.94,23.25,23.33,421100,21.28
2005-07-22,23.89,24.21,23.89,24.00,367600,21.89
2005-07-21,24.02,24.16,23.21,23.91,440000,21.81
2005-07-20,24.00,24.27,23.89,24.08,442000,21.97
2005-07-19,23.76,24.33,23.76,24.02,226900,21.91
2005-07-18,24.16,24.25,23.70,23.84,318400,21.75
2005-07-15,23.88,24.36,23.75,24.25,278600,22.12
2005-07-14,23.89,24.21,23.76,23.98,248600,21.88
2005-07-13,24.06,24.15,23.88,24.03,391100,21.92
2005-07-12,23.28,24.06,23.28,24.00,1146000,21.89
2005-07-11,22.87,23.55,22.87,23.40,582600,21.35
2005-07-08,23.03,23.29,22.60,23.15,427900,21.12
2005-07-07,22.98,23.23,22.51,23.02,357600,21.00
2005-07-06,23.52,23.52,23.24,23.26,551700,21.22
2005-07-05,23.20,23.53,22.99,23.37,538000,21.32
2005-07-01,23.24,23.55,23.00,23.18,401800,21.15
2005-06-30,22.93,23.43,22.36,23.29,912300,21.25
2005-06-29,23.04,23.22,22.95,22.99,292600,20.97
2005-06-28,22.88,23.20,22.83,23.01,488000,20.99
2005-06-27,23.45,23.49,22.87,22.90,684000,20.89
2005-06-24,23.61,23.79,23.19,23.36,1103400,21.31
2005-06-23,23.33,23.87,23.33,23.50,630400,21.44
2005-06-22,23.70,23.89,22.98,23.31,621100,21.26
2005-06-21,23.54,23.81,23.35,23.71,437400,21.63
2005-06-20,24.00,24.10,23.55,23.64,573800,21.57
2005-06-17,23.95,24.20,23.73,24.08,921100,21.97
2005-06-16,23.95,24.10,23.70,23.90,982300,21.80
2005-06-15,23.93,24.02,23.80,23.95,712800,21.85
2005-06-14,23.85,23.94,23.77,23.85,608600,21.76
2005-06-13,23.78,24.06,23.71,23.90,377300,21.80
2005-06-10,23.87,23.98,23.63,23.86,386500,21.77
2005-06-09,23.37,23.81,23.31,23.75,284800,21.67
2005-06-08,23.70,23.78,23.39,23.41,292200,21.36
2005-06-07,23.54,23.85,23.44,23.55,446200,21.48
2005-06-06,23.48,23.81,23.47,23.63,380400,21.56
2005-06-03,23.42,23.70,23.39,23.54,190700,21.47
2005-06-02,23.59,23.63,23.44,23.52,381200,21.46
2005-06-01,23.62,23.80,23.25,23.48,405300,21.42
2005-05-31,23.72,23.92,23.62,23.66,381000,21.58
2005-05-27,23.80,23.97,23.62,23.74,207800,21.66
2005-05-26,23.69,23.91,23.30,23.77,405600,21.68
2005-05-25,23.53,24.06,23.35,23.77,712100,21.68
2005-05-24,23.97,24.00,23.40,23.56,568300,21.49
2005-05-23,23.91,24.50,23.83,24.25,896000,22.12
2005-05-20,23.63,24.09,23.49,24.07,405600,21.96
2005-05-19,23.52,23.69,23.43,23.64,286900,21.57
2005-05-18,23.30,23.94,23.11,23.62,551000,21.55
2005-05-17,22.96,23.44,22.95,23.36,455100,21.31
2005-05-16,23.25,23.44,22.95,23.01,592300,20.99
2005-05-13,23.66,23.83,23.15,23.27,447900,21.23
2005-05-12,23.83,24.12,23.68,23.76,302500,21.67
2005-05-11,23.75,24.12,23.70,23.91,267400,21.81
2005-05-10,23.80,24.22,23.74,23.75,339200,21.67
2005-05-09,23.75,24.08,23.72,24.04,296300,21.93
2005-05-06,23.90,24.17,23.75,23.80,321500,21.71
2005-05-05,23.96,24.27,23.74,23.84,550300,21.75
2005-05-04,23.69,24.10,23.69,24.02,594100,21.91
2005-05-03,23.96,24.14,23.61,23.67,494100,21.59
2005-05-02,23.88,24.43,23.88,24.10,425200,21.99
2005-04-29,24.11,24.51,23.87,24.04,588100,21.93
2005-04-28,25.33,25.39,24.06,24.12,667000,22.00
2005-04-27,25.61,25.65,25.31,25.47,420100,23.23
2005-04-26,25.22,26.00,25.20,25.64,735900,23.39
2005-04-25,25.71,26.16,25.67,26.10,455200,23.81
2005-04-22,25.80,26.14,25.44,25.78,672200,23.52
2005-04-21,25.66,26.18,25.66,26.00,283700,23.72
2005-04-20,26.13,26.36,25.53,25.64,382000,23.39
2005-04-19,26.09,26.32,26.04,26.22,218100,23.92
2005-04-18,26.36,26.73,26.13,26.13,351600,23.84
2005-04-15,26.97,26.97,26.15,26.41,465400,24.09
2005-04-14,27.30,27.30,26.73,26.76,385400,24.41
2005-04-13,27.15,27.32,27.14,27.25,400100,24.86
2005-04-12,27.00,27.40,26.88,27.24,480100,24.85
2005-04-11,27.29,27.39,27.02,27.07,231600,24.69
2005-04-08,27.58,27.70,27.28,27.31,261400,24.91
2005-04-07,27.44,27.74,27.26,27.63,400800,25.21
2005-04-06,27.44,27.60,27.14,27.47,679800,25.06
2005-04-05,27.10,27.75,27.08,27.56,400500,25.14
2005-04-04,26.82,27.20,26.78,27.12,287200,24.74
2005-04-01,27.18,27.55,26.86,26.91,415900,24.55
2005-03-31,27.65,27.78,27.27,27.31,272500,24.91
2005-03-30,27.60,27.89,27.47,27.71,435600,25.28
2005-03-29,27.36,27.81,27.23,27.63,529400,25.21
2005-03-28,27.10,27.55,27.10,27.36,584800,24.96
2005-03-24,27.46,27.60,27.02,27.25,539800,24.86
2005-03-23,27.33,27.68,27.23,27.50,548900,25.09
2005-03-22,27.16,27.51,27.13,27.28,285600,24.89
2005-03-21,27.29,27.54,26.98,27.29,424900,24.90
2005-03-18,27.08,27.21,26.74,27.17,432400,24.79
2005-03-17,27.40,27.55,27.17,27.22,294500,24.83
2005-03-16,27.25,27.59,27.11,27.50,563000,25.09
2005-03-15,26.97,27.55,26.97,27.46,693700,25.05
2005-03-14,26.65,27.11,26.46,27.07,410200,24.69
2005-03-11,26.59,27.06,26.43,26.53,281700,24.20
2005-03-10,26.34,26.76,26.15,26.73,348400,24.38
2005-03-09,26.41,26.61,26.21,26.24,317200,23.94
2005-03-08,26.19,26.71,26.19,26.50,221500,24.17
2005-03-07,26.36,26.44,26.25,26.32,419600,24.01
2005-03-04,26.69,26.73,26.24,26.28,536900,23.97
2005-03-03,26.13,26.64,25.60,26.63,523000,24.29
2005-03-02,26.19,26.29,26.04,26.13,314900,23.84
2005-03-01,26.01,26.40,25.98,26.33,444100,24.02
2005-02-28,25.72,26.13,25.70,25.95,383200,23.67
2005-02-25,25.64,25.90,25.43,25.87,279400,23.60
2005-02-24,25.80,25.88,25.19,25.59,334700,23.34
2005-02-23,25.74,25.95,25.59,25.64,740500,23.39
2005-02-22,25.80,25.94,25.55,25.63,553900,23.38
2005-02-18,25.75,26.07,25.75,25.88,597000,23.61
2005-02-17,26.06,26.14,25.76,25.83,490600,23.56
2005-02-16,25.79,26.10,25.76,25.98,368400,23.70
2005-02-15,25.86,26.00,25.70,25.90,473300,23.63
2005-02-14,25.80,25.96,25.66,25.71,557200,23.45
2005-02-11,25.16,26.02,25.16,25.86,806600,23.59
2005-02-10,25.22,25.40,25.00,25.26,725200,23.04
2005-02-09,25.10,25.24,24.99,25.00,919200,22.81
2005-02-08,25.55,25.75,24.68,25.10,1226600,22.90
2005-02-07,24.29,25.69,24.22,25.63,1475200,23.38
2005-02-04,24.15,24.45,24.15,24.25,606500,22.12
2005-02-03,24.73,24.81,24.08,24.35,565600,22.21
2005-02-02,24.63,24.85,24.37,24.54,751300,22.39
2005-02-01,24.55,24.55,24.25,24.55,616300,22.40
2005-01-31,24.45,24.64,24.33,24.49,1035000,22.34
2005-01-28,24.97,25.35,24.38,24.46,664400,22.31
2005-01-27,24.92,25.27,24.78,25.07,468800,22.87
2005-01-26,25.13,25.42,24.93,24.97,579000,22.78
2005-01-25,25.43,25.56,25.01,25.25,348800,23.03
2005-01-24,26.20,26.20,25.40,25.45,274200,23.22
2005-01-21,26.00,26.16,25.79,25.86,235300,23.59
2005-01-20,26.03,26.40,25.96,26.05,299700,23.76
2005-01-19,25.95,26.42,25.95,26.27,252900,23.96
2005-01-18,26.11,26.45,26.00,26.33,368300,24.02
2005-01-14,26.19,26.56,25.98,26.39,719300,24.07
2005-01-13,26.13,26.35,25.87,26.00,322100,23.72
2005-01-12,26.70,26.74,26.25,26.45,308700,24.13
2005-01-11,26.93,27.07,26.74,26.75,426400,24.40
2005-01-10,26.51,27.12,26.14,27.05,460000,24.68
2005-01-07,27.19,27.19,26.50,26.53,405100,24.20
2005-01-06,27.11,27.37,26.92,27.05,716000,24.68
2005-01-05,26.76,27.29,26.73,27.00,735500,24.63
2005-01-04,26.77,27.23,26.64,26.81,912900,24.46
2005-01-03,26.02,27.07,26.00,26.60,732800,24.27
2004-12-31,26.36,26.88,26.16,26.50,361500,24.17
2004-12-30,26.60,26.89,26.39,26.48,257000,24.16
2004-12-29,26.24,26.63,26.12,26.51,320800,24.18
2004-12-28,25.85,26.23,25.66,26.21,256900,23.91
2004-12-27,25.73,26.02,25.60,25.70,220800,23.44
2004-12-23,25.84,26.10,25.84,25.98,277500,23.70
2004-12-22,25.75,26.19,25.51,26.01,385800,23.73
2004-12-21,25.05,25.67,25.05,25.55,472000,23.31
2004-12-20,25.98,26.00,25.09,25.17,435300,22.96
2004-12-17,25.14,25.70,25.12,25.70,1023400,23.44
2004-12-16,25.62,25.81,25.39,25.52,331800,23.28
2004-12-15,25.55,26.03,25.46,25.87,539400,23.60
2004-12-14,24.99,25.83,24.94,25.67,692500,23.42
2004-12-13,24.89,25.20,24.89,25.01,573700,22.82
2004-12-10,25.14,25.17,24.75,25.07,472100,22.87
2004-12-09,24.90,25.30,24.90,25.02,623000,22.82
2004-12-08,25.10,25.25,24.89,25.15,883100,22.94
2004-12-07,24.99,25.25,24.86,24.87,685800,22.69
2004-12-06,24.92,25.05,24.78,25.00,426200,22.81
2004-12-03,25.75,25.75,24.98,25.00,580500,22.81
2004-12-02,25.67,25.89,25.39,25.57,574100,23.33
2004-12-01,25.50,26.09,25.43,25.80,489300,23.54
2004-11-30,25.62,25.94,25.45,25.49,582700,23.25
2004-11-29,25.80,26.15,25.29,25.70,375700,23.44
2004-11-26,26.10,26.40,25.93,25.93,186500,23.65
2004-11-24,26.02,26.32,25.75,26.22,724000,23.92
2004-11-23,25.46,26.10,25.25,26.01,704300,23.73
2004-11-22,25.25,25.60,25.10,25.41,749900,23.18
2004-11-19,25.29,25.57,25.25,25.31,528500,23.09
2004-11-18,25.75,25.75,25.20,25.53,509600,23.29
2004-11-17,25.07,25.95,25.05,25.60,884700,23.35
2004-11-16,25.41,25.55,25.24,25.33,3575700,23.11
2004-11-15,25.96,26.33,25.79,26.21,882800,23.91
2004-11-12,25.54,26.17,25.08,26.13,599200,23.84
2004-11-11,25.18,25.75,25.18,25.50,389800,23.26
2004-11-10,25.03,25.40,24.95,25.28,382200,23.06
2004-11-09,24.95,25.22,24.90,25.06,456000,22.86
2004-11-08,24.62,25.14,24.61,25.02,579000,22.82
2004-11-05,24.70,24.76,24.31,24.72,758800,22.55
2004-11-04,24.30,24.42,23.96,24.42,923300,22.28
2004-11-03,24.30,24.40,23.83,24.29,705700,22.16
2004-11-02,24.00,24.49,23.96,24.08,886000,21.97
2004-11-01,23.87,24.06,23.75,23.97,906100,21.87
2004-10-29,23.85,24.04,23.85,23.99,781400,21.88
2004-10-28,24.02,24.05,23.69,23.89,692700,21.79
2004-10-27,24.19,24.50,23.49,24.00,1319800,21.89
2004-10-26,22.69,25.00,22.00,24.23,1667100,22.10
2004-10-25,23.91,23.96,23.38,23.56,624800,21.49
2004-10-22,23.85,24.75,23.45,23.46,877900,21.40
2004-10-21,24.35,24.46,23.84,23.85,795900,21.76
2004-10-20,24.45,24.57,24.20,24.35,633000,22.21
2004-10-19,24.74,24.90,24.45,24.45,381300,22.30
2004-10-18,24.78,24.85,24.50,24.54,728600,22.39
2004-10-15,24.88,24.90,24.67,24.67,582900,22.51
2004-10-14,25.02,25.03,24.74,24.74,338000,22.57
2004-10-13,25.05,25.06,24.69,24.73,591900,22.56
2004-10-12,24.78,25.07,24.50,24.93,933100,22.74
2004-10-11,25.04,25.11,24.79,24.85,794400,22.67
2004-10-08,25.26,25.35,24.93,25.02,804300,22.82
2004-10-07,25.96,25.96,25.00,25.35,1348500,23.13
2004-10-06,25.96,26.11,25.86,26.00,730300,23.72
2004-10-05,26.17,26.20,25.90,26.00,513100,23.72
2004-10-04,26.38,26.40,25.94,25.96,296900,23.68
2004-10-01,25.71,26.32,25.55,26.32,817800,24.01
2004-09-30,25.54,26.09,25.40,25.86,455300,23.59
2004-09-29,25.31,25.52,25.28,25.45,694600,23.22
2004-09-28,25.43,25.61,25.20,25.48,707800,23.24
2004-09-27,25.31,25.73,25.24,25.33,503100,23.11
2004-09-24,25.33,25.63,25.21,25.41,497600,23.18
2004-09-23,25.23,25.39,25.18,25.20,819200,22.99
2004-09-22,25.20,25.35,25.18,25.25,766600,23.03
2004-09-21,25.11,25.25,25.09,25.20,893600,22.99
2004-09-20,25.12,25.34,25.01,25.09,1206900,22.89
2004-09-17,25.26,25.37,25.12,25.17,1027500,22.96
2004-09-16,25.41,25.94,25.35,25.35,1468700,23.13
2004-09-15,25.88,26.10,25.45,25.45,1097400,23.22
2004-09-14,26.09,26.23,25.89,26.04,1358700,23.75
2004-09-13,25.55,26.20,25.55,26.14,1300500,23.85
2004-09-10,26.10,26.23,24.70,25.55,2297600,23.31
2004-09-09,27.05,27.05,25.67,26.20,5960300,23.90
2004-09-08,30.36,30.86,30.36,30.63,883900,27.94
2004-09-07,30.60,30.71,30.31,30.46,277400,27.79
2004-09-03,31.21,31.60,30.44,30.49,325700,27.81
2004-09-02,30.28,31.51,30.07,31.28,408500,28.53
2004-09-01,29.97,30.38,29.89,30.38,322100,27.71
2004-08-31,29.70,30.33,29.70,30.10,430700,27.46
2004-08-30,29.93,29.99,29.49,29.78,515100,27.17
2004-08-27,30.00,30.07,29.75,29.93,156600,27.30
2004-08-26,29.72,30.13,29.72,30.05,433500,27.41
2004-08-25,29.65,29.92,29.65,29.77,273300,27.16
2004-08-24,29.85,29.95,29.70,29.80,274500,27.18
2004-08-23,29.51,30.00,29.46,29.80,386400,27.18
2004-08-20,28.97,29.91,28.97,29.68,247700,27.08
2004-08-19,29.12,29.12,28.79,28.98,441400,26.44
2004-08-18,28.96,29.34,28.80,29.16,394200,26.60
2004-08-17,28.79,29.18,28.78,29.05,407100,26.50
2004-08-16,28.26,29.09,28.02,28.86,295100,26.33
2004-08-13,28.00,28.31,28.00,28.14,176200,25.67
2004-08-12,28.25,28.35,28.02,28.10,257200,25.63
2004-08-11,28.06,28.37,27.92,28.25,455400,25.77
2004-08-10,27.90,28.40,27.75,28.24,574500,25.76
2004-08-09,28.36,28.52,27.69,27.80,688900,25.36
2004-08-06,28.68,28.78,28.38,28.44,479700,25.94
2004-08-05,29.06,29.22,28.72,28.74,376300,26.22
2004-08-04,29.38,29.53,28.75,29.27,514500,26.70
2004-08-03,29.58,29.75,29.34,29.37,418100,26.79
2004-08-02,28.40,29.72,28.36,29.71,1047800,27.10
2004-07-30,29.21,29.90,29.21,29.34,286400,26.77
2004-07-29,28.82,29.54,28.72,29.37,313500,26.79
2004-07-28,29.42,29.42,28.55,28.86,615100,26.33
2004-07-27,26.91,29.50,26.76,29.22,1688800,26.66
2004-07-26,27.95,28.07,27.70,27.74,910900,25.31
2004-07-23,27.85,28.20,27.80,28.00,274000,25.54
2004-07-22,28.00,28.26,27.80,28.00,434100,25.54
2004-07-21,28.18,28.48,28.00,28.03,569900,25.57
2004-07-20,28.43,28.45,28.10,28.20,414100,25.73
2004-07-19,28.28,28.41,28.19,28.32,275800,25.83
2004-07-16,28.56,28.75,28.25,28.37,479400,25.88
2004-07-15,28.09,28.35,27.87,28.11,373600,25.64
2004-07-14,28.11,28.49,27.78,27.82,441000,25.38
2004-07-13,27.85,28.31,27.60,28.31,488500,25.83
2004-07-12,27.90,27.93,27.25,27.90,640400,25.45
2004-07-09,28.34,28.45,27.77,27.88,540700,25.43
2004-07-08,28.66,28.67,28.15,28.29,599000,25.81
2004-07-07,28.93,29.80,28.60,28.65,603100,26.14
2004-07-06,29.45,29.45,28.95,28.99,305700,26.45
2004-07-02,29.55,29.69,29.15,29.56,316800,26.97
2004-07-01,29.85,29.99,29.45,29.62,376000,27.02
2004-06-30,30.15,30.27,29.47,29.93,586200,27.30
2004-06-29,29.99,30.15,29.70,30.03,389700,27.39
2004-06-28,29.86,30.33,29.56,30.00,394300,27.37
2004-06-25,29.54,30.18,29.47,29.58,455500,26.98
2004-06-24,28.97,30.24,28.95,29.64,462200,27.04
2004-06-23,29.22,29.36,28.87,29.12,301700,26.56
2004-06-22,27.98,29.30,27.86,29.18,355300,26.62
2004-06-21,29.19,29.60,28.88,28.88,643100,26.35
2004-06-18,29.45,29.93,29.10,29.17,559100,26.61
2004-06-17,29.61,29.91,29.14,29.72,436800,27.11
2004-06-16,29.19,29.71,29.10,29.58,352800,26.98
2004-06-15,29.05,29.65,28.95,29.50,434800,26.91
2004-06-14,29.00,29.29,28.73,28.89,493500,26.35
2004-06-10,29.35,29.75,28.90,28.99,208000,26.45
2004-06-09,29.48,29.93,29.11,29.20,371100,26.64
2004-06-08,29.10,29.82,28.73,29.61,428900,27.01
2004-06-07,28.54,29.71,28.54,29.13,627300,26.57
2004-06-04,29.33,29.44,28.55,28.55,635600,26.04
2004-06-03,29.68,30.23,29.16,29.16,590800,26.60
2004-06-02,30.24,30.34,29.47,29.51,446300,26.92
2004-06-01,29.70,30.32,29.49,30.20,515800,27.55
2004-05-28,30.23,30.23,29.54,29.56,513400,26.97
2004-05-27,29.94,30.23,29.48,30.22,436900,27.57
2004-05-26,30.29,30.46,29.78,30.02,297800,27.39
2004-05-25,28.93,30.33,28.89,30.17,564900,27.52
2004-05-24,28.16,29.26,28.16,29.07,695500,26.52
2004-05-21,27.80,28.19,27.63,28.09,853700,25.62
2004-05-20,28.35,28.62,27.82,27.88,594600,25.43
2004-05-19,28.87,29.05,28.31,28.36,512600,25.87
2004-05-18,28.27,28.63,28.27,28.54,847500,26.04
2004-05-17,29.01,29.01,28.21,28.25,627400,25.77
2004-05-14,29.12,29.66,28.98,29.08,331600,26.53
2004-05-13,29.48,29.96,29.03,29.40,407200,26.82
2004-05-12,29.00,29.42,28.79,29.41,465400,26.83
2004-05-11,28.80,29.47,28.67,29.27,367100,26.70
2004-05-10,29.28,29.33,28.62,28.71,390000,26.19
2004-05-07,29.55,30.39,29.06,29.08,469000,26.53
2004-05-06,30.47,30.51,29.44,29.61,437800,27.01
2004-05-05,30.40,30.86,30.23,30.57,450600,27.89
2004-05-04,29.84,30.52,29.74,30.30,492700,27.64
2004-05-03,29.20,30.08,28.70,29.99,732200,27.36
2004-04-30,29.65,29.79,28.91,29.18,659300,26.62
2004-04-29,30.51,30.86,29.46,29.66,1011900,27.06
2004-04-28,30.66,30.93,30.26,30.45,638600,27.78
2004-04-27,29.95,30.90,29.02,30.70,1078700,28.01
2004-04-26,31.87,32.05,31.26,31.32,329400,28.57
2004-04-23,32.28,32.75,31.78,31.90,243300,29.10
2004-04-22,32.55,32.72,32.24,32.51,207200,29.66
2004-04-21,32.05,32.56,31.85,32.26,224500,29.43
2004-04-20,31.75,32.62,31.66,31.99,355400,29.18
2004-04-19,31.72,31.96,31.25,31.96,190300,29.16
2004-04-16,31.81,32.05,31.55,31.87,197700,29.07
2004-04-15,32.60,32.72,31.55,31.83,218400,29.04
2004-04-14,32.24,32.63,31.95,32.52,266500,29.67
2004-04-13,32.74,32.96,31.99,32.14,217700,29.32
2004-04-12,32.34,32.81,32.02,32.59,350800,29.73
2004-04-08,32.72,33.04,31.92,32.25,508800,29.42
2004-04-07,32.77,33.30,32.59,32.86,400500,29.98
2004-04-06,32.70,33.00,32.58,32.78,375000,29.90
2004-04-05,33.27,33.39,32.54,32.87,455900,29.99
2004-04-02,33.68,33.79,33.17,33.34,551500,30.41
2004-04-01,32.85,33.93,32.70,33.50,508900,30.56
2004-03-31,32.63,33.00,32.52,32.96,376500,30.07
2004-03-30,32.52,32.79,32.28,32.78,208400,29.90
2004-03-29,32.17,32.86,31.97,32.61,292300,29.75
2004-03-26,32.14,32.28,31.74,32.07,270100,29.26
2004-03-25,31.46,32.40,30.68,32.24,509200,29.41
2004-03-24,31.80,32.06,31.18,31.18,439800,28.44
2004-03-23,31.95,32.16,31.68,31.79,313500,29.00
2004-03-22,32.22,32.39,31.52,31.84,325100,29.05
2004-03-19,31.66,32.72,31.52,32.37,340900,29.53
2004-03-18,31.72,32.32,31.64,31.82,299600,29.03
2004-03-17,31.65,32.13,31.65,31.94,341200,29.14
2004-03-16,32.00,32.32,31.55,31.85,252300,29.05
2004-03-15,32.20,32.36,31.75,31.81,465000,29.02
2004-03-12,31.40,32.21,31.29,32.19,376200,29.37
2004-03-11,31.64,32.21,31.20,31.37,480200,28.62
2004-03-10,32.30,32.40,31.65,31.83,367000,29.04
2004-03-09,32.64,32.68,32.05,32.25,199200,29.42
2004-03-08,32.29,32.84,32.26,32.48,329300,29.63
2004-03-05,32.08,32.88,31.97,32.82,279500,29.94
2004-03-04,32.14,32.50,31.80,32.50,188300,29.65
2004-03-03,32.53,32.68,31.59,32.15,301300,29.33
2004-03-02,32.45,32.88,32.10,32.82,509500,29.94
2004-03-01,32.34,32.70,32.03,32.61,448400,29.75
2004-02-27,32.32,32.58,32.04,32.54,1391300,29.68
2004-02-26,32.12,33.34,31.94,33.00,402200,30.10
2004-02-25,32.04,32.55,31.84,32.24,417900,29.41
2004-02-24,32.10,32.21,31.40,32.04,448600,29.23
2004-02-23,31.23,32.09,31.23,31.85,729800,29.05
2004-02-20,30.95,31.36,30.73,31.24,278700,28.50
2004-02-19,31.42,31.50,30.92,30.99,615200,28.27
2004-02-18,31.43,31.50,31.25,31.36,396400,28.61
2004-02-17,31.49,31.68,31.15,31.44,498600,28.68
2004-02-13,31.43,31.96,31.19,31.39,439600,28.64
2004-02-12,31.25,31.97,30.90,31.45,537200,28.69
2004-02-11,30.47,32.03,30.21,31.63,701200,28.85
2004-02-10,28.80,30.87,28.58,30.26,1010000,27.60
2004-02-09,29.90,30.97,29.90,30.61,445800,27.92
2004-02-06,30.04,30.57,29.75,30.08,559500,27.44
2004-02-05,30.09,30.25,29.29,30.17,457600,27.52
2004-02-04,30.24,30.54,29.93,29.93,445400,27.30
2004-02-03,30.50,30.80,30.17,30.30,414000,27.64
2004-02-02,31.10,31.38,30.40,30.40,611900,27.73
2004-01-30,31.13,31.38,30.85,31.16,233500,28.43
2004-01-29,31.17,31.61,30.88,31.02,526500,28.30
2004-01-28,31.32,31.72,30.98,31.18,426000,28.44
2004-01-27,31.81,31.96,31.30,31.49,291000,28.73
2004-01-26,32.30,32.33,31.84,31.84,316100,29.05
2004-01-23,32.20,32.50,31.88,32.15,300500,29.33
2004-01-22,32.36,33.08,32.26,32.42,428000,29.57
2004-01-21,32.37,32.88,32.09,32.56,510200,29.70
2004-01-20,31.90,32.43,31.90,32.28,640000,29.45
2004-01-16,31.89,32.13,31.44,31.98,394200,29.17
2004-01-15,31.21,31.60,31.14,31.48,485600,28.72
2004-01-14,30.95,31.49,30.59,31.20,902000,28.46
2004-01-13,29.86,30.91,29.58,30.76,754100,28.06
2004-01-12,30.06,30.10,29.01,29.91,828700,27.29
2004-01-09,28.31,29.85,27.03,29.44,1879600,26.86
2004-01-08,29.65,29.65,27.73,27.93,1633900,25.48
2004-01-07,29.78,29.81,29.11,29.40,593700,26.82
2004-01-06,29.52,29.55,29.12,29.31,648200,26.74
2004-01-05,29.54,30.00,29.16,29.59,574800,26.99
2004-01-02,29.53,30.17,28.96,29.38,417500,26.80
2003-12-31,29.90,30.41,29.62,30.00,329800,27.37
2003-12-30,29.65,30.27,29.58,29.90,371400,27.28
2003-12-29,29.27,29.99,29.07,29.88,538600,27.26
2003-12-26,29.53,30.00,29.42,29.46,124200,26.87
2003-12-24,29.57,29.93,29.16,29.52,380400,26.93
2003-12-23,29.79,30.24,28.91,29.40,788500,26.82
2003-12-22,30.07,30.25,29.60,29.89,495600,27.27
2003-12-19,30.94,30.96,30.14,30.40,604700,27.73
2003-12-18,30.40,30.70,29.99,30.42,773800,27.75
2003-12-17,31.31,31.36,30.44,30.71,514400,28.01
2003-12-16,30.88,31.47,30.84,31.21,307800,28.47
2003-12-15,32.42,32.42,31.00,31.00,284600,28.28
2003-12-12,32.06,32.10,31.00,31.22,376600,28.48
2003-12-11,31.52,31.95,31.11,31.84,395600,29.05
2003-12-10,31.02,31.46,31.02,31.12,527600,28.39
2003-12-09,31.68,31.90,31.00,31.10,346100,28.37
2003-12-08,31.71,32.36,31.58,31.88,321200,29.08
2003-12-05,31.93,32.23,31.58,31.84,342000,29.05
2003-12-04,31.93,32.22,31.36,32.10,591300,29.28
2003-12-03,32.15,32.70,31.91,32.00,446600,29.19
2003-12-02,32.98,33.14,32.29,32.37,394000,29.53
2003-12-01,32.89,33.24,32.55,32.93,326200,30.04
2003-11-28,32.40,32.90,32.40,32.49,106500,29.64
2003-11-26,33.02,33.12,32.26,32.62,275600,29.76
2003-11-25,32.09,33.14,32.08,32.69,438700,29.82
2003-11-24,31.49,32.47,31.43,32.27,644700,29.44
2003-11-21,32.10,32.15,31.35,31.66,392900,28.88
2003-11-20,31.79,32.10,31.42,31.43,411100,28.67
2003-11-19,31.79,32.24,31.60,31.90,351300,29.10
2003-11-18,32.40,32.52,31.75,31.79,422800,29.00
2003-11-17,31.85,32.25,31.75,32.20,361500,29.37
2003-11-14,32.39,32.85,32.05,32.05,262900,29.24
2003-11-13,32.33,32.60,32.31,32.50,559400,29.65
2003-11-12,32.40,32.40,31.59,32.39,766200,29.55
2003-11-11,32.95,33.02,32.15,32.30,650200,29.47
2003-11-10,33.40,33.54,32.95,33.00,626500,30.10
2003-11-07,33.22,33.82,33.00,33.33,423100,30.41
2003-11-06,32.09,33.58,31.92,32.89,805900,30.00
2003-11-05,31.78,32.17,31.21,31.94,416600,29.14
2003-11-04,31.60,31.98,31.55,31.77,981400,28.98
2003-11-03,30.91,31.88,30.91,31.65,479800,28.87
2003-10-31,31.10,31.98,30.98,31.26,265900,28.52
2003-10-30,32.00,32.51,31.10,31.12,873800,28.39
2003-10-29,31.40,31.81,30.75,31.77,789900,28.98
2003-10-28,30.73,31.90,29.58,31.30,2904900,28.55
2003-10-27,34.26,35.12,34.20,34.37,441400,31.35
2003-10-24,34.40,34.65,33.85,34.48,229300,31.45
2003-10-23,34.05,34.71,33.85,34.59,336100,31.55
2003-10-22,33.90,34.68,33.53,34.01,601900,31.03
2003-10-21,33.70,34.11,33.35,34.04,452200,31.05
2003-10-20,33.84,34.36,33.40,33.93,313100,30.95
2003-10-17,34.13,34.17,33.53,33.66,331700,30.71
2003-10-16,32.60,34.45,32.45,34.00,674200,31.02
2003-10-15,33.56,33.56,32.61,33.00,469300,30.10
2003-10-14,32.39,33.04,32.39,32.91,260400,30.02
2003-10-13,33.15,33.34,32.65,32.97,254700,30.08
2003-10-10,33.10,33.30,32.70,33.21,366300,30.30
2003-10-09,33.05,33.50,32.71,32.96,420100,30.07
2003-10-08,32.90,34.90,32.60,32.89,720800,30.00
2003-10-07,33.10,33.34,32.90,33.05,401300,30.15
2003-10-06,32.94,33.26,32.61,33.25,518800,30.33
2003-10-03,32.31,33.25,32.05,32.85,440200,29.97
2003-10-02,32.20,33.00,32.15,32.42,473000,29.57
2003-10-01,32.20,32.90,31.60,32.76,723900,29.89
2003-09-30,32.19,32.61,32.10,32.22,585300,29.39
2003-09-29,32.40,32.54,32.07,32.25,1021100,29.42
2003-09-26,32.46,32.59,31.99,32.13,788000,29.31
2003-09-25,32.10,32.60,31.85,32.32,8838200,29.48
2003-09-24,32.80,32.80,31.52,31.99,2629100,29.18
2003-09-23,30.92,31.00,30.70,30.96,491000,28.24
2003-09-22,31.35,31.35,30.79,30.79,391200,28.09
2003-09-19,31.05,31.50,30.75,31.35,493400,28.60
2003-09-18,32.30,32.40,30.76,31.11,654600,28.38
2003-09-17,31.93,32.60,31.90,32.34,283900,29.50
2003-09-16,31.44,32.42,31.30,32.29,458400,29.46
2003-09-15,31.15,31.49,31.07,31.30,235700,28.55
2003-09-12,31.20,31.42,31.00,31.10,324700,28.37
2003-09-11,31.02,31.75,30.87,31.28,312300,28.53
2003-09-10,32.42,32.47,30.93,31.18,545200,28.44
2003-09-09,32.02,32.43,31.40,32.20,491600,29.37
2003-09-08,31.91,32.23,31.66,31.94,360000,29.14
2003-09-05,31.65,32.14,31.45,31.83,407300,29.04
2003-09-04,31.36,31.68,30.83,31.61,648700,28.84
2003-09-03,30.77,31.85,30.58,31.37,776700,28.62
2003-09-02,32.20,32.20,31.44,31.80,599100,29.01
2003-08-29,79.38,80.63,79.30,79.95,805500,29.17
2003-08-28,78.64,79.84,78.00,79.29,775000,28.93
2003-08-27,77.52,78.50,76.87,78.44,413700,28.62
2003-08-26,76.83,77.84,76.45,77.68,388200,28.35
2003-08-25,77.57,77.87,76.01,76.72,543200,27.99
2003-08-22,78.33,80.29,77.21,77.48,627500,28.27
2003-08-21,75.89,78.12,75.53,77.84,943000,28.40
2003-08-20,76.83,77.08,75.54,75.80,1038500,27.66
2003-08-19,74.44,77.13,74.18,77.07,1201200,28.12
2003-08-18,72.91,74.40,72.50,74.32,914200,27.12
2003-08-15,71.46,73.30,70.75,72.91,241000,26.60
2003-08-14,70.50,71.51,70.40,71.50,365500,26.09
2003-08-13,71.00,71.46,70.48,70.65,425700,25.78
2003-08-12,69.80,71.07,69.70,70.80,421700,25.83
2003-08-11,70.80,70.95,69.46,70.01,470700,25.55
2003-08-08,69.31,70.93,69.06,70.80,1136200,25.83
2003-08-07,68.49,69.52,67.65,69.30,879700,25.29
2003-08-06,67.87,68.90,67.10,68.13,806700,24.86
2003-08-05,69.85,70.20,66.87,67.59,1985500,24.66
2003-08-04,70.05,70.78,69.85,69.97,1309500,25.53
2003-08-01,73.09,73.09,69.38,70.11,1696000,25.58
2003-07-31,73.78,74.54,72.64,72.92,1168000,26.61
2003-07-30,72.06,73.76,71.97,73.30,855200,26.75
2003-07-29,77.25,77.30,70.44,72.00,4187200,26.27
2003-07-28,81.00,81.49,77.97,78.39,1308500,28.60
2003-07-25,82.46,82.75,80.19,80.88,862200,29.51
2003-07-24,82.55,82.61,81.92,82.58,751700,30.13
2003-07-23,81.38,82.39,81.00,82.33,734500,30.04
2003-07-22,80.89,81.50,80.63,81.20,916700,29.63
2003-07-21,81.00,81.25,80.52,80.75,748700,29.47
2003-07-18,79.90,81.15,79.70,80.92,676000,29.53
2003-07-17,79.53,79.93,79.25,79.70,830200,29.08
2003-07-16,79.98,80.55,79.58,79.85,949200,29.14
2003-07-15,79.42,80.00,79.18,79.85,644500,29.14
2003-07-14,77.45,80.10,77.40,79.36,813200,28.96
2003-07-11,75.90,77.90,75.75,77.61,1004000,28.32
2003-07-10,77.15,77.39,75.81,75.81,1001200,27.66
2003-07-09,77.40,78.49,76.80,77.29,1397000,28.20
2003-07-08,74.72,77.94,74.56,77.50,1014000,28.28
2003-07-07,75.00,75.50,74.71,75.18,980200,27.43
2003-07-03,73.86,75.46,73.65,75.02,763700,27.37
2003-07-02,74.29,74.98,73.99,74.92,773500,27.34
2003-07-01,75.25,75.34,73.69,74.42,1580200,27.16
2003-06-30,74.78,76.84,74.57,75.81,2578700,27.66
2003-06-27,74.36,75.44,74.04,74.78,377500,27.29
2003-06-26,74.98,75.04,74.05,74.36,549500,27.13
2003-06-25,75.36,75.39,73.55,74.93,1558000,27.34
2003-06-24,75.04,75.72,74.64,75.35,1488200,27.49
2003-06-23,74.50,75.28,73.36,74.93,1089500,27.34
2003-06-20,72.86,75.22,72.84,74.17,1092000,27.06
2003-06-19,72.65,73.48,72.52,72.90,861500,26.60
2003-06-18,72.22,72.90,71.59,72.75,1293000,26.55
2003-06-17,72.45,73.00,71.77,72.05,557700,26.29
2003-06-16,72.65,73.13,71.88,72.47,829700,26.44
2003-06-13,72.63,72.75,71.27,72.72,663700,26.54
2003-06-12,71.55,72.69,71.00,72.55,880700,26.47
2003-06-11,70.95,71.78,70.85,71.50,970500,26.09
2003-06-10,70.78,71.09,70.62,70.97,418500,25.90
2003-06-09,71.06,71.32,70.65,70.81,766700,25.84
2003-06-06,71.50,72.25,70.09,71.31,1461200,26.02
2003-06-05,70.37,72.27,70.02,71.41,963000,26.06
2003-06-04,68.75,70.60,68.75,70.37,817700,25.68
2003-06-03,68.48,69.20,68.08,68.71,1496500,25.07
2003-06-02,66.44,69.51,66.27,68.49,1275000,24.99
2003-05-30,65.40,66.44,65.40,66.29,681000,24.19
2003-05-29,65.44,65.98,65.30,65.47,405500,23.89
2003-05-28,65.61,65.80,65.28,65.57,454000,23.93
2003-05-27,64.77,65.64,64.74,65.47,793700,23.89
2003-05-23,64.08,64.94,63.94,64.71,411500,23.61
2003-05-22,63.90,64.35,63.55,64.06,790700,23.38
2003-05-21,63.60,64.15,63.25,63.95,644700,23.34
2003-05-20,64.05,64.15,62.36,63.68,1137000,23.24
2003-05-19,65.75,65.75,63.72,64.13,1086700,23.40
2003-05-16,65.67,66.00,65.40,65.85,749500,24.03
2003-05-15,65.33,65.88,65.11,65.80,679000,24.01
2003-05-14,65.25,65.63,64.87,65.22,743500,23.80
2003-05-13,65.01,65.45,64.68,65.20,775200,23.79
2003-05-12,64.71,65.25,64.25,65.10,747000,23.75
2003-05-09,64.80,64.98,64.52,64.83,484000,23.66
2003-05-08,65.12,65.44,64.80,64.84,651700,23.66
2003-05-07,65.88,65.98,65.07,65.56,872700,23.92
2003-05-06,65.71,66.57,65.55,66.00,958200,24.08
2003-05-05,65.39,65.98,64.81,65.85,629000,24.03
2003-05-02,64.31,65.77,64.08,65.35,877700,23.85
2003-05-01,64.10,65.17,63.86,64.51,1221200,23.54
2003-04-30,63.43,64.40,63.05,64.23,1188000,23.44
2003-04-29,63.47,64.65,62.35,63.51,2059200,23.17
2003-04-28,61.42,64.11,61.30,63.06,3717700,23.01
2003-04-25,58.97,60.97,57.89,60.50,1964700,22.08
2003-04-24,59.02,60.45,58.82,59.22,800000,21.61
2003-04-23,58.45,60.33,58.05,59.65,2042200,21.77
2003-04-22,55.15,58.15,54.86,57.62,1931500,21.03
2003-04-21,55.62,55.70,54.64,55.25,590500,20.16
2003-04-17,55.35,55.60,54.70,55.48,462200,20.24
2003-04-16,55.51,56.03,55.09,55.37,619000,20.20
2003-04-15,54.82,55.86,54.75,55.50,915200,20.25
2003-04-14,54.55,55.33,54.45,54.99,1015000,20.07
2003-04-11,54.50,55.25,54.30,54.75,894700,19.98
2003-04-10,54.00,54.65,53.38,54.50,598000,19.89
2003-04-09,54.74,54.95,53.54,54.03,895000,19.72
2003-04-08,55.89,56.13,54.50,54.95,668000,20.05
2003-04-07,56.46,56.94,55.70,55.74,470700,20.34
2003-04-04,56.40,56.48,55.20,55.55,523500,20.27
2003-04-03,56.75,56.95,55.75,56.33,851000,20.55
2003-04-02,55.40,57.18,55.31,56.47,1281500,20.61
2003-04-01,54.93,55.31,53.91,54.90,819500,20.03
2003-03-31,54.39,54.99,53.27,54.93,701000,20.04
2003-03-28,54.49,54.92,54.28,54.50,614200,19.89
2003-03-27,54.07,55.77,53.32,54.72,1595000,19.97
2003-03-26,54.18,54.60,53.42,54.27,1006700,19.80
2003-03-25,55.31,55.76,54.28,54.50,1054500,19.89
2003-03-24,55.89,55.89,54.15,55.15,1382200,20.12
2003-03-21,54.64,56.75,54.00,56.60,1191000,20.65
2003-03-20,54.05,54.49,53.29,54.45,871500,19.87
2003-03-19,53.85,54.25,53.25,54.06,633000,19.73
2003-03-18,54.05,54.16,52.93,53.99,860500,19.70
2003-03-17,52.05,54.60,51.70,53.99,1771500,19.70
2003-03-14,52.99,53.35,52.01,52.20,630500,19.05
2003-03-13,50.49,53.18,50.45,52.70,1582000,19.23
2003-03-12,49.55,50.40,49.55,50.23,745200,18.33
2003-03-11,49.90,50.25,49.15,49.70,1149000,18.14
2003-03-10,49.60,50.20,49.36,49.40,1326200,18.03
2003-03-07,48.85,50.30,48.40,49.80,1901500,18.17
2003-03-06,48.30,49.49,48.30,49.25,1664000,17.97
2003-03-05,47.15,48.57,46.75,48.54,1841700,17.71
2003-03-04,48.98,48.98,47.10,47.15,1811700,17.20
2003-03-03,49.88,49.90,48.61,48.97,1352500,17.87
2003-02-28,49.91,50.29,49.50,49.95,824500,18.23
2003-02-27,49.10,50.16,49.10,49.94,698500,18.22
2003-02-26,49.65,49.84,49.02,49.30,477000,17.99
2003-02-25,49.40,50.03,48.55,49.73,835000,18.15
2003-02-24,50.15,50.22,49.01,49.55,993500,18.08
2003-02-21,48.76,50.76,48.30,50.40,1620200,18.39
2003-02-20,49.40,49.83,48.05,48.88,1977200,17.84
2003-02-19,49.94,51.28,49.20,49.38,1903200,18.02
2003-02-18,48.64,50.13,48.49,49.93,1215700,18.22
2003-02-14,47.20,48.46,46.70,48.44,914200,17.68
2003-02-13,46.80,47.84,46.62,47.20,1320700,17.22
2003-02-12,46.70,47.45,45.34,46.89,2475700,17.11
2003-02-11,50.78,52.20,45.10,45.89,7313700,16.75
2003-02-10,49.25,50.25,48.58,50.05,1274700,18.26
2003-02-07,51.40,51.67,45.50,48.82,11169000,17.81
2003-02-06,51.90,52.34,51.33,51.34,444700,18.73
2003-02-05,52.41,53.54,51.92,52.05,486500,18.99
2003-02-04,52.18,53.00,51.79,52.57,497200,19.18
2003-02-03,52.87,52.95,51.89,52.36,448700,19.11
2003-01-31,51.41,52.87,51.21,52.75,645700,19.25
2003-01-30,52.00,52.04,51.31,51.93,445000,18.95
2003-01-29,51.05,52.20,50.62,51.97,459700,18.96
2003-01-28,51.23,52.11,51.15,51.39,609000,18.75
2003-01-27,51.10,52.10,51.00,51.39,518000,18.75
2003-01-24,52.10,52.24,50.90,51.59,598200,18.83
2003-01-23,51.75,52.35,51.27,51.86,1039000,18.92
2003-01-22,52.68,52.69,51.02,51.40,1201000,18.76
2003-01-21,53.91,55.00,52.95,53.09,1177200,19.37
2003-01-17,53.59,54.01,53.16,54.01,666200,19.71
2003-01-16,53.00,54.20,52.76,54.19,656500,19.77
2003-01-15,53.54,53.80,52.52,52.76,1201000,19.25
2003-01-14,53.90,54.75,53.47,53.85,726000,19.65
2003-01-13,55.20,55.21,53.45,54.00,590200,19.70
2003-01-10,53.40,57.30,53.30,54.75,1739700,19.98
2003-01-09,53.30,54.12,52.63,54.00,907200,19.70
2003-01-08,53.50,54.56,53.05,53.66,687700,19.58
2003-01-07,53.92,55.00,53.51,53.91,1228200,19.67
2003-01-06,51.62,54.44,51.42,53.94,1737700,19.68
2003-01-03,52.04,52.39,51.00,51.89,664000,18.93
2003-01-02,49.90,52.64,49.87,52.10,763200,19.01
2002-12-31,50.67,50.73,49.73,49.95,583200,18.23
2002-12-30,51.50,51.90,49.75,50.72,973000,18.51
2002-12-27,51.62,52.34,51.23,51.76,1805700,18.89
2002-12-26,50.01,52.93,50.01,51.71,1329500,18.87
2002-12-24,50.17,50.80,50.07,50.49,523000,18.42
2002-12-23,48.80,50.74,48.65,50.47,1414700,18.42
2002-12-20,47.89,49.39,47.80,49.05,1099000,17.90
2002-12-19,48.08,49.33,47.18,47.87,1367200,17.47
2002-12-18,47.10,48.47,46.50,48.20,1253000,17.59
2002-12-17,46.50,47.83,46.35,47.26,1081500,17.25
2002-12-16,45.97,46.89,44.55,46.82,1197700,17.08
2002-12-13,46.81,46.94,45.46,45.98,591200,16.78
2002-12-12,47.10,47.35,46.13,46.86,644200,17.10
2002-12-11,46.51,47.27,46.00,46.98,483500,17.14
2002-12-10,46.67,47.10,46.28,46.92,739000,17.12
2002-12-09,46.95,47.25,46.00,46.59,894500,17.00
2002-12-06,47.54,48.19,46.75,47.09,829000,17.18
2002-12-05,47.15,48.63,47.10,47.59,657200,17.37
2002-12-04,47.21,48.03,46.83,47.09,1201500,17.18
2002-12-03,48.45,48.99,47.07,47.64,830500,17.38
2002-12-02,49.98,50.85,48.57,48.73,704200,17.78
2002-11-29,49.76,50.74,49.44,49.68,329000,18.13
2002-11-27,48.23,49.99,47.92,49.74,992000,18.15
2002-11-26,49.40,50.00,47.58,48.08,1248000,17.54
2002-11-25,50.00,50.88,49.10,49.56,1917000,18.08
2002-11-22,47.85,50.43,47.84,50.19,1408000,18.31
2002-11-21,47.15,49.82,46.75,48.67,1370700,17.76
2002-11-20,44.51,47.46,43.94,46.96,1569700,17.14
2002-11-19,45.89,46.00,44.52,44.88,1753000,16.38
2002-11-18,46.18,46.28,45.55,45.90,989700,16.75
2002-11-15,44.41,46.20,44.20,45.90,1731000,16.75
2002-11-14,43.45,45.25,43.29,44.80,968700,16.35
2002-11-13,42.13,44.14,41.83,43.26,1561500,15.79
2002-11-12,42.24,43.11,41.31,42.25,985000,15.42
2002-11-11,42.75,44.72,41.25,41.90,1248000,15.29
2002-11-08,42.10,42.74,41.55,42.26,1159200,15.42
2002-11-07,41.60,43.00,41.07,42.25,1961700,15.42
2002-11-06,39.06,42.50,39.05,42.20,2943700,15.40
2002-11-05,40.50,40.70,37.65,39.01,5768500,14.23
2002-11-04,43.40,43.90,40.41,40.82,2707700,14.90
2002-11-01,44.35,44.35,41.92,43.07,1854000,15.72
2002-10-31,45.46,46.00,43.85,44.35,2159000,16.18
2002-10-30,44.89,45.64,44.50,45.43,762700,16.58
2002-10-29,45.42,46.02,44.00,44.96,3565500,16.41
2002-10-28,44.25,45.34,43.76,44.59,2247000,16.27
2002-10-25,43.01,44.61,43.00,43.90,1731200,16.02
2002-10-24,44.22,44.27,42.46,43.46,1483500,15.86
2002-10-23,45.45,46.20,44.00,44.16,1081700,16.11
2002-10-22,45.80,46.20,45.35,45.86,609500,16.73
2002-10-21,45.10,46.67,44.98,46.45,541700,16.95
2002-10-18,46.15,46.67,45.01,45.35,898700,16.55
2002-10-17,45.39,46.58,45.34,46.27,1265000,16.88
2002-10-16,45.25,46.46,44.33,44.64,1408700,16.29
2002-10-15,43.81,46.93,43.81,46.45,1462500,16.95
2002-10-14,44.00,44.41,43.35,43.50,841200,15.87
2002-10-11,42.43,44.95,42.19,44.21,1987000,16.13
2002-10-10,39.85,42.40,39.59,42.32,1747700,15.44
2002-10-09,41.33,41.64,39.60,39.94,2116200,14.57
2002-10-08,41.45,42.58,39.95,41.42,3774000,15.11
2002-10-07,44.62,45.75,40.30,40.54,4929700,14.79
2002-10-04,49.15,49.34,44.74,45.07,3945700,16.45
2002-10-03,50.10,51.22,49.04,49.19,1713000,17.95
2002-10-02,51.28,52.04,50.00,50.05,1146700,18.26
2002-10-01,52.18,52.48,50.75,51.90,1241200,18.94
2002-09-30,51.60,52.47,50.30,51.95,1653700,18.96
2002-09-27,53.37,54.76,51.75,51.97,2338200,18.96
2002-09-26,50.62,52.72,50.62,52.01,1200700,18.98
2002-09-25,51.02,51.88,49.41,50.18,1608000,18.31
2002-09-24,50.47,51.74,50.17,50.70,986700,18.50
2002-09-23,51.89,53.13,51.05,51.62,1616200,18.84
2002-09-20,50.81,52.44,50.65,51.96,1432000,18.96
2002-09-19,53.43,53.60,50.26,50.91,1786500,18.58
2002-09-18,56.00,56.06,53.48,53.59,2047000,19.55
2002-09-17,58.99,58.99,56.00,56.08,1029500,20.46
2002-09-16,57.70,58.50,57.28,58.41,557200,21.31
2002-09-13,56.35,58.21,56.20,57.74,837700,21.07
2002-09-12,57.67,57.88,55.85,56.70,760500,20.69
2002-09-11,58.16,58.55,57.56,57.76,385500,21.08
2002-09-10,59.31,59.31,58.12,58.20,1016500,21.24
2002-09-09,56.42,58.51,55.95,58.33,1266500,21.28
2002-09-06,57.81,58.74,55.74,56.36,1592500,20.57
2002-09-05,56.32,57.91,55.80,56.82,3430500,20.73
2002-09-04,54.51,57.46,54.25,56.72,2087200,20.70
2002-09-03,53.90,54.43,53.45,54.10,868700,19.74
2002-08-30,54.39,55.00,53.84,54.64,736200,19.94
2002-08-29,54.90,55.03,53.12,54.42,1022000,19.86
2002-08-28,55.60,55.61,53.02,55.41,1195200,20.22
2002-08-27,56.30,56.51,55.10,55.60,499000,20.29
2002-08-26,55.93,56.55,55.09,56.20,360500,20.51
2002-08-23,55.66,57.10,55.35,55.78,761700,20.35
2002-08-22,56.75,56.89,55.65,55.77,918700,20.35
2002-08-21,57.27,57.55,56.05,56.94,802500,20.78
2002-08-20,57.29,57.50,56.60,57.21,472000,20.88
2002-08-19,56.99,57.60,55.25,57.59,744000,21.01
2002-08-16,56.06,57.88,55.56,56.69,844200,20.69
2002-08-15,54.45,56.15,54.45,55.55,1211000,20.27
2002-08-14,52.89,54.50,52.46,53.92,1376700,19.68
2002-08-13,53.52,54.49,52.57,52.81,1222000,19.27
2002-08-12,51.69,53.75,51.25,53.27,991500,19.44
2002-08-09,50.05,53.07,49.47,51.75,1397200,18.88
2002-08-08,50.14,50.58,49.80,50.39,1524500,18.39
2002-08-07,51.87,52.75,49.67,50.07,1372500,18.27
2002-08-06,48.37,52.09,48.36,51.34,1459700,18.73
2002-08-05,49.65,50.92,48.12,48.13,1092500,17.56
2002-08-02,53.11,53.11,50.67,50.74,1142000,18.51
2002-08-01,54.52,54.52,52.63,53.37,843700,19.47
2002-07-31,52.60,55.20,52.21,53.51,1159700,19.53
2002-07-30,53.29,54.04,51.40,53.03,1025500,19.35
2002-07-29,49.01,53.75,48.98,53.62,1803700,19.57
2002-07-26,48.25,49.78,48.25,48.53,1266200,17.71
2002-07-25,49.12,49.49,46.52,48.27,2616700,17.61
2002-07-24,46.34,50.13,45.09,49.14,1309500,17.93
2002-07-23,46.61,48.28,46.40,46.66,1355000,17.03
2002-07-22,46.00,49.71,45.85,46.81,1430700,17.08
2002-07-19,48.95,50.38,46.95,47.72,1133000,17.41
2002-07-18,49.15,50.62,48.70,49.39,893000,18.02
2002-07-17,50.90,52.56,49.14,49.73,1238000,18.15
2002-07-16,50.50,51.71,50.25,50.60,1333700,18.46
2002-07-15,50.05,50.91,49.85,50.78,1895700,18.53
2002-07-12,50.05,50.20,48.37,48.72,1023500,17.78
2002-07-11,52.80,52.80,48.21,49.49,1753200,18.06
2002-07-10,54.50,55.30,52.37,52.75,1108700,19.25
2002-07-09,54.52,55.11,52.76,52.80,462000,19.27
2002-07-08,54.95,55.00,54.29,54.63,308000,19.93
2002-07-05,54.39,55.85,54.14,55.00,317700,20.07
2002-07-03,55.08,56.46,51.80,54.10,735000,19.74
2002-07-02,55.99,56.00,53.81,55.33,1255200,20.19
2002-07-01,57.39,58.26,55.35,55.90,994700,20.40
2002-06-28,56.05,58.11,55.26,58.01,1857000,21.17
2002-06-27,54.34,56.00,54.20,55.93,642200,20.41
2002-06-26,54.50,54.69,52.75,53.99,783700,19.70
2002-06-25,55.11,56.05,53.99,54.08,813000,19.73
2002-06-24,55.50,56.56,53.69,55.17,1026200,20.13
2002-06-21,56.50,57.00,55.40,55.73,700200,20.34
2002-06-20,56.09,57.74,55.81,55.94,883000,20.41
2002-06-19,56.89,57.19,55.85,55.91,755700,20.40
2002-06-18,56.40,57.69,55.83,56.51,472700,20.62
2002-06-17,55.46,56.44,55.36,56.24,576700,20.52
2002-06-14,55.69,55.98,52.95,55.60,1154500,20.29
2002-06-13,56.05,57.10,55.61,55.61,740200,20.29
2002-06-12,56.09,56.37,55.70,56.20,960500,20.51
2002-06-11,56.19,57.00,55.95,56.24,570700,20.52
2002-06-10,55.88,56.65,55.20,55.94,584500,20.41
2002-06-07,53.95,56.54,53.00,56.28,1056700,20.54
2002-06-06,54.83,55.43,53.85,54.70,299700,19.96
2002-06-05,55.00,56.30,54.05,55.20,694200,20.14
2002-06-04,53.35,55.25,51.56,55.07,891700,20.09
2002-06-03,56.50,56.71,53.55,54.17,871000,19.77
2002-05-31,56.79,57.62,56.09,56.75,890000,20.71
2002-05-30,54.29,57.50,54.25,56.68,1854700,20.68
2002-05-29,58.10,58.25,53.34,54.21,3430000,19.78
2002-05-28,58.84,59.04,57.75,58.43,945200,21.32
2002-05-24,58.81,59.29,57.80,58.83,1145500,21.47
2002-05-23,61.02,61.10,58.00,58.85,7189000,21.47
2002-05-22,61.65,62.34,61.26,61.53,671700,22.45
2002-05-21,61.24,62.17,61.12,62.05,539700,22.64
2002-05-20,62.40,62.63,61.27,61.78,533500,22.54
2002-05-17,62.78,63.10,61.88,61.95,556500,22.61
2002-05-16,63.40,63.72,62.26,62.81,892000,22.92
2002-05-15,60.79,63.87,60.79,63.51,1200500,23.17
2002-05-14,59.75,61.13,59.70,60.90,815700,22.22
2002-05-13,58.28,59.98,58.28,59.83,407500,21.83
2002-05-10,58.70,59.64,57.16,58.29,664500,21.27
2002-05-09,58.62,59.74,58.05,58.66,861200,21.40
2002-05-08,59.20,60.80,58.02,58.59,1269700,21.38
2002-05-07,60.61,61.27,60.58,60.63,469700,22.12
2002-05-06,61.87,62.30,60.40,60.52,487500,22.08
2002-05-03,61.25,62.30,61.04,61.56,366500,22.46
2002-05-02,60.53,61.50,60.45,61.12,649500,22.30
2002-05-01,60.55,61.50,60.26,60.52,671700,22.08
2002-04-30,61.90,62.46,58.30,60.30,2672500,22.00
2002-04-29,54.49,56.41,54.41,55.25,1116500,20.16
2002-04-26,54.20,55.39,54.20,54.41,916200,19.85
2002-04-25,54.70,55.55,54.02,54.24,599000,19.79
2002-04-24,54.00,55.90,54.00,54.61,1503500,19.93
2002-04-23,52.04,54.95,52.03,53.89,1015700,19.66
2002-04-22,51.69,52.45,51.58,51.87,570200,18.93
2002-04-19,53.97,53.97,51.80,52.27,733200,19.07
2002-04-18,54.90,55.10,52.90,53.96,681200,19.69
2002-04-17,55.32,55.50,54.84,55.01,635200,20.07
2002-04-16,53.90,55.68,53.65,55.64,610700,20.30
2002-04-15,53.50,54.37,53.50,54.06,638500,19.73
2002-04-12,53.20,54.32,53.00,53.75,727700,19.61
2002-04-11,52.53,53.46,52.50,53.15,1039200,19.39
2002-04-10,50.50,52.85,50.00,52.74,1173700,19.24
2002-04-09,48.75,50.98,48.52,50.34,1238500,18.37
2002-04-08,49.30,49.31,48.51,48.76,1158500,17.79
2002-04-05,49.50,50.44,49.40,49.40,428200,18.03
2002-04-04,49.79,50.50,49.14,49.90,574200,18.21
2002-04-03,50.57,50.58,48.59,49.46,624700,18.05
2002-04-02,50.16,51.00,49.81,50.41,651500,18.39
2002-04-01,50.80,51.11,50.02,50.20,956000,18.32
2002-03-28,51.54,51.83,50.51,51.09,565200,18.64
2002-03-27,50.32,52.00,50.24,51.52,867500,18.80
2002-03-26,49.25,50.67,49.00,50.40,380000,18.39
2002-03-25,50.68,51.30,48.80,49.17,660000,17.94
2002-03-22,49.00,51.70,48.95,50.68,613200,18.49
2002-03-21,49.15,49.25,48.90,49.00,668500,17.88
2002-03-20,49.15,49.22,48.80,49.07,429000,17.91
2002-03-19,48.93,49.15,48.42,49.13,583700,17.93
2002-03-18,48.51,49.35,48.10,48.92,711500,17.85
2002-03-15,48.84,49.40,48.51,48.69,635200,17.77
2002-03-14,49.81,49.83,48.78,49.40,611200,18.03
2002-03-13,49.60,49.97,48.84,49.84,432000,18.19
2002-03-12,49.25,49.75,48.25,49.65,715200,18.12
2002-03-11,48.36,50.10,48.35,49.38,1073700,18.02
2002-03-08,46.95,49.00,46.20,48.05,2285200,17.53
2002-03-07,44.98,45.60,44.63,45.00,656200,16.42
2002-03-06,45.38,45.38,43.91,45.10,484000,16.46
2002-03-05,45.76,47.17,45.00,45.10,1051700,16.46
2002-03-04,45.27,46.50,44.68,45.75,758200,16.69
2002-03-01,43.25,45.05,42.75,44.90,807200,16.38
2002-02-28,40.15,44.06,40.15,42.84,1248000,15.63
2002-02-27,39.02,40.15,38.65,40.00,553200,14.60
2002-02-26,37.85,39.21,37.85,38.80,423500,14.16
2002-02-25,37.80,38.04,37.69,37.94,564700,13.84
2002-02-22,39.10,39.10,36.66,37.55,1275500,13.70
2002-02-21,38.95,39.60,38.50,39.05,704200,14.25
2002-02-20,40.74,41.04,38.91,39.50,907700,14.41
2002-02-19,41.21,41.44,40.10,40.74,509200,14.87
2002-02-15,42.40,42.41,41.25,41.45,770200,15.12
2002-02-14,40.70,42.57,40.55,42.30,726000,15.44
2002-02-13,40.31,41.01,40.31,40.85,754000,14.91
2002-02-12,39.69,40.98,39.66,40.27,755000,14.69
2002-02-11,39.99,40.25,38.86,39.49,451200,14.41
2002-02-08,39.00,40.24,39.00,40.21,401700,14.67
2002-02-07,39.20,39.86,38.70,38.92,466700,14.20
2002-02-06,37.06,39.70,37.06,39.22,607200,14.31
2002-02-05,37.38,37.49,36.94,37.35,390000,13.63
2002-02-04,38.60,38.72,36.87,37.33,366200,13.62
2002-02-01,37.16,39.00,37.16,38.60,584200,14.09
2002-01-31,36.88,37.62,36.45,37.62,918500,13.73
2002-01-30,37.69,37.80,36.60,36.70,1304000,13.39
2002-01-29,39.00,39.19,37.65,37.88,698700,13.82
2002-01-28,39.43,39.84,38.46,39.00,1153700,14.23
2002-01-25,39.30,39.65,38.80,38.98,748000,14.22
2002-01-24,39.97,39.97,38.70,39.27,895200,14.33
2002-01-23,39.10,40.00,39.00,39.67,587500,14.48
2002-01-22,38.79,39.75,38.78,39.45,698000,14.40
2002-01-18,37.75,39.00,37.55,39.00,1168000,14.23
2002-01-17,37.16,38.33,37.16,38.05,1050200,13.88
2002-01-16,37.89,38.35,37.25,37.70,1634500,13.76
2002-01-15,35.66,39.38,35.25,37.45,3796200,13.67
2002-01-14,32.80,32.88,30.75,30.99,987500,11.31
2002-01-11,32.99,33.20,32.42,32.80,253500,11.97
2002-01-10,33.40,33.50,32.79,33.48,221000,12.22
2002-01-09,33.55,34.34,33.47,33.52,166500,12.23
2002-01-08,32.31,33.70,32.11,33.45,762500,12.21
2002-01-07,33.60,33.91,32.40,32.60,467700,11.90
2002-01-04,33.43,34.00,33.43,33.71,231000,12.30
2002-01-03,33.95,33.95,32.81,33.48,367000,12.22
2002-01-02,33.70,34.14,33.00,33.80,858500,12.33
2001-12-31,33.80,33.80,32.50,33.57,639500,12.25
2001-12-28,33.79,34.25,33.71,34.06,505500,12.43
2001-12-27,34.24,34.24,33.79,33.82,425500,12.34
2001-12-26,33.86,34.24,33.85,34.06,520500,12.43
2001-12-24,33.74,34.30,33.71,34.17,255500,12.47
2001-12-21,32.15,33.99,32.15,33.55,552000,12.24
2001-12-20,31.59,32.10,31.17,31.80,273500,11.60
2001-12-19,31.70,32.02,31.00,31.30,291700,11.42
2001-12-18,30.65,31.75,30.65,31.65,485200,11.55
2001-12-17,30.51,31.36,30.51,30.70,480200,11.20
2001-12-14,31.70,31.90,30.51,30.80,448700,11.24
2001-12-13,31.50,31.92,31.21,31.22,185200,11.39
2001-12-12,30.50,32.11,30.44,31.91,236500,11.64
2001-12-11,31.55,32.09,30.50,31.03,437500,11.32
2001-12-10,31.62,33.34,31.17,31.75,394200,11.59
2001-12-07,32.19,32.75,31.55,31.84,436700,11.62
2001-12-06,29.88,32.21,29.65,32.19,751700,11.75
2001-12-05,30.65,31.34,29.55,29.56,1026000,10.79
2001-12-04,30.15,30.55,30.00,30.53,834000,11.14
2001-12-03,30.50,30.60,29.99,30.00,879000,10.95
2001-11-30,29.05,30.64,29.05,30.35,1004500,11.07
2001-11-29,29.15,29.55,29.05,29.25,525700,10.67
2001-11-28,29.36,29.81,29.21,29.21,447500,10.66
2001-11-27,30.50,30.50,29.36,29.42,471200,10.74
2001-11-26,30.70,30.97,30.38,30.40,193000,11.09
2001-11-23,30.03,30.66,30.03,30.41,76000,11.10
2001-11-21,29.50,30.51,29.18,30.14,150500,11.00
2001-11-20,29.19,30.15,29.00,29.88,332500,10.90
2001-11-19,29.15,29.75,28.91,29.14,246200,10.63
2001-11-16,29.03,29.93,28.80,29.55,787000,10.78
2001-11-15,28.75,29.24,28.47,28.90,509200,10.55
2001-11-14,27.74,29.00,27.74,28.50,904700,10.40
2001-11-13,27.85,29.75,27.55,27.78,984700,10.14
2001-11-12,25.95,27.25,25.80,27.01,676700,9.86
2001-11-09,25.85,26.13,25.57,25.99,487000,9.48
2001-11-08,26.39,26.41,25.95,26.10,671700,9.52
2001-11-07,23.73,26.91,23.60,26.15,809000,9.54
2001-11-06,26.34,26.35,23.69,23.70,1425700,8.65
2001-11-05,26.00,27.30,25.73,26.39,544000,9.63
2001-11-02,26.10,26.25,25.67,25.74,375200,9.39
2001-11-01,27.16,27.42,25.63,25.90,1482500,9.45
2001-10-31,26.51,28.11,26.45,27.25,1909700,9.94
2001-10-30,24.60,26.30,24.00,25.89,1532700,9.45
2001-10-29,23.99,24.77,23.89,24.61,553500,8.98
2001-10-26,22.04,24.35,22.00,24.01,645000,8.76
2001-10-25,22.00,22.45,21.85,22.05,554700,8.05
2001-10-24,23.10,23.19,21.95,22.31,1137200,8.14
2001-10-23,21.00,23.38,20.75,23.10,947500,8.43
2001-10-22,21.35,21.35,20.45,20.75,501000,7.57
2001-10-19,20.15,21.36,19.86,21.13,639000,7.71
2001-10-18,20.59,20.98,19.75,20.40,530200,7.44
2001-10-17,20.50,21.50,20.00,20.95,1884200,7.64
2001-10-16,19.32,20.48,19.32,20.30,2455700,7.41
2001-10-15,19.25,19.49,18.97,19.31,318500,7.05
2001-10-12,20.15,20.16,19.20,19.50,629000,7.12
2001-10-11,19.99,20.31,19.90,20.16,3497700,7.36
2001-10-10,19.50,20.10,19.23,19.95,2319200,7.28
2001-10-09,20.50,21.39,19.28,20.13,7375500,7.35
2001-10-08,24.76,25.15,24.76,25.00,560700,9.12
2001-10-05,25.56,26.00,24.53,25.20,333000,9.20
2001-10-04,26.20,27.52,25.56,26.00,1048000,9.49
2001-10-03,23.07,25.70,22.95,25.04,1426200,9.14
2001-10-02,22.50,23.77,21.99,22.86,930000,8.34
2001-10-01,23.35,23.35,21.30,22.15,1139500,8.08
2001-09-28,23.17,23.45,22.70,23.25,926200,8.48
2001-09-27,22.61,23.55,22.10,23.27,523500,8.49
2001-09-26,23.00,23.05,22.40,22.64,682500,8.26
2001-09-25,23.60,23.75,22.91,22.95,587200,8.37
2001-09-24,22.95,24.19,22.80,23.32,802200,8.51
2001-09-21,21.45,23.31,21.25,22.70,863000,8.28
2001-09-20,23.45,23.80,21.62,21.62,1880700,7.89
2001-09-19,24.85,24.85,22.75,23.85,1812700,8.70
2001-09-18,25.00,25.13,24.45,24.65,839200,8.99
2001-09-17,26.63,26.64,24.90,25.20,2688000,9.20
2001-09-10,26.81,27.10,26.65,27.00,631000,9.85
2001-09-07,27.10,27.35,26.70,26.80,880200,9.78
2001-09-06,27.35,27.60,26.90,27.12,1109200,9.90
2001-09-05,26.98,27.73,26.90,27.72,771700,10.11
2001-09-04,26.98,27.40,26.73,27.00,653700,9.85
2001-08-31,27.95,28.03,26.84,27.00,832000,9.85
2001-08-30,28.88,28.88,27.84,27.84,869700,10.16
2001-08-29,29.61,29.85,28.96,29.05,939500,10.60
2001-08-28,29.79,30.25,29.75,29.90,544200,10.91
2001-08-27,29.93,30.39,29.56,29.90,593700,10.91
2001-08-24,29.40,30.32,29.40,29.60,1591500,10.80
2001-08-23,28.27,29.38,28.20,29.34,517000,10.71
2001-08-22,29.00,29.57,27.06,28.10,781700,10.25
2001-08-21,30.01,30.14,28.85,29.15,705700,10.64
2001-08-20,29.66,30.71,29.60,29.96,897000,10.93
2001-08-17,29.55,30.10,29.13,29.25,876200,10.67
2001-08-16,29.75,30.15,28.39,29.50,2205700,10.76
2001-08-15,30.90,31.00,29.06,29.95,1087700,10.93
2001-08-14,32.30,32.50,30.60,30.96,694700,11.30
2001-08-13,32.70,33.20,31.80,32.30,1758700,11.79
2001-08-10,31.80,32.77,31.21,32.00,978000,11.68
2001-08-09,31.29,32.18,30.91,31.52,1258000,11.50
2001-08-08,33.33,33.34,30.55,31.45,3227700,11.48
2001-08-07,33.02,33.75,33.00,33.31,2274500,12.15
2001-08-06,32.31,33.30,32.15,33.20,2775200,12.11
2001-08-03,32.66,33.50,32.34,32.50,2688200,11.86
2001-08-02,34.99,35.00,32.71,33.01,4970000,12.05
2001-08-01,36.10,36.15,34.56,34.82,4553200,12.71
2001-07-31,38.88,39.67,33.76,36.08,15306700,13.17
2001-07-30,48.97,49.00,46.73,48.20,650700,17.59
2001-07-27,48.39,48.78,47.75,48.78,493500,17.80
2001-07-26,47.88,48.47,46.90,48.21,275700,17.59
2001-07-25,46.76,48.15,46.20,47.17,258200,17.21
2001-07-24,47.66,48.50,46.75,47.00,637500,17.15
2001-07-23,49.20,49.70,47.60,47.83,811200,17.45
2001-07-20,50.40,50.40,48.80,49.49,1036200,18.06
2001-07-19,49.56,50.45,49.55,50.22,506200,18.33
2001-07-18,49.50,49.68,48.95,49.56,388000,18.08
2001-07-17,47.81,50.20,47.56,49.60,985700,18.10
2001-07-16,47.48,48.25,47.47,47.92,866000,17.49
2001-07-13,46.26,47.80,46.26,47.70,1405700,17.41
2001-07-12,46.80,47.00,45.92,46.25,470700,16.88
2001-07-11,47.83,48.15,45.85,46.64,516700,17.02
2001-07-10,46.72,47.85,46.72,47.78,298000,17.43
2001-07-09,45.98,47.01,45.45,47.01,354200,17.15
2001-07-06,47.76,48.00,45.25,46.50,581500,16.97
2001-07-05,46.59,48.86,46.00,48.07,541000,17.54
2001-07-03,49.00,49.70,46.28,47.05,728500,17.17
2001-07-02,52.91,53.05,49.00,49.05,734700,17.90
2001-06-29,51.41,53.85,51.40,52.60,1206500,19.19
2001-06-28,49.94,51.60,49.79,51.56,1036500,18.81
2001-06-27,48.60,50.00,48.15,49.40,663700,18.03
2001-06-26,48.36,49.05,47.90,49.05,443200,17.90
2001-06-25,50.01,50.30,48.20,48.37,415000,17.65
2001-06-22,51.30,51.30,49.40,49.80,499200,18.17
2001-06-21,51.54,52.17,50.70,50.91,918200,18.58
2001-06-20,49.00,51.97,48.70,51.50,1573700,18.79
2001-06-19,49.01,50.05,47.70,48.65,1073200,17.75
2001-06-18,50.01,51.92,48.27,48.40,1202700,17.66
2001-06-15,46.90,50.25,46.80,49.80,1636500,18.17
2001-06-14,47.31,47.38,46.42,46.71,531200,17.04
2001-06-13,47.80,47.80,46.26,47.24,836500,17.24
2001-06-12,46.61,48.30,45.11,47.23,1017000,17.23
2001-06-11,47.68,48.10,45.60,46.75,514700,17.06
2001-06-08,48.54,48.95,44.75,48.10,1297200,17.55
2001-06-07,49.00,49.00,47.85,48.46,409500,17.68
2001-06-06,49.14,49.50,48.00,49.14,1340200,17.93
2001-06-05,47.28,49.22,47.28,48.75,1691500,17.79
2001-06-04,46.98,48.15,45.80,47.04,1460000,17.16
2001-06-01,44.45,46.80,43.87,46.80,851500,17.08
2001-05-31,44.65,45.11,43.70,44.76,1032000,16.33
2001-05-30,44.45,45.99,43.99,45.11,971000,16.46
2001-05-29,42.51,45.50,42.50,44.55,1819000,16.26
2001-05-25,43.75,44.05,42.35,42.75,7651200,15.60
2001-05-24,43.89,44.00,41.53,42.60,1899200,15.54
2001-05-23,46.59,46.60,43.45,43.51,362200,15.88
2001-05-22,44.53,47.04,43.27,46.60,1292700,17.00
2001-05-21,41.89,45.00,41.89,44.90,498200,16.38
2001-05-18,40.30,42.40,40.25,41.96,426000,15.31
2001-05-17,39.98,44.00,39.80,40.45,1050000,14.76
2001-05-16,38.13,40.50,37.47,40.01,399500,14.60
2001-05-15,38.00,38.25,37.35,38.25,731200,13.96
2001-05-14,38.24,38.75,37.26,38.00,344200,13.87
2001-05-11,38.40,38.48,36.76,38.15,653700,13.92
2001-05-10,36.91,38.50,36.91,38.39,149500,14.01
2001-05-09,37.00,37.69,37.00,37.35,641500,13.63
2001-05-08,38.00,38.72,37.25,37.49,489500,13.68
2001-05-07,39.68,39.82,37.02,37.85,1012500,13.81
2001-05-04,37.70,39.80,37.14,39.75,471500,14.50
2001-05-03,38.25,39.69,37.42,38.66,747000,14.11
2001-05-02,36.61,39.64,36.60,37.60,906500,13.72
2001-05-01,36.23,37.40,36.05,37.38,828700,13.64
2001-04-30,37.10,37.19,36.04,36.20,861500,13.21
2001-04-27,36.69,36.84,36.00,36.67,1147500,13.38
2001-04-26,37.95,39.30,36.65,36.78,1365700,13.42
2001-04-25,36.10,37.35,36.09,37.33,1033500,13.62
2001-04-24,35.43,36.69,34.96,36.09,406200,13.17
2001-04-23,38.55,38.65,34.95,35.31,452000,12.88
2001-04-20,38.00,38.66,37.90,38.45,456200,14.03
2001-04-19,38.37,39.05,37.00,38.65,454200,14.10
2001-04-18,36.99,39.35,36.25,38.35,1165500,13.99
2001-04-17,34.95,37.00,34.12,35.70,388500,13.03
2001-04-16,34.90,36.41,33.67,35.00,511500,12.77
2001-04-12,34.45,35.90,34.30,34.99,1602000,12.77
2001-04-11,36.65,36.89,34.90,35.00,822500,12.77
2001-04-10,36.43,37.85,36.00,36.79,639700,13.42
2001-04-09,35.06,38.25,35.06,35.85,1327200,13.08
2001-04-06,35.88,37.25,34.31,35.44,1073700,12.93
2001-04-05,34.31,38.00,33.81,36.12,5311200,13.18
2001-04-04,42.02,42.06,33.06,34.38,5321500,12.54
2001-04-03,43.44,44.31,40.62,42.19,1024200,15.39
2001-04-02,46.39,46.42,43.25,43.63,725700,15.92
2001-03-30,45.00,46.50,45.00,45.94,997500,16.76
2001-03-29,42.64,46.37,42.19,45.37,1340000,16.56
2001-03-28,42.13,43.31,42.06,43.19,1459700,15.76
2001-03-27,45.48,45.50,43.12,43.75,1261700,15.96
2001-03-26,45.73,47.13,44.63,45.31,1940000,16.53
2001-03-23,45.97,46.06,44.88,45.12,827200,16.47
2001-03-22,46.23,46.50,43.12,46.34,1542000,16.91
2001-03-21,47.22,47.44,45.25,46.44,580200,16.94
2001-03-20,44.41,46.50,44.38,46.13,1382000,16.83
2001-03-19,42.53,45.00,42.25,45.00,1042500,16.42
2001-03-16,45.08,45.31,43.00,43.81,519200,15.99
2001-03-15,44.38,45.75,44.38,44.91,589500,16.39
2001-03-14,43.00,46.88,43.00,44.56,693200,16.26
2001-03-13,44.19,45.25,43.00,44.00,1157000,16.06
2001-03-12,45.44,46.00,44.38,44.47,696500,16.23
2001-03-09,44.69,45.62,44.06,45.50,483700,16.60
2001-03-08,45.06,46.37,44.50,44.75,821700,16.33
2001-03-07,43.50,45.37,43.06,45.12,684000,16.47
2001-03-06,43.08,44.00,43.06,43.56,716500,15.90
2001-03-05,42.25,43.98,42.25,43.44,493200,15.85
2001-03-02,41.00,43.25,41.00,42.06,671500,15.35
2001-03-01,44.83,44.88,41.19,41.50,1421700,15.14
2001-02-28,43.38,44.25,42.75,44.12,1356700,16.10
2001-02-27,42.56,43.75,42.13,43.12,1048200,15.74
2001-02-26,40.12,42.50,40.00,42.25,1287000,15.42
2001-02-23,39.98,40.31,39.56,40.19,831000,14.66
2001-02-22,38.94,41.00,38.94,40.00,1031000,14.60
2001-02-21,39.30,40.50,39.25,39.50,555000,14.41
2001-02-20,40.19,40.25,39.75,40.12,1355000,14.64
2001-02-16,40.03,40.19,39.63,39.94,297500,14.57
2001-02-15,39.87,40.37,39.38,40.12,624000,14.64
2001-02-14,39.77,40.62,39.63,39.87,554000,14.55
2001-02-13,40.00,40.50,39.87,39.87,622200,14.55
2001-02-12,38.34,40.44,37.56,39.87,664000,14.55
2001-02-09,39.59,39.63,38.44,39.25,480700,14.32
2001-02-08,38.62,40.94,38.50,38.69,511500,14.12
2001-02-07,34.87,39.44,33.00,38.56,1895500,14.07
2001-02-06,39.47,40.00,36.50,37.50,1016000,13.68
2001-02-05,39.02,39.50,38.44,39.25,377700,14.32
2001-02-02,39.55,39.63,38.38,38.50,424200,14.05
2001-02-01,37.98,39.75,37.25,39.00,904000,14.23
2001-01-31,37.69,37.87,36.62,37.19,397000,13.57
2001-01-30,36.72,37.81,35.75,37.56,1109500,13.71
2001-01-29,37.72,38.00,36.06,36.75,310700,13.41
2001-01-26,36.98,38.00,36.88,37.13,340500,13.55
2001-01-25,37.13,37.50,36.25,37.13,346000,13.55
2001-01-24,38.69,38.69,36.25,36.75,899000,13.41
2001-01-23,35.00,38.00,34.50,36.88,3558200,13.46
2001-01-22,33.50,35.00,33.12,34.75,219500,12.68
2001-01-19,34.00,34.38,33.19,33.56,447000,12.25
2001-01-18,30.62,33.88,30.62,33.81,982200,12.34
2001-01-17,33.25,33.50,32.00,32.25,232700,11.77
2001-01-16,33.50,33.62,32.56,32.81,791700,11.97
2001-01-12,32.50,33.50,31.62,32.87,457000,12.00
2001-01-11,33.50,33.50,31.00,32.50,519500,11.86
2001-01-10,33.36,33.62,31.81,33.50,344500,12.22
2001-01-09,33.44,34.00,32.37,33.38,205200,12.18
2001-01-08,33.84,34.25,32.75,33.00,191500,12.04
2001-01-05,33.88,34.00,32.50,33.94,594000,12.38
2001-01-04,33.00,34.06,32.81,33.81,698000,12.34
2001-01-03,32.50,34.94,32.50,33.38,1071000,12.18
2001-01-02,34.05,34.06,31.00,32.69,336500,11.93
2000-12-29,34.44,35.00,33.75,34.50,523000,12.59
2000-12-28,33.09,34.75,33.09,34.31,653000,12.52
2000-12-27,31.81,33.19,31.50,33.00,830000,12.04
2000-12-26,31.61,32.75,30.81,32.31,257700,11.79
2000-12-22,30.37,31.62,30.37,31.44,296200,11.47
2000-12-21,29.73,31.00,29.19,30.06,614200,10.97
2000-12-20,29.12,30.00,28.75,29.69,787000,10.83
2000-12-19,29.94,29.94,28.88,28.94,638700,10.56
2000-12-18,29.05,29.94,29.00,29.69,698500,10.83
2000-12-15,29.75,30.75,29.50,30.06,453700,10.97
2000-12-14,29.52,31.00,29.52,30.13,301700,10.99
2000-12-13,28.44,30.13,28.38,30.06,1886500,10.97
2000-12-12,28.88,29.06,27.81,28.44,271000,10.38
2000-12-11,30.62,30.69,28.56,28.56,213000,10.42
2000-12-08,26.75,29.56,26.69,28.81,827000,10.51
2000-12-07,25.56,27.94,25.25,26.44,426200,9.65
2000-12-06,25.37,26.62,25.13,25.75,829700,9.40
2000-12-05,24.06,25.19,23.88,25.19,415200,9.19
2000-12-04,24.66,24.66,23.50,23.75,255500,8.67
2000-12-01,24.12,25.13,22.00,24.94,441000,9.10
2000-11-30,26.64,26.81,23.38,24.81,585000,9.05
2000-11-29,26.23,26.75,24.69,26.64,417700,9.72
2000-11-28,25.48,26.50,25.00,25.50,146700,9.30
2000-11-27,24.63,26.12,23.44,24.94,226200,9.10
2000-11-24,25.39,25.39,23.19,23.50,232200,8.58
2000-11-22,24.87,26.38,24.87,25.50,329000,9.30
2000-11-21,26.98,27.00,22.94,25.44,455000,9.28
2000-11-20,25.89,26.56,25.44,26.06,101000,9.51
2000-11-17,26.12,26.50,25.75,25.88,460000,9.44
2000-11-16,26.56,27.44,25.50,25.50,448700,9.30
2000-11-15,25.13,26.75,24.87,26.75,704700,9.76
2000-11-14,24.25,25.00,23.81,24.63,590000,8.99
2000-11-13,24.00,24.98,22.94,24.31,413500,8.87
2000-11-10,24.06,25.88,24.00,24.25,469000,8.85
2000-11-09,26.12,26.12,24.50,24.75,445700,9.03
2000-11-08,27.06,27.52,26.00,26.38,874000,9.62
2000-11-07,25.25,27.44,24.31,27.13,1072700,9.90
2000-11-06,27.37,27.81,25.50,25.81,313200,9.42
2000-11-03,28.00,28.00,27.25,27.63,775000,10.08
2000-11-02,27.69,28.50,27.63,27.75,1145500,10.13
2000-11-01,29.31,29.75,26.38,27.00,897200,9.85
2000-10-31,26.73,31.00,26.69,29.19,2231500,10.65
2000-10-30,33.62,33.62,24.00,26.75,2925200,9.76
2000-10-27,33.00,34.25,33.00,33.81,349700,12.34
2000-10-26,33.50,33.88,32.37,33.38,120200,12.18
2000-10-25,33.62,34.38,33.00,33.12,411200,12.09
2000-10-24,33.89,34.12,32.94,33.75,330700,12.32
2000-10-23,34.50,34.87,33.69,33.81,566200,12.34
2000-10-20,34.48,35.00,33.25,34.97,134200,12.76
2000-10-19,33.23,34.50,32.87,34.50,142700,12.59
2000-10-18,33.38,33.44,32.00,33.06,299000,12.06
2000-10-17,33.75,34.12,33.00,33.19,907500,12.11
2000-10-16,31.88,33.56,31.38,33.38,1105700,12.18
2000-10-13,30.64,32.00,30.00,31.50,551000,11.49
2000-10-12,33.50,33.50,28.50,31.06,406000,11.33
2000-10-11,33.11,34.50,32.50,33.06,239500,12.06
2000-10-10,33.00,33.50,32.50,33.00,162700,12.04
2000-10-09,31.47,33.44,31.12,33.44,182200,12.20
2000-10-06,33.88,33.88,31.31,31.75,177200,11.59
2000-10-05,32.81,34.75,32.50,33.31,237700,12.16
2000-10-04,33.75,34.06,32.50,32.87,88000,12.00
2000-10-03,34.12,34.12,33.00,34.00,160200,12.41
2000-10-02,34.72,34.87,33.62,33.88,223200,12.36
2000-09-29,34.50,34.69,33.88,34.69,525500,12.66
2000-09-28,33.50,35.13,33.50,34.19,414000,12.47
2000-09-27,34.53,34.53,33.38,33.44,118500,12.20
2000-09-26,34.94,34.94,34.12,34.50,106700,12.59
2000-09-25,34.50,35.44,34.38,34.94,427700,12.75
2000-09-22,34.06,34.38,33.62,34.00,230700,12.41
2000-09-21,32.84,35.13,32.75,34.12,866700,12.45
2000-09-20,34.56,34.56,32.25,33.50,510500,12.22
2000-09-19,35.13,35.25,34.12,34.38,222700,12.54
2000-09-18,35.31,35.50,34.75,34.87,392500,12.73
2000-09-15,35.06,35.25,34.50,34.63,251500,12.63
2000-09-14,35.00,36.19,34.75,35.62,559700,13.00
2000-09-13,34.75,35.00,32.87,35.00,303000,12.77
2000-09-12,33.62,35.88,33.44,34.81,1775700,12.70
2000-09-11,33.38,33.75,32.87,33.62,220200,12.27
2000-09-08,33.94,34.50,33.00,33.00,633000,12.04
2000-09-07,33.12,34.12,33.12,33.81,249000,12.34
2000-09-06,32.37,34.12,32.25,33.38,899200,12.18
2000-09-05,31.69,32.50,31.31,32.00,196200,11.68
2000-09-01,33.00,33.00,31.69,31.88,155000,11.63
2000-08-31,31.56,32.94,31.50,32.94,393700,12.02
2000-08-30,31.22,32.00,30.50,31.88,319500,11.63
2000-08-29,31.69,31.88,30.50,31.00,218500,11.31
2000-08-28,32.09,32.19,31.14,31.62,255500,11.54
2000-08-25,28.50,32.25,28.50,32.13,575500,11.72
2000-08-24,31.75,32.00,27.63,28.00,1790000,10.22
2000-08-23,29.69,31.94,28.38,31.50,343500,11.49
2000-08-22,31.19,32.75,30.50,30.50,542200,11.13
2000-08-21,31.50,31.75,30.00,30.69,1377700,11.20
2000-08-18,31.88,31.88,31.12,31.44,538500,11.47
2000-08-17,32.41,32.50,31.75,32.13,679200,11.72
2000-08-16,31.38,32.87,30.37,32.25,481700,11.77
2000-08-15,31.94,32.75,31.25,31.44,1820500,11.47
2000-08-14,31.84,32.00,31.25,31.88,716000,11.63
2000-08-11,30.16,31.75,30.06,31.25,3472700,11.40
2000-08-10,31.00,31.00,29.63,30.25,2050700,11.04
2000-08-09,29.87,30.75,29.31,30.62,1429700,11.17
2000-08-08,28.25,29.94,28.12,29.56,655200,10.79
2000-08-07,27.84,29.94,26.69,28.94,449200,10.56
2000-08-04,29.38,29.69,27.75,27.94,522700,10.19
2000-08-03,28.06,29.87,27.87,29.12,1310500,10.63
2000-08-02,28.12,30.00,27.75,28.50,707700,10.40
2000-08-01,28.59,28.62,26.94,27.87,650700,10.17
2000-07-31,26.06,27.94,25.88,27.50,1691200,10.03
2000-07-28,26.22,26.69,25.75,25.94,512700,9.46
2000-07-27,26.12,26.25,26.00,26.00,1227200,9.49
2000-07-26,25.37,26.50,25.25,26.12,1064700,9.53
2000-07-25,24.25,25.75,24.02,25.50,1247500,9.30
2000-07-24,22.63,22.69,22.00,22.37,209700,8.16
2000-07-21,24.38,24.38,22.25,23.00,247200,8.39
2000-07-20,24.47,24.63,24.12,24.50,530500,8.94
2000-07-19,23.94,25.94,23.94,24.38,1373500,8.89
2000-07-18,23.81,23.81,22.75,23.50,56500,8.58
2000-07-17,24.06,24.06,23.38,23.62,45700,8.62
2000-07-14,24.44,24.56,23.50,24.06,210700,8.78
2000-07-13,25.00,25.13,23.75,24.38,99000,8.89
2000-07-12,23.50,25.37,23.50,24.81,276200,9.05
2000-07-11,23.84,25.00,23.25,24.25,96000,8.85
2000-07-10,23.81,24.31,22.75,24.31,41200,8.87
2000-07-07,23.00,24.12,22.94,23.88,160200,8.71
2000-07-06,22.63,23.00,22.13,22.87,145500,8.35
2000-07-05,22.87,22.87,21.44,22.63,140200,8.26
2000-07-03,22.75,23.69,22.44,23.00,115200,8.39
2000-06-30,22.84,23.00,21.12,22.50,231200,8.21
2000-06-29,23.00,23.00,22.69,22.94,76500,8.37
2000-06-28,22.84,23.00,22.81,22.94,134000,8.37
2000-06-27,22.81,22.94,22.69,22.87,176200,8.35
2000-06-26,22.31,22.94,22.13,22.94,59700,8.37
2000-06-23,22.50,22.50,21.00,22.19,64700,8.10
2000-06-22,21.25,23.25,21.25,22.50,297500,8.21
2000-06-21,23.12,23.25,21.06,21.50,331500,7.85
2000-06-20,23.81,23.88,22.87,23.38,315500,8.53
2000-06-19,24.06,24.06,23.62,23.62,65700,8.62
2000-06-16,23.69,24.06,23.31,23.94,142000,8.73
2000-06-15,23.75,23.88,23.31,23.56,211700,8.60
2000-06-14,23.88,24.00,23.75,23.88,205500,8.71
2000-06-13,22.66,23.94,22.06,23.75,111200,8.67
2000-06-12,25.47,25.50,22.50,23.06,174000,8.42
2000-06-09,23.31,25.88,23.31,25.13,453700,9.17
2000-06-08,22.75,23.50,22.75,23.44,165000,8.55
2000-06-07,21.19,22.56,21.06,22.56,91700,8.23
2000-06-06,21.69,21.69,21.00,21.12,218500,7.71
2000-06-05,20.75,21.50,20.69,20.81,23700,7.59
2000-06-02,21.00,21.00,20.75,21.00,269500,7.66
2000-06-01,20.25,21.50,20.19,21.00,133700,7.66
2000-05-31,21.31,21.31,20.13,20.13,73000,7.34
2000-05-30,20.50,21.12,20.50,21.12,101700,7.71
2000-05-26,20.37,21.19,19.69,21.00,69500,7.66
2000-05-25,20.50,22.98,20.50,20.50,183000,7.48
2000-05-24,21.31,21.52,19.69,20.50,123200,7.48
2000-05-23,20.81,21.75,20.50,21.62,106200,7.89
2000-05-22,20.75,21.50,20.13,21.50,98500,7.85
2000-05-19,20.89,21.75,19.89,20.62,112700,7.53
2000-05-18,22.56,22.56,21.12,21.12,87500,7.71
2000-05-17,21.38,23.38,21.25,23.03,234500,8.40
2000-05-16,21.69,21.88,21.25,21.38,66700,7.80
2000-05-15,20.75,21.50,20.62,21.50,65200,7.85
2000-05-12,20.59,21.12,20.59,20.81,93700,7.59
2000-05-11,20.50,21.38,20.50,20.94,255700,7.64
2000-05-10,20.25,21.25,20.25,20.75,266500,7.57
2000-05-09,21.44,21.62,19.31,20.00,123500,7.30
2000-05-08,22.19,22.19,20.88,21.25,186500,7.75
2000-05-05,21.75,22.81,21.50,21.88,191700,7.98
2000-05-04,21.50,21.81,21.38,21.75,233500,7.94
2000-05-03,22.25,22.56,21.50,22.25,424700,8.12
2000-05-02,21.00,23.50,20.94,23.00,426000,8.39
2000-05-01,20.50,20.88,19.87,20.50,131500,7.48
2000-04-28,20.50,20.75,19.00,20.37,169000,7.43
2000-04-27,19.94,20.50,18.50,20.31,140500,7.41
2000-04-26,21.73,21.98,19.75,19.75,272500,7.21
2000-04-25,21.97,21.97,21.00,21.31,111000,7.78
2000-04-24,21.69,21.94,21.25,21.38,53200,7.80
2000-04-20,21.44,21.69,20.77,21.69,101200,7.91
2000-04-19,20.62,21.56,20.00,21.50,90200,7.85
2000-04-18,19.62,20.62,19.62,20.62,142700,7.53
2000-04-17,19.25,21.50,19.25,19.50,396500,7.12
2000-04-14,19.75,19.94,19.25,19.56,356500,7.14
2000-04-13,19.75,20.75,19.50,20.00,1006700,7.30
2000-04-12,19.87,20.00,19.38,19.56,647500,7.14
2000-04-11,19.75,20.00,19.25,19.50,458000,7.12
2000-04-10,19.13,20.50,19.09,20.00,531500,7.30
2000-04-07,18.44,19.62,18.41,18.69,214500,6.82
2000-04-06,18.62,18.62,17.75,18.59,324000,6.78
2000-04-05,16.25,18.50,16.12,18.12,934200,6.61
2000-04-04,15.06,17.50,14.94,16.63,537500,6.07
2000-04-03,14.97,15.25,14.94,15.00,255000,5.47
2000-03-31,14.81,15.13,14.81,15.00,242000,5.47
2000-03-30,14.94,15.13,14.75,14.81,286500,5.41
2000-03-29,14.94,15.13,14.94,15.00,180200,5.47
2000-03-28,14.86,15.31,14.81,14.94,267200,5.45
2000-03-27,14.56,14.87,14.44,14.69,501200,5.36
2000-03-24,14.91,15.00,14.44,14.62,337700,5.34
2000-03-23,15.38,15.87,14.87,15.00,1194000,5.47
2000-03-22,16.75,16.81,15.13,15.50,477700,5.66
2000-03-21,14.00,18.25,14.00,17.00,328700,6.20
2000-03-20,14.97,15.06,14.13,14.38,602700,5.25
2000-03-17,14.00,15.17,14.00,14.87,1547700,5.43
2000-03-16,14.94,14.94,14.00,14.81,1103200,5.41
2000-03-15,14.25,14.31,13.62,14.00,349000,5.11
2000-03-14,14.69,14.75,14.00,14.13,877700,5.15
2000-03-13,15.38,15.38,14.13,14.47,247000,5.28
2000-03-10,15.75,15.75,15.25,15.25,485700,5.56
2000-03-09,15.44,15.50,15.25,15.31,617200,5.59
2000-03-08,15.56,15.56,15.13,15.50,186700,5.66
2000-03-07,15.59,15.62,15.38,15.50,311000,5.66
2000-03-06,15.62,15.81,15.38,15.50,306200,5.66
2000-03-03,15.62,16.06,15.62,15.81,441000,5.77
2000-03-02,16.16,16.31,15.50,15.62,525500,5.70
2000-03-01,15.13,16.00,15.13,15.87,1019500,5.79
2000-02-29,14.25,15.44,14.00,15.00,506500,5.47
2000-02-28,15.31,15.31,14.00,14.11,476500,5.15
2000-02-25,14.94,15.19,14.94,15.06,309200,5.50
2000-02-24,15.38,15.38,14.87,14.94,280700,5.45
2000-02-23,15.94,15.94,15.31,15.38,405500,5.61
2000-02-22,16.12,16.19,15.44,15.50,283500,5.66
2000-02-18,17.19,17.19,14.87,15.50,479000,5.66
2000-02-17,17.88,18.00,17.00,17.50,99500,6.39
2000-02-16,18.16,19.38,17.75,17.88,166000,6.52
2000-02-15,19.50,19.50,17.75,17.75,92500,6.48
2000-02-14,17.25,21.38,16.75,19.56,508200,7.14
2000-02-11,17.94,18.00,16.69,16.75,421700,6.11
2000-02-10,20.00,20.06,17.25,17.88,748200,6.52
2000-02-09,21.25,21.75,19.87,20.50,223200,7.48
2000-02-08,20.69,22.00,20.25,21.56,459500,7.87
2000-02-07,19.87,21.00,19.75,20.94,309500,7.64
2000-02-04,18.06,22.00,18.02,19.50,279200,7.12
2000-02-03,16.06,18.12,16.03,18.00,563700,6.57
2000-02-02,16.94,16.94,15.00,16.00,829700,5.84
2000-02-01,17.25,17.25,16.50,16.81,555500,6.13
2000-01-31,17.63,17.94,17.25,17.25,63500,6.29
2000-01-28,18.12,18.37,17.50,17.63,204200,6.43
2000-01-27,19.44,19.75,18.00,18.19,142500,6.64
2000-01-26,19.00,19.75,18.62,19.62,149500,7.16
2000-01-25,19.19,19.25,17.69,19.00,96200,6.93
2000-01-24,19.31,19.87,19.19,19.19,61700,7.00
2000-01-21,21.47,21.47,19.31,20.00,111700,7.30
2000-01-20,20.69,21.25,20.62,21.00,181500,7.66
2000-01-19,20.69,20.75,20.62,20.62,193700,7.53
2000-01-18,20.50,20.88,20.00,20.56,271500,7.50
2000-01-14,20.19,21.00,19.94,20.88,233700,7.62
2000-01-13,19.06,21.25,18.88,20.75,153700,7.57
2000-01-12,18.81,19.75,18.75,19.13,243200,6.98
2000-01-11,19.44,20.75,18.88,18.94,88000,6.91
2000-01-10,18.50,20.62,18.12,19.62,115500,7.16
2000-01-07,18.12,18.62,17.12,18.62,96000,6.80
2000-01-06,18.44,19.69,18.25,18.25,149200,6.66
2000-01-05,20.50,20.50,18.25,19.00,402000,6.93
2000-01-04,21.62,24.00,20.50,20.50,161700,7.48
2000-01-03,19.69,23.69,19.56,22.31,312000,8.14
1999-12-31,19.62,20.31,19.38,19.81,172500,7.23
1999-12-30,19.62,20.06,19.50,19.75,162000,7.21
1999-12-29,20.75,21.00,19.62,20.44,60500,7.46
1999-12-28,20.94,21.75,20.75,20.75,254700,7.57
1999-12-27,20.94,21.00,20.44,20.69,55000,7.55
1999-12-23,20.25,21.19,19.25,20.94,320500,7.64
1999-12-22,18.37,21.75,18.37,18.62,248500,6.80
1999-12-21,18.00,18.69,18.00,18.62,116200,6.80
1999-12-20,17.98,18.50,17.88,18.50,127000,6.75
1999-12-17,17.88,18.00,17.88,17.94,165200,6.55
1999-12-16,17.88,18.00,17.75,17.94,169000,6.55
1999-12-15,18.28,18.31,17.56,17.75,201700,6.48
1999-12-14,18.37,18.62,18.25,18.25,91700,6.66
1999-12-13,18.50,18.94,18.12,18.44,164000,6.73
1999-12-10,18.50,18.94,18.50,18.50,361000,6.75
1999-12-09,18.66,19.00,18.25,18.50,287200,6.75
1999-12-08,18.25,18.56,16.75,18.00,291700,6.57
1999-12-07,18.50,18.56,18.25,18.31,188700,6.68
1999-12-06,18.62,18.75,18.31,18.50,361000,6.75
1999-12-03,18.56,18.62,18.12,18.50,802000,6.75
1999-12-02,18.50,18.56,18.12,18.50,393200,6.75
1999-12-01,18.03,18.37,18.00,18.12,427500,6.61
1999-11-30,17.56,18.31,17.31,18.31,241500,6.68
1999-11-29,16.63,18.12,16.63,17.25,229700,6.29
1999-11-26,16.88,17.00,16.63,16.63,6000,6.07
1999-11-24,17.50,17.50,16.63,17.12,356700,6.25
1999-11-23,17.37,17.37,16.50,16.56,294200,6.04
1999-11-22,18.00,18.00,16.81,16.88,52000,6.16
1999-11-19,18.50,18.50,18.00,18.00,181700,6.57
1999-11-18,17.69,18.37,17.56,18.31,316700,6.68
1999-11-17,18.50,18.56,17.50,17.63,155200,6.43
1999-11-16,19.00,19.31,18.25,18.37,768500,6.70
1999-11-15,18.91,19.19,18.81,19.13,459500,6.98
1999-11-12,18.88,19.06,18.00,18.94,294500,6.91
1999-11-11,19.13,19.13,18.44,18.81,326500,6.86
1999-11-10,18.88,19.06,18.62,18.88,31200,6.89
1999-11-09,18.88,19.50,18.62,19.06,864500,6.96
1999-11-08,18.88,19.00,18.75,18.88,80000,6.89
1999-11-05,18.91,19.19,18.62,18.94,448200,6.91
1999-11-04,17.50,18.75,17.50,18.50,558000,6.75
1999-11-03,17.12,17.63,17.12,17.63,495000,6.43
1999-11-02,16.00,17.75,16.00,17.31,327500,6.32
1999-11-01,18.16,19.25,16.00,16.06,265000,5.86
1999-10-29,18.50,18.88,18.12,18.31,172000,6.68
1999-10-28,17.19,19.25,16.50,18.00,538000,6.57
1999-10-27,16.00,17.00,15.87,16.25,310000,5.93
1999-10-26,16.50,17.37,15.87,16.00,418000,5.84
1999-10-25,16.94,17.63,15.50,16.12,510200,5.88
1999-10-22,15.41,17.00,15.38,16.88,2568200,6.16
1999-10-21,15.87,15.87,15.25,15.25,1116200,5.56
1999-10-20,17.12,17.37,15.75,15.94,765000,5.82
1999-10-19,17.94,17.94,17.25,17.25,255500,6.29
1999-10-18,17.84,17.84,17.50,17.63,160000,6.43
1999-10-15,17.44,17.94,17.44,17.81,320700,6.50
1999-10-14,17.97,18.06,17.75,17.88,845200,6.52
1999-10-13,18.16,18.16,17.75,17.75,406000,6.48
1999-10-12,18.37,19.00,17.88,18.12,122700,6.61
1999-10-11,18.62,18.62,17.75,18.62,501200,6.80
1999-10-08,19.00,19.00,18.06,18.25,322700,6.66
1999-10-07,18.62,19.13,18.62,19.13,171000,6.98
1999-10-06,19.75,19.81,17.50,19.00,333000,6.93
1999-10-05,20.25,20.44,19.31,19.50,217700,7.12
1999-10-04,18.00,20.00,17.88,20.00,639500,7.30
1999-10-01,18.25,18.75,17.50,17.88,200200,6.52
1999-09-30,19.13,19.31,17.88,18.62,345700,6.80
1999-09-29,18.81,19.25,18.75,19.06,546500,6.96
1999-09-28,18.88,20.19,18.75,18.81,297200,6.86
1999-09-27,20.06,20.31,18.00,18.37,350000,6.70
1999-09-24,20.88,21.00,20.00,20.50,374000,7.48
1999-09-23,19.38,21.44,19.38,21.25,296200,7.75
1999-09-22,21.62,21.75,18.69,20.00,492000,7.30
1999-09-21,22.44,22.59,22.00,22.00,221700,8.03
1999-09-20,22.25,22.50,22.13,22.31,403700,8.14
1999-09-17,22.09,22.50,22.00,22.13,346000,8.07
1999-09-16,23.94,24.00,21.88,22.50,299700,8.21
1999-09-15,24.06,24.12,23.88,24.06,620000,8.78
1999-09-14,24.25,24.44,23.75,23.97,1287000,8.75
1999-09-13,24.38,24.69,24.00,24.50,455000,8.94
1999-09-10,24.25,25.00,24.25,25.00,194700,9.12
1999-09-09,24.87,25.00,24.25,24.31,460000,8.87
1999-09-08,24.25,24.69,24.25,24.63,681200,8.99
1999-09-07,23.31,24.63,23.31,24.50,402200,8.94
1999-09-03,23.03,25.50,22.75,23.50,1257700,8.58
1999-09-02,22.75,22.75,22.25,22.37,601200,8.16
1999-09-01,22.50,23.12,22.25,22.81,222700,8.32
1999-08-31,21.44,23.12,21.34,22.19,703200,8.10
1999-08-30,21.75,21.75,21.31,21.44,189700,7.82
1999-08-27,21.25,21.88,21.00,21.81,272200,7.96
1999-08-26,21.25,21.50,21.06,21.44,198700,7.82
1999-08-25,21.25,21.38,20.81,21.25,721200,7.75
1999-08-24,20.75,21.25,20.75,21.25,91200,7.75
1999-08-23,20.81,21.38,20.50,21.12,176000,7.71
1999-08-20,21.38,21.38,20.62,20.62,29000,7.53
1999-08-19,21.19,21.25,20.88,21.19,39200,7.73
1999-08-18,20.50,21.25,20.50,21.25,95700,7.75
1999-08-17,21.75,21.75,20.50,21.12,399000,7.71
1999-08-16,22.50,22.50,21.62,21.69,367000,7.91
1999-08-13,20.62,22.50,20.25,22.50,404200,8.21
1999-08-12,21.00,21.00,20.13,20.25,304000,7.39
1999-08-11,20.00,20.75,19.75,20.75,366700,7.57
1999-08-10,18.37,20.06,17.94,19.25,1005500,7.02
1999-08-09,18.75,18.75,17.94,18.00,689500,6.57
1999-08-06,19.75,19.75,16.75,18.00,652500,6.57
1999-08-05,20.13,20.25,19.72,19.77,390700,7.21
1999-08-04,22.22,22.44,19.87,20.37,1339200,7.43
1999-08-03,23.00,24.25,21.00,21.44,1401500,7.82
1999-08-02,18.00,20.88,17.37,20.69,1479200,7.55
1999-07-30,19.75,19.75,17.88,18.12,1942700,6.61
1999-07-29,21.19,21.19,19.87,19.87,191200,7.25
1999-07-28,21.78,22.00,21.12,21.19,391000,7.73
1999-07-27,22.50,22.75,21.69,21.81,520200,7.96
1999-07-26,22.56,23.25,22.50,22.56,185700,8.23
1999-07-23,22.87,23.00,22.69,22.75,75500,8.30
1999-07-22,22.13,23.12,21.81,23.00,159500,8.39
1999-07-21,23.00,23.44,21.75,22.06,282200,8.05
1999-07-20,24.25,24.25,22.63,22.75,594200,8.30
1999-07-19,24.12,24.44,23.44,23.62,167500,8.62
1999-07-16,24.25,24.44,23.50,23.50,121500,8.58
1999-07-15,24.50,24.50,23.50,24.25,161700,8.85
1999-07-14,24.00,24.50,23.00,24.00,163200,8.76
1999-07-13,24.75,25.00,21.75,24.12,151000,8.80
1999-07-12,24.00,24.63,23.75,24.25,214000,8.85
1999-07-09,23.50,24.00,23.00,23.97,190000,8.75
1999-07-08,24.00,24.00,22.75,23.38,358500,8.53
1999-07-07,23.44,24.12,23.38,24.00,473700,8.76
1999-07-06,23.44,23.50,22.75,23.44,538700,8.55
1999-07-02,22.81,23.44,22.69,23.38,128200,8.53
1999-07-01,23.94,24.12,22.50,22.87,180200,8.35
1999-06-30,23.75,24.12,23.38,24.00,361700,8.76
1999-06-29,22.06,24.38,21.81,23.62,442000,8.62
1999-06-28,21.78,22.44,21.56,22.37,406000,8.16
1999-06-25,21.62,22.44,21.56,21.56,468700,7.87
1999-06-24,23.50,23.50,21.38,21.75,482500,7.94
1999-06-23,24.25,24.25,22.87,23.25,463500,8.48
1999-06-22,24.63,25.37,24.12,24.25,320700,8.85
1999-06-21,23.25,24.75,22.87,24.75,268000,9.03
1999-06-18,22.13,23.19,22.06,22.81,201700,8.32
1999-06-17,21.75,22.13,21.25,22.00,386200,8.03
1999-06-16,23.12,23.25,21.50,22.00,949200,8.03
1999-06-15,24.47,24.47,20.00,23.00,480700,8.39
1999-06-14,24.25,24.50,24.25,24.38,135200,8.89
1999-06-11,24.44,24.50,24.25,24.38,295500,8.89
1999-06-10,25.37,25.37,24.00,24.50,224200,8.94
1999-06-09,25.88,25.88,25.37,25.44,241700,9.28
1999-06-08,25.72,26.12,25.62,25.75,1029000,9.40
1999-06-07,25.94,25.94,25.50,25.94,261700,9.46
1999-06-04,26.38,26.38,25.56,25.56,427000,9.33
1999-06-03,25.75,26.38,25.37,26.38,1266500,9.62
1999-06-02,25.37,25.69,23.00,25.62,1360500,9.35
1999-06-01,25.88,26.25,25.69,25.75,684000,9.40
1999-05-28,27.94,28.25,25.75,25.81,2436500,9.42
1999-05-27,30.37,30.37,26.06,27.69,2620200,10.10
1999-05-26,31.50,32.00,29.75,30.44,228500,11.11
1999-05-25,33.75,33.75,31.31,31.38,159000,11.45
1999-05-24,34.12,34.25,33.25,33.44,759700,12.20
1999-05-21,31.50,33.75,31.50,33.38,475700,12.18
1999-05-20,30.50,31.25,30.37,31.12,241000,11.36
1999-05-19,29.81,30.50,29.81,30.25,142000,11.04
1999-05-18,30.25,30.31,29.50,29.75,859000,10.86
1999-05-17,30.25,30.50,30.00,30.50,16500,11.13
1999-05-14,31.00,31.00,30.37,30.37,499200,11.08
1999-05-13,31.75,31.75,31.06,31.50,63200,11.49
1999-05-12,31.38,31.75,31.38,31.50,549000,11.49
1999-05-11,31.88,31.88,31.00,31.56,333500,11.52
1999-05-10,31.31,32.25,31.12,31.62,849200,11.54
1999-05-07,32.13,32.13,31.25,31.31,47700,11.43
1999-05-06,33.50,33.50,31.75,31.75,60000,11.59
1999-05-05,33.50,34.00,33.00,33.06,186500,12.06
1999-05-04,32.00,34.00,32.00,33.81,539500,12.34
1999-05-03,31.00,32.25,31.00,32.00,449700,11.68
1999-04-30,31.25,31.38,31.00,31.00,151500,11.31
1999-04-29,32.13,32.25,29.75,31.19,225200,11.38
1999-04-28,32.00,32.87,31.75,32.50,271200,11.86
1999-04-27,31.25,32.50,31.25,32.44,114200,11.84
1999-04-26,31.00,32.25,31.00,32.00,110500,11.68
1999-04-23,31.50,32.25,31.00,31.25,83500,11.40
1999-04-22,31.00,32.50,31.00,31.75,126500,11.59
1999-04-21,29.81,31.25,29.81,31.00,691000,11.31
1999-04-20,28.62,30.13,28.62,30.00,763500,10.95
1999-04-19,27.94,29.00,27.94,28.50,216500,10.40
1999-04-16,28.00,28.62,27.87,27.94,194000,10.19
1999-04-15,27.87,29.00,27.50,28.00,163700,10.22
1999-04-14,27.87,28.12,27.37,28.12,163500,10.26
1999-04-13,28.25,29.00,27.75,27.81,1826200,10.15
1999-04-12,25.75,26.12,24.75,25.19,140700,9.19
1999-04-09,25.62,26.00,25.50,25.88,530700,9.44
1999-04-08,26.31,26.31,25.37,25.62,98700,9.35
1999-04-07,26.62,26.88,26.19,26.25,226500,9.58
1999-04-06,27.25,27.63,26.75,26.75,129000,9.76
1999-04-05,27.50,28.25,27.50,27.87,146200,10.17
1999-04-01,28.75,29.12,27.63,27.75,74500,10.13
1999-03-31,30.00,30.00,28.75,28.75,242700,10.49
1999-03-30,28.88,30.00,28.88,30.00,137000,10.95
1999-03-29,28.12,29.50,28.12,29.12,106700,10.63
1999-03-26,29.00,29.12,25.37,28.62,975700,10.45
1999-03-25,26.50,29.75,26.31,29.44,247700,10.74
1999-03-24,26.00,26.50,26.00,26.50,104000,9.67
1999-03-23,26.12,26.50,26.00,26.00,443500,9.49
1999-03-22,26.25,26.50,26.00,26.31,202000,9.60
1999-03-19,26.38,26.56,25.88,26.38,145000,9.62
1999-03-18,26.38,26.50,25.88,26.12,508500,9.53
1999-03-17,26.00,26.25,25.75,26.06,290000,9.51
1999-03-16,25.62,26.12,25.62,25.75,471500,9.40
1999-03-15,25.62,26.00,25.62,25.75,55200,9.40
1999-03-12,25.75,26.00,25.62,25.69,170500,9.37
1999-03-11,25.50,25.88,25.50,25.88,32000,9.44
1999-03-10,25.50,25.88,25.50,25.81,112200,9.42
1999-03-09,25.19,25.88,25.19,25.62,61500,9.35
1999-03-08,25.56,25.62,25.00,25.44,74200,9.28
1999-03-05,25.00,25.56,25.00,25.56,163000,9.33
1999-03-04,25.31,25.50,24.94,25.19,272700,9.19
1999-03-03,25.37,25.75,25.25,25.25,219700,9.21
1999-03-02,25.06,26.38,25.06,25.19,391700,9.19
1999-03-01,25.62,25.88,24.38,25.00,73700,9.12
1999-02-26,25.62,25.62,24.00,25.37,269000,9.26
1999-02-25,26.50,26.88,25.37,25.50,184500,9.30
1999-02-24,26.75,27.00,26.12,26.12,65700,9.53
1999-02-23,26.88,27.00,26.50,26.75,107000,9.76
1999-02-22,27.31,27.31,26.50,26.81,168500,9.78
1999-02-19,27.75,27.81,26.88,27.25,135200,9.94
1999-02-18,27.75,28.00,27.56,27.63,122500,10.08
1999-02-17,28.00,28.50,27.63,27.75,79000,10.13
1999-02-16,29.00,29.00,28.00,28.19,48200,10.29
1999-02-12,27.87,28.81,27.44,28.38,263700,10.35
1999-02-11,26.12,28.00,25.75,28.00,680500,10.22
1999-02-10,28.00,28.00,26.00,26.00,298700,9.49
1999-02-09,27.37,28.00,27.13,27.63,341700,10.08
1999-02-08,29.63,29.63,25.75,27.50,250700,10.03
1999-02-05,29.38,29.75,29.00,29.50,82700,10.76
1999-02-04,30.50,30.50,29.38,29.50,120200,10.76
1999-02-03,30.62,31.12,30.25,30.44,473700,11.11
1999-02-02,31.50,31.50,30.00,30.37,104000,11.08
1999-02-01,32.13,32.13,31.12,31.12,154700,11.36
1999-01-29,33.00,33.38,31.75,32.25,617000,11.77
1999-01-28,32.63,33.00,32.63,32.63,40700,11.90
1999-01-27,32.81,33.00,32.63,32.63,343500,11.90
1999-01-26,32.63,33.12,32.63,33.00,660000,12.04
1999-01-25,32.50,33.00,32.25,32.63,136000,11.90
1999-01-22,31.00,32.87,31.00,32.25,608700,11.77
1999-01-21,31.00,31.50,30.75,31.06,111700,11.33
1999-01-20,29.75,31.25,29.75,31.00,155500,11.31
1999-01-19,30.13,30.13,29.63,30.00,302200,10.95
1999-01-15,30.13,30.50,29.50,29.87,54700,10.90
1999-01-14,29.87,30.37,29.38,29.75,422700,10.86
1999-01-13,29.31,29.50,28.88,29.44,207000,10.74
1999-01-12,29.50,29.56,29.31,29.50,109000,10.76
1999-01-11,29.87,30.00,29.50,29.50,235500,10.76
1999-01-08,30.13,30.13,29.12,30.00,647000,10.95
1999-01-07,30.37,30.62,29.50,29.87,314500,10.90
1999-01-06,30.37,31.19,30.31,30.88,232000,11.27
1999-01-05,29.50,30.44,25.13,30.44,2449000,11.11
1999-01-04,31.69,31.81,30.50,30.50,266000,11.13
1998-12-31,31.75,31.75,31.19,31.75,91200,11.59
1998-12-30,31.00,31.94,31.00,31.50,140700,11.49
1998-12-29,30.75,32.13,29.75,31.75,386000,11.59
1998-12-28,30.62,30.81,30.50,30.50,204200,11.13
1998-12-24,30.62,30.75,30.00,30.62,18000,11.17
1998-12-23,30.50,30.81,30.13,30.50,168500,11.13
1998-12-22,30.13,30.62,29.84,30.13,333000,10.99
1998-12-21,30.75,31.00,30.25,30.44,814000,11.11
1998-12-18,29.87,32.50,29.75,30.88,1149500,11.27
1998-12-17,29.38,29.63,28.94,29.63,291700,10.81
1998-12-16,29.50,29.50,28.38,29.38,568500,10.72
1998-12-15,28.00,29.87,27.87,29.50,344200,10.76
1998-12-14,27.13,28.00,27.13,28.00,342200,10.22
1998-12-11,27.37,27.50,27.13,27.31,277500,9.97
1998-12-10,27.87,27.87,27.00,27.37,595200,9.99
1998-12-09,28.38,28.38,27.69,27.81,515500,10.15
1998-12-08,28.12,28.38,27.87,28.38,127700,10.35
1998-12-07,28.00,28.50,27.50,28.31,222500,10.33
1998-12-04,27.56,28.00,27.25,27.81,249500,10.15
1998-12-03,25.50,27.13,25.50,27.13,926000,9.90
1998-12-02,24.87,26.50,24.87,25.75,661200,9.40
1998-12-01,24.87,25.25,24.12,25.02,412500,9.13
1998-11-30,24.50,24.50,24.00,24.12,276500,8.80
1998-11-27,24.87,24.87,24.50,24.50,13200,8.94
1998-11-25,24.38,24.56,24.38,24.38,269000,8.89
1998-11-24,23.88,24.87,23.62,24.38,706700,8.89
1998-11-23,23.12,23.50,23.12,23.50,998000,8.58
1998-11-20,24.38,24.75,23.00,23.12,170200,8.44
1998-11-19,24.75,24.75,23.75,24.38,124700,8.89
1998-11-18,24.75,25.00,24.50,24.63,57700,8.99
1998-11-17,23.88,25.62,23.69,24.75,515000,9.03
1998-11-16,24.31,24.31,23.62,24.00,46000,8.76
1998-11-13,24.56,24.63,24.25,24.39,130000,8.90
1998-11-12,24.63,24.75,24.12,24.50,347000,8.94
1998-11-11,24.87,24.87,24.19,24.63,63500,8.99
1998-11-10,24.63,24.94,24.38,24.75,157700,9.03
1998-11-09,25.00,25.25,24.00,24.12,135500,8.80
1998-11-06,24.12,25.13,24.12,24.94,198000,9.10
1998-11-05,25.00,25.00,23.12,24.06,388200,8.78
1998-11-04,26.00,26.00,24.00,24.94,221000,9.10
1998-11-03,26.25,28.12,24.50,25.25,698700,9.21
1998-11-02,24.63,26.75,24.63,26.75,455000,9.76
1998-10-30,25.00,25.41,24.75,24.81,47700,9.05
1998-10-29,25.13,25.69,25.13,25.37,87500,9.26
1998-10-28,26.25,26.25,25.13,25.37,119200,9.26
1998-10-27,26.44,26.62,25.88,26.50,242200,9.67
1998-10-26,24.75,26.44,24.75,26.44,176500,9.65
1998-10-23,26.75,26.75,25.75,25.94,46700,9.46
1998-10-22,27.00,27.00,26.25,26.75,17200,9.76
1998-10-21,27.25,27.25,26.25,26.50,239700,9.67
1998-10-20,27.75,27.87,27.00,27.00,218000,9.85
1998-10-19,28.00,28.00,27.00,27.75,448000,10.13
1998-10-16,25.50,28.00,25.25,27.69,910500,10.10
1998-10-15,26.00,26.00,24.69,24.87,351500,9.08
1998-10-14,24.81,26.38,24.50,25.50,392000,9.30
1998-10-13,24.12,25.75,24.00,24.75,135700,9.03
1998-10-12,24.50,24.69,24.12,24.25,21000,8.85
1998-10-09,24.56,24.75,24.38,24.50,126200,8.94
1998-10-08,24.50,24.75,22.13,24.00,167000,8.76
1998-10-07,27.56,28.25,24.50,24.75,191200,9.03
1998-10-06,26.50,27.50,26.50,27.00,228000,9.85
1998-10-05,26.62,27.00,25.50,26.56,236500,9.69
1998-10-02,29.75,29.75,27.00,27.00,146200,9.85
1998-10-01,25.88,30.00,25.75,29.75,243700,10.86
1998-09-30,26.25,26.62,25.50,26.50,228500,9.67
1998-09-29,25.13,25.88,25.13,25.88,33500,9.44
1998-09-28,27.00,27.00,25.25,25.25,143500,9.21
1998-09-25,27.31,27.31,26.00,26.12,100700,9.53
1998-09-24,27.37,27.84,27.25,27.37,76200,9.99
1998-09-23,25.25,27.37,25.25,27.13,165500,9.90
1998-09-22,25.25,26.12,24.87,26.12,55000,9.53
1998-09-21,24.50,25.50,24.50,25.13,71700,9.17
1998-09-18,25.75,26.56,25.50,25.88,307000,9.44
1998-09-17,25.75,25.94,24.87,25.37,166700,9.26
1998-09-16,25.50,26.00,25.25,25.88,234500,9.44
1998-09-15,25.25,25.50,25.25,25.44,65000,9.28
1998-09-14,25.50,26.62,24.50,25.88,95200,9.44
1998-09-11,24.25,25.25,24.25,25.13,22700,9.17
1998-09-10,25.62,25.62,24.50,24.50,24200,8.94
1998-09-09,26.50,26.50,25.00,25.00,44500,9.12
1998-09-08,25.00,26.62,25.00,25.88,181700,9.44
1998-09-04,23.75,25.62,23.75,25.13,55000,9.17
1998-09-03,25.50,25.94,23.75,24.50,212500,8.94
1998-09-02,24.50,26.41,24.50,25.94,105500,9.46
1998-09-01,22.63,25.22,22.50,24.91,188000,9.09
1998-08-31,24.12,24.25,22.63,22.63,155200,8.26
1998-08-28,24.25,24.75,24.00,24.19,239500,8.83
1998-08-27,24.00,24.50,23.56,24.38,538500,8.89
1998-08-26,25.13,25.13,24.50,24.63,159200,8.99
1998-08-25,25.00,25.50,24.25,25.19,169200,9.19
1998-08-24,25.06,25.25,24.72,24.94,97700,9.10
1998-08-21,26.00,26.00,24.66,24.87,33700,9.08
1998-08-20,25.25,26.00,25.25,25.66,28000,9.36
1998-08-19,27.00,27.00,25.37,26.25,81500,9.58
1998-08-18,25.88,27.50,25.81,27.37,78500,9.99
1998-08-17,25.50,26.25,25.25,25.25,29000,9.21
1998-08-14,26.25,26.38,25.88,25.88,3700,9.44
1998-08-13,27.25,27.25,25.37,25.50,117000,9.30
1998-08-12,25.50,27.69,25.50,27.63,104000,10.08
1998-08-11,26.75,26.88,24.75,24.87,176200,9.08
1998-08-10,27.50,27.87,27.13,27.19,79200,9.92
1998-08-07,27.13,28.06,27.13,28.06,188700,10.24
1998-08-06,24.50,28.00,24.06,26.81,646200,9.78
1998-08-05,24.00,24.50,23.12,24.50,247700,8.94
1998-08-04,25.31,25.44,23.38,23.38,594700,8.53
1998-08-03,25.56,25.94,25.37,25.37,92500,9.26
1998-07-31,26.00,26.38,25.62,25.88,75500,9.44
1998-07-30,25.37,26.38,25.37,25.81,485500,9.42
1998-07-29,25.62,25.75,25.25,25.50,152700,9.30
1998-07-28,23.75,25.62,23.50,25.50,348500,9.30
1998-07-27,23.62,23.62,21.56,23.50,226200,8.58
1998-07-24,24.63,24.75,23.75,23.84,634200,8.70
1998-07-23,25.37,25.41,24.38,25.00,235700,9.12
1998-07-22,26.50,26.50,25.37,25.41,139000,9.27
1998-07-21,26.88,26.88,26.25,26.25,134200,9.58
1998-07-20,27.13,27.13,26.75,26.88,183000,9.81
1998-07-17,25.62,27.00,25.62,27.00,783500,9.85
1998-07-16,25.62,26.00,25.13,25.75,232200,9.40
1998-07-15,26.50,26.50,25.62,25.88,359200,9.44
1998-07-14,27.25,27.63,26.75,26.81,165500,9.78
1998-07-13,27.25,27.63,27.25,27.31,49500,9.97
1998-07-10,27.63,27.81,27.37,27.50,197000,10.03
1998-07-09,27.81,27.91,27.50,27.63,106700,10.08
1998-07-08,28.00,28.25,27.63,28.00,137500,10.22
1998-07-07,28.41,28.62,28.00,28.00,120200,10.22
1998-07-06,28.38,28.50,28.38,28.44,176000,10.38
1998-07-02,28.50,28.50,28.22,28.44,522000,10.38
1998-07-01,28.38,28.59,28.38,28.50,365500,10.40
1998-06-30,28.50,28.62,28.38,28.38,206200,10.35
1998-06-29,29.00,29.00,28.50,28.62,446500,10.45
1998-06-26,28.88,29.25,28.88,29.12,406000,10.63
1998-06-25,28.75,29.25,28.75,28.88,816000,10.54
1998-06-24,28.88,28.88,27.87,28.38,593000,10.35
1998-06-23,29.38,29.50,28.62,28.75,73000,10.49
1998-06-22,27.50,29.25,27.50,28.62,314200,10.45
1998-06-19,28.12,28.12,26.50,27.50,806200,10.03
1998-06-18,32.00,32.00,27.87,27.87,1396700,10.17
1998-06-17,27.50,32.00,27.00,31.50,1675500,11.49
1998-06-16,25.25,26.38,25.00,26.06,161700,9.51
1998-06-15,25.00,25.25,24.63,24.75,38200,9.03
1998-06-12,25.00,25.62,25.00,25.62,132200,9.35
1998-06-11,25.50,25.50,24.31,25.00,99200,9.12
1998-06-10,26.12,26.12,25.75,25.81,14700,9.42
1998-06-09,26.03,26.38,25.94,26.12,275200,9.53
1998-06-08,25.37,26.25,25.37,25.88,153200,9.44
1998-06-05,25.00,25.88,25.00,25.50,205500,9.30
1998-06-04,25.37,25.88,25.25,25.25,301500,9.21
1998-06-03,25.75,25.94,25.37,25.94,45000,9.46
1998-06-02,26.88,26.88,25.75,26.00,94700,9.49
1998-06-01,26.88,27.00,26.38,26.38,127500,9.62
1998-05-29,27.00,27.00,26.50,26.62,348000,9.72
1998-05-28,26.12,26.88,26.00,26.88,89200,9.81
1998-05-27,27.37,27.69,26.38,26.38,82000,9.62
1998-05-26,27.25,28.25,27.25,27.37,1360200,9.99
1998-05-22,27.25,27.44,27.25,27.44,50500,10.01
1998-05-21,27.25,27.31,27.25,27.31,102500,9.97
1998-05-20,27.75,27.75,27.25,27.25,96000,9.94
1998-05-19,26.88,27.75,26.88,27.63,80500,10.08
1998-05-18,28.62,28.69,26.75,27.25,108000,9.94
1998-05-15,29.25,29.25,28.62,28.62,58200,10.45
1998-05-14,29.38,29.38,28.50,29.00,98200,10.58
1998-05-13,29.12,29.38,29.06,29.06,68500,10.60
1998-05-12,29.00,29.12,29.00,29.06,45700,10.60
1998-05-11,28.88,29.00,28.50,29.00,149000,10.58
1998-05-08,29.00,29.00,28.50,28.81,300500,10.51
1998-05-07,28.38,28.88,28.38,28.81,184000,10.51
1998-05-06,28.69,29.06,28.38,28.50,519700,10.40
1998-05-05,29.38,30.50,28.88,28.88,265700,10.54
1998-05-04,27.81,29.00,27.25,29.00,347200,10.58
1998-05-01,27.75,27.87,27.25,27.50,156000,10.03
1998-04-30,27.25,28.25,26.75,27.37,219700,9.99
1998-04-29,27.50,27.50,26.75,27.00,63000,9.85
1998-04-28,26.75,27.37,26.75,26.75,14000,9.76
1998-04-27,27.50,27.50,26.12,26.75,587000,9.76
1998-04-24,28.12,28.25,27.75,27.75,20000,10.13
1998-04-23,28.12,28.38,28.00,28.06,88000,10.24
1998-04-22,28.00,28.38,27.69,28.12,213700,10.26
1998-04-21,28.00,28.12,27.50,27.50,252700,10.03
1998-04-20,27.13,28.00,27.13,27.87,151500,10.17
1998-04-17,27.13,27.25,27.00,27.25,90200,9.94
1998-04-16,27.25,27.25,27.00,27.13,70200,9.90
1998-04-15,27.13,27.25,26.75,27.00,546700,9.85
1998-04-14,27.00,27.00,26.75,26.88,67500,9.81
1998-04-13,26.62,27.25,26.50,27.25,163700,9.94
1998-04-09,27.31,27.63,26.62,27.00,71700,9.85
1998-04-08,26.88,27.63,26.75,27.00,81700,9.85
1998-04-07,26.75,26.75,25.88,26.75,145000,9.76
1998-04-06,26.12,26.75,26.00,26.00,161000,9.49
1998-04-03,25.50,26.12,25.50,26.12,460500,9.53
1998-04-02,25.25,25.75,25.13,25.75,258200,9.40
1998-04-01,25.00,25.75,24.63,25.13,96500,9.17
1998-03-31,24.25,25.00,24.25,24.50,68000,8.94
1998-03-30,25.00,25.00,24.38,24.38,104500,8.89
1998-03-27,25.75,25.75,24.00,25.00,3011500,9.12
1998-03-26,25.75,25.75,25.25,25.37,40500,9.26
1998-03-25,25.75,25.75,25.25,25.25,452500,9.21
1998-03-24,25.25,25.75,25.25,25.62,49000,9.35
1998-03-23,25.75,26.38,25.25,25.25,78200,9.21
1998-03-20,26.12,26.62,25.75,25.75,112500,9.40
1998-03-19,26.12,26.62,26.00,26.00,91000,9.49
1998-03-18,26.88,26.88,26.38,26.50,317000,9.67
1998-03-17,26.88,26.88,26.50,26.62,315700,9.72
1998-03-16,26.88,27.00,26.50,26.75,284200,9.76
1998-03-13,26.50,26.88,26.25,26.69,161200,9.74
1998-03-12,26.50,26.62,26.25,26.38,493200,9.62
1998-03-11,26.50,26.75,26.38,26.38,567500,9.62
1998-03-10,25.37,26.38,25.37,26.31,673200,9.60
1998-03-09,24.50,25.88,24.50,25.50,381200,9.30
1998-03-06,25.37,25.37,24.63,24.63,111500,8.99
1998-03-05,24.63,25.37,24.12,25.06,261200,9.15
1998-03-04,24.63,24.63,24.12,24.38,143200,8.89
1998-03-03,24.25,24.56,23.62,24.56,686000,8.96
1998-03-02,24.87,25.00,24.00,24.00,1238700,8.76
1998-02-27,24.63,25.25,24.63,25.00,172000,9.12
1998-02-26,23.75,24.75,23.75,24.63,223700,8.99
1998-02-25,24.75,25.00,23.25,23.75,1197500,8.67
1998-02-24,24.12,25.62,24.12,25.00,389700,9.12
1998-02-23,24.25,24.25,23.94,24.12,200000,8.80
1998-02-20,23.50,24.06,23.50,24.00,171500,8.76
1998-02-19,23.38,23.98,23.00,23.88,98500,8.71
1998-02-18,23.00,23.75,23.00,23.12,219500,8.44
1998-02-17,22.00,23.75,21.88,23.38,347200,8.53
1998-02-13,21.38,22.00,21.38,21.88,31200,7.98
1998-02-12,21.62,21.62,21.56,21.62,13500,7.89
1998-02-11,21.12,21.75,21.12,21.62,78000,7.89
1998-02-10,20.88,21.25,20.88,21.25,13000,7.75
1998-02-09,20.75,21.12,20.75,21.12,19200,7.71
1998-02-06,21.25,21.56,20.75,21.00,70200,7.66
1998-02-05,22.00,22.00,21.25,21.25,121200,7.75
1998-02-04,21.50,21.62,21.38,21.44,19500,7.82
1998-02-03,21.69,21.75,21.38,21.62,225200,7.89
1998-02-02,21.38,22.06,21.38,21.88,276700,7.98
1998-01-30,21.12,21.50,21.12,21.50,26200,7.85
1998-01-29,21.00,21.50,21.00,21.38,33200,7.80
1998-01-28,20.37,21.25,20.37,21.25,163200,7.75
1998-01-27,20.62,20.88,20.37,20.62,308200,7.53
1998-01-26,20.62,20.88,20.37,20.81,98500,7.59
1998-01-23,20.75,20.88,20.62,20.62,34500,7.53
1998-01-22,20.13,20.44,20.13,20.44,15000,7.46
1998-01-21,21.50,21.50,20.25,20.25,138700,7.39
1998-01-20,20.75,21.38,20.56,21.25,56000,7.75
1998-01-16,20.00,20.50,19.87,20.50,36700,7.48
1998-01-15,19.75,20.00,19.50,19.87,44700,7.25
1998-01-14,19.50,20.13,19.50,19.75,149500,7.21
1998-01-13,18.75,19.50,18.62,19.50,142700,7.12
1998-01-12,18.62,18.62,18.25,18.62,169200,6.80
1998-01-09,19.25,19.25,18.56,18.69,488500,6.82
1998-01-08,19.38,19.62,19.19,19.25,129200,7.02
1998-01-07,19.62,20.00,19.38,19.75,228200,7.21
1998-01-06,19.50,19.50,18.88,19.50,53200,7.12
1998-01-05,18.25,19.25,18.25,19.06,886000,6.96
1998-01-02,20.50,20.50,18.00,18.00,171200,6.57
1997-12-31,20.62,20.75,20.25,20.50,273700,7.48
1997-12-30,21.50,21.50,20.50,20.62,221700,7.53
1997-12-29,21.44,21.47,21.25,21.25,262000,7.75
1997-12-26,21.50,21.50,21.44,21.50,11700,7.85
1997-12-24,21.75,21.81,21.00,21.50,568700,7.85
1997-12-23,21.50,22.00,21.50,22.00,67700,8.03
1997-12-22,20.81,21.50,20.81,21.12,97500,7.71
1997-12-19,21.00,21.12,20.75,21.00,37700,7.66
1997-12-18,21.97,22.25,21.38,21.38,103500,7.80
1997-12-17,21.00,22.00,21.00,22.00,161200,8.03
1997-12-16,19.81,20.75,19.75,20.75,196000,7.57
1997-12-15,19.62,19.62,19.38,19.62,37200,7.16
1997-12-12,20.50,20.62,19.25,19.75,163500,7.21
1997-12-11,20.78,20.78,20.25,20.50,66000,7.48
1997-12-10,20.88,21.12,20.88,21.00,118000,7.66
1997-12-09,20.81,21.19,20.81,21.00,184200,7.66
1997-12-08,20.69,21.00,20.69,21.00,61200,7.66
1997-12-05,20.37,20.75,20.00,20.50,265000,7.48
1997-12-04,20.62,20.69,20.25,20.50,1219500,7.48
1997-12-03,20.97,21.12,20.50,20.75,730500,7.57
1997-12-02,21.62,21.81,20.62,20.94,417500,7.64
1997-12-01,22.63,22.75,21.56,21.75,231500,7.94
1997-11-28,23.31,23.31,22.50,22.50,57700,8.21
1997-11-26,23.12,23.50,23.06,23.12,59000,8.44
1997-11-25,23.25,23.50,23.19,23.19,31500,8.46
1997-11-24,23.50,23.69,23.25,23.31,112200,8.51
1997-11-21,23.94,24.00,23.75,24.00,40500,8.76
1997-11-20,23.38,24.00,23.38,23.88,83500,8.71
1997-11-19,23.50,23.62,23.38,23.62,27700,8.62
1997-11-18,23.88,24.00,23.62,23.75,82200,8.67
1997-11-17,24.25,24.25,23.75,23.88,137700,8.71
1997-11-14,23.50,24.12,23.00,23.94,119200,8.73
1997-11-13,22.50,23.50,22.50,23.28,56700,8.50
1997-11-12,22.75,22.75,22.25,22.50,64500,8.21
1997-11-11,22.75,22.75,22.75,22.75,000,8.30
1997-11-10,22.50,22.75,22.13,22.75,33200,8.30
1997-11-07,22.00,22.44,21.88,22.00,326200,8.03
1997-11-06,22.87,23.06,22.37,22.37,95200,8.16
1997-11-05,22.63,22.87,22.50,22.87,3700,8.35
1997-11-04,22.69,22.87,22.50,22.75,89200,8.30
1997-11-03,22.25,22.87,22.00,22.87,308200,8.35
1997-10-31,21.75,22.25,21.62,22.25,26700,8.12
1997-10-30,21.50,22.00,21.38,21.75,397700,7.94
1997-10-29,21.50,22.37,21.50,22.37,448200,8.16
1997-10-28,18.62,20.88,18.00,20.88,433000,7.62
1997-10-27,21.00,21.00,18.62,18.62,195000,6.80
1997-10-24,21.25,21.25,20.88,21.00,115700,7.66
1997-10-23,21.25,21.75,21.12,21.25,31500,7.75
1997-10-22,21.12,22.50,20.75,22.13,341200,8.07
1997-10-21,21.12,21.12,20.75,20.88,432700,7.62
1997-10-20,20.75,21.38,20.75,21.12,157700,7.71
1997-10-17,21.50,21.75,20.50,20.62,92500,7.53
1997-10-16,22.75,23.00,21.88,21.94,86700,8.00
1997-10-15,22.75,23.00,22.75,22.87,155700,8.35
1997-10-14,23.00,23.38,22.87,23.12,433500,8.44
1997-10-13,23.00,23.06,23.00,23.06,6200,8.42
1997-10-10,23.00,23.31,23.00,23.31,320200,8.51
1997-10-09,23.50,23.50,23.00,23.25,183700,8.48
1997-10-08,23.50,23.75,23.12,23.50,205500,8.58
1997-10-07,22.87,23.38,22.87,23.00,397700,8.39
1997-10-06,23.38,23.38,22.87,23.25,50200,8.48
1997-10-03,22.50,23.12,22.37,23.12,273200,8.44
1997-10-02,22.50,22.50,21.75,22.37,294000,8.16
1997-10-01,22.50,22.75,22.50,22.50,37700,8.21
1997-09-30,22.50,23.00,22.50,22.72,288700,8.29
1997-09-29,22.87,23.38,22.56,22.63,193700,8.26
1997-09-26,22.75,22.87,22.69,22.75,108200,8.30
1997-09-25,23.00,23.12,22.75,22.75,163000,8.30
1997-09-24,22.00,23.12,21.62,22.75,461200,8.30
1997-09-23,20.88,22.00,20.88,22.00,230000,8.03
1997-09-22,22.75,22.75,20.75,21.44,226000,7.82
1997-09-19,22.50,23.00,22.25,22.37,91200,8.16
1997-09-18,24.00,24.00,22.63,22.63,169700,8.26
1997-09-17,23.94,24.00,23.50,24.00,66000,8.76
1997-09-16,23.75,24.12,23.75,23.94,84700,8.73
1997-09-15,24.00,24.25,23.75,23.75,164000,8.67
1997-09-12,23.81,24.00,23.62,23.81,111200,8.69
1997-09-11,23.81,24.00,23.50,23.88,279000,8.71
1997-09-10,24.00,24.00,23.62,23.62,488200,8.62
1997-09-09,24.12,24.12,23.88,24.00,215000,8.76
1997-09-08,23.50,24.00,23.38,23.88,718500,8.71
1997-09-05,22.87,23.50,22.75,23.38,171000,8.53
1997-09-04,22.75,22.87,22.50,22.78,89200,8.31
1997-09-03,22.75,23.12,22.50,22.75,40200,8.30
1997-09-02,22.13,23.12,22.13,22.87,277700,8.35
1997-08-29,22.16,22.25,22.06,22.25,92500,8.12
1997-08-28,22.19,22.25,22.06,22.13,157500,8.07
1997-08-27,22.31,22.31,22.13,22.22,221700,8.11
1997-08-26,22.00,22.37,21.50,22.25,395000,8.12
1997-08-25,20.69,22.00,20.37,21.88,215500,7.98
1997-08-22,20.25,20.62,20.25,20.62,61500,7.53
1997-08-21,20.56,20.69,20.50,20.62,205700,7.53
1997-08-20,20.37,20.62,20.13,20.50,165500,7.48
1997-08-19,20.50,20.50,20.13,20.44,179700,7.46
1997-08-18,20.37,20.50,20.37,20.41,107700,7.45
1997-08-15,20.13,20.62,20.13,20.31,302000,7.41
1997-08-14,20.00,20.50,20.00,20.25,241700,7.39
1997-08-13,19.87,20.00,19.75,19.87,202000,7.25
1997-08-12,19.13,20.13,19.13,19.75,288500,7.21
1997-08-11,19.00,19.00,18.50,19.00,169000,6.93
1997-08-08,20.00,20.00,18.62,18.62,164700,6.80
1997-08-07,20.50,20.50,20.00,20.25,264500,7.39
1997-08-06,19.87,20.50,19.87,20.37,413700,7.43
1997-08-05,19.50,20.13,19.25,20.13,1010500,7.34
1997-08-04,19.13,19.75,18.62,19.38,699200,7.07
1997-08-01,18.50,18.50,18.25,18.31,165200,6.68
1997-07-31,18.37,18.50,18.19,18.50,124200,6.75
1997-07-30,17.88,18.25,17.75,18.00,108000,6.57
1997-07-29,18.12,18.25,17.00,17.88,613700,6.52
1997-07-28,18.12,18.25,18.12,18.19,101000,6.64
1997-07-25,18.50,18.50,18.12,18.12,16200,6.61
1997-07-24,18.25,18.50,18.00,18.25,160200,6.66
1997-07-23,18.50,18.62,18.25,18.25,103000,6.66
1997-07-22,18.62,18.75,18.56,18.56,272500,6.77
1997-07-21,18.69,18.75,18.50,18.50,16000,6.75
1997-07-18,18.37,18.75,18.37,18.62,345000,6.80
1997-07-17,18.88,18.88,17.75,18.62,389000,6.80
1997-07-16,18.88,19.00,18.88,18.88,65200,6.89
1997-07-15,18.88,19.25,18.88,19.25,80500,7.02
1997-07-14,18.75,19.13,18.75,19.06,113000,6.96
1997-07-11,19.00,19.13,18.88,18.94,133200,6.91
1997-07-10,19.00,19.13,18.50,19.00,523700,6.93
1997-07-09,19.13,19.38,19.00,19.25,46200,7.02
1997-07-08,18.50,19.38,18.50,19.38,184200,7.07
1997-07-07,19.50,19.50,18.75,18.75,68000,6.84
1997-07-03,19.50,19.62,19.38,19.62,38700,7.16
1997-07-02,19.38,19.50,19.25,19.25,110500,7.02
1997-07-01,19.75,19.87,19.50,19.50,443200,7.12
1997-06-30,19.75,20.00,19.62,19.87,212700,7.25
1997-06-27,20.00,20.00,19.75,19.75,329200,7.21
1997-06-26,19.94,20.13,19.75,20.00,153700,7.30
1997-06-25,20.00,20.06,19.75,19.94,51700,7.28
1997-06-24,19.87,20.06,19.62,19.75,223700,7.21
1997-06-23,19.75,19.75,19.62,19.75,74000,7.21
1997-06-20,20.00,20.00,19.50,19.62,632700,7.16
1997-06-19,20.00,20.62,19.75,20.25,1266000,7.39
1997-06-18,18.75,20.25,18.50,20.00,1429200,7.30
1997-06-17,17.37,18.62,17.25,18.62,800500,6.80
1997-06-16,17.69,17.69,17.50,17.50,145500,6.39
1997-06-13,17.75,18.00,17.50,17.69,543200,6.45
1997-06-12,18.75,18.88,17.88,18.00,233200,6.57
1997-06-11,18.69,18.88,18.50,18.50,220200,6.75
1997-06-10,19.13,19.44,18.50,18.75,422000,6.84
1997-06-09,19.62,19.62,19.00,19.13,187200,6.98
1997-06-06,19.50,19.75,19.50,19.50,321700,7.12
1997-06-05,19.87,19.87,19.38,19.62,38700,7.16
1997-06-04,19.62,19.75,19.38,19.38,7200,7.07
1997-06-03,19.75,19.75,19.38,19.69,291000,7.18
1997-06-02,19.25,19.87,19.00,19.87,106500,7.25
1997-05-30,19.00,19.25,18.62,19.25,143000,7.02
1997-05-29,18.25,19.13,18.25,19.00,114500,6.93
1997-05-28,17.75,18.37,17.75,18.37,112000,6.70
1997-05-27,17.94,18.12,17.75,17.75,62200,6.48
1997-05-23,18.00,18.00,17.75,17.75,98500,6.48
1997-05-22,17.69,17.94,17.69,17.88,171500,6.52
1997-05-21,17.88,17.88,17.63,17.75,57500,6.48
1997-05-20,17.88,17.88,17.63,17.88,23700,6.52
1997-05-19,17.88,17.88,17.25,17.75,292000,6.48
1997-05-16,18.37,18.50,17.50,17.75,257700,6.48
1997-05-15,18.50,18.75,18.25,18.50,228500,6.75
1997-05-14,17.25,18.88,17.25,18.50,811000,6.75
1997-05-13,17.25,17.37,17.25,17.25,67700,6.29
1997-05-12,17.50,17.63,17.25,17.44,1207700,6.36
1997-05-09,17.50,17.75,17.37,17.75,388000,6.48
1997-05-08,17.63,18.00,17.37,17.44,207500,6.36
1997-05-07,18.00,18.12,17.50,17.88,468200,6.52
1997-05-06,17.25,18.00,16.88,17.63,519700,6.43
1997-05-05,15.38,17.00,15.25,17.00,685200,6.20
1997-05-02,14.13,14.87,14.13,14.75,95500,5.38
1997-05-01,14.13,14.25,14.00,14.25,48200,5.20
1997-04-30,14.13,14.25,14.00,14.00,167200,5.11
1997-04-29,14.00,14.25,14.00,14.25,90200,5.20
1997-04-28,14.00,14.50,14.00,14.06,502200,5.13
1997-04-25,14.62,14.62,14.00,14.25,108200,5.20
1997-04-24,14.50,14.62,14.50,14.50,55700,5.29
1997-04-23,14.25,14.62,14.25,14.50,106000,5.29
1997-04-22,14.25,14.62,14.13,14.38,146000,5.25
1997-04-21,13.88,14.25,13.88,14.13,106000,5.15
1997-04-18,14.00,14.25,13.88,13.88,128700,5.06
1997-04-17,13.88,14.50,13.88,14.13,134000,5.15
1997-04-16,13.88,14.13,13.88,14.00,18200,5.11
1997-04-15,14.00,14.25,13.75,14.25,63200,5.20
1997-04-14,13.75,14.00,13.50,13.75,59200,5.02
1997-04-11,14.00,14.38,13.88,13.88,82500,5.06
1997-04-10,13.88,14.38,13.88,14.38,56000,5.25
1997-04-09,13.62,14.25,13.62,14.13,50000,5.15
1997-04-08,13.50,14.00,13.50,13.62,52500,4.97
1997-04-07,13.62,13.62,13.37,13.37,5500,4.88
1997-04-04,13.25,13.62,13.25,13.62,181000,4.97
1997-04-03,13.25,13.50,13.25,13.37,31200,4.88
1997-04-02,13.75,13.75,13.25,13.37,167700,4.88
1997-04-01,14.13,14.25,13.75,13.94,188000,5.09
1997-03-31,14.50,14.50,14.13,14.38,103200,5.25
1997-03-27,14.50,15.25,14.50,14.50,404500,5.29
1997-03-26,13.50,14.87,13.50,14.87,85500,5.43
1997-03-25,13.75,14.00,13.50,13.75,182000,5.02
1997-03-24,13.50,13.75,13.25,13.75,82000,5.02
1997-03-21,13.00,13.50,13.00,13.50,152200,4.93
1997-03-20,13.50,13.50,12.88,13.25,141200,4.83
1997-03-19,12.00,13.00,12.00,13.00,343500,4.74
1997-03-18,12.37,12.37,11.75,12.12,528500,4.42
1997-03-17,12.37,12.50,12.00,12.31,186700,4.49
1997-03-14,12.50,12.50,12.00,12.50,389200,4.56
1997-03-13,12.25,12.63,12.25,12.37,125200,4.52
1997-03-12,12.50,13.00,12.37,12.37,227200,4.52
1997-03-11,12.75,13.00,12.50,13.00,46700,4.74
1997-03-10,12.88,12.88,12.37,12.88,47500,4.70
1997-03-07,11.88,13.00,11.88,12.88,3256500,4.70
1997-03-06,12.37,12.37,12.00,12.25,162200,4.47
1997-03-05,12.75,13.00,12.25,12.50,293500,4.56
1997-03-04,13.62,13.75,12.88,12.88,172500,4.70
1997-03-03,13.75,13.88,13.25,13.56,951200,4.95
1997-02-28,14.13,14.13,13.62,13.88,38500,5.06
1997-02-27,14.13,14.13,13.88,14.00,43200,5.11
1997-02-26,14.13,14.13,13.88,14.13,78700,5.15
1997-02-25,13.88,14.13,13.62,14.13,142700,5.15
1997-02-24,14.00,14.13,13.62,13.88,79200,5.06
1997-02-21,14.00,15.00,13.75,13.75,324700,5.02
1997-02-20,14.75,14.75,14.25,14.25,71000,5.20
1997-02-19,13.75,14.87,13.75,14.75,118700,5.38
1997-02-18,14.25,14.25,13.62,14.13,72000,5.15
1997-02-14,13.75,14.25,13.62,14.00,300000,5.11
1997-02-13,14.75,14.75,13.50,13.75,4375200,5.02
1997-02-12,14.25,14.25,14.25,14.25,8200,5.20
1997-02-11,14.38,14.87,14.25,14.50,25500,5.29
1997-02-10,15.13,15.13,14.38,14.38,69700,5.25
1997-02-07,15.13,15.13,14.75,14.75,199200,5.38
1997-02-06,14.50,15.06,14.25,15.00,102500,5.47
1997-02-05,15.75,15.87,14.50,14.75,113500,5.38
1997-02-04,16.50,16.50,16.00,16.00,42000,5.84
1997-02-03,16.38,16.50,16.38,16.50,22500,6.02
1997-01-31,16.38,16.50,16.38,16.44,8700,6.00
1997-01-30,16.38,16.50,16.38,16.50,293000,6.02
1997-01-29,16.38,16.50,16.38,16.38,183000,5.98
1997-01-28,16.38,16.38,16.12,16.38,15000,5.98
1997-01-27,16.12,16.38,16.12,16.38,7500,5.98
1997-01-24,17.12,17.12,16.12,16.38,59000,5.98
1997-01-23,16.88,17.12,16.75,17.00,190200,6.20
1997-01-22,17.12,17.12,16.88,17.00,63500,6.20
1997-01-21,17.25,17.50,17.00,17.00,89700,6.20
1997-01-20,17.25,17.25,17.00,17.25,180000,6.29
1997-01-17,17.37,17.37,16.88,17.25,146500,6.29
1997-01-16,17.25,17.25,16.81,16.88,83700,6.16
1997-01-15,16.75,17.25,16.25,17.12,301700,6.25
1997-01-14,16.63,16.75,16.12,16.63,296000,6.07
1997-01-13,16.63,16.63,16.12,16.50,128000,6.02
1997-01-10,16.63,16.63,16.12,16.12,86700,5.88
1997-01-09,16.75,16.75,16.31,16.50,59200,6.02
1997-01-08,15.75,17.12,15.25,16.25,446000,5.93
1997-01-07,14.25,15.00,14.25,14.87,200000,5.43
1997-01-06,14.25,14.25,14.00,14.25,35500,5.20
1997-01-03,14.13,14.25,14.00,14.13,106200,5.15
1997-01-02,14.50,14.50,13.50,14.00,144000,5.11
1996-12-31,14.50,14.62,14.13,14.50,66700,5.29
1996-12-30,14.75,14.75,14.13,14.62,113500,5.34
1996-12-27,15.00,15.00,14.38,14.87,91700,5.43
1996-12-26,14.75,15.00,14.25,15.00,1092200,5.47
1996-12-24,15.13,15.13,14.50,15.13,244700,5.52
1996-12-23,14.50,15.13,14.50,15.13,30700,5.52
1996-12-20,15.25,15.25,14.50,14.75,440700,5.38
1996-12-19,14.62,15.38,14.62,15.25,362500,5.56
1996-12-18,15.25,15.62,14.62,14.62,185000,5.34
1996-12-17,15.25,15.56,15.25,15.50,79500,5.66
1996-12-16,15.62,15.69,15.25,15.50,258200,5.66
1996-12-13,15.25,15.75,15.13,15.75,1261700,5.75
1996-12-12,15.38,15.62,15.25,15.50,647200,5.66
1996-12-11,15.38,16.00,15.25,15.50,348000,5.66
1996-12-10,15.50,16.12,15.25,16.00,218000,5.84
1996-12-09,15.75,15.94,15.50,15.84,34200,5.78
1996-12-06,16.12,16.25,15.50,15.87,1035200,5.79
1996-12-05,16.38,16.50,16.00,16.38,537700,5.98
1996-12-04,17.00,17.00,16.00,16.75,120000,6.11
1996-12-03,17.25,17.25,17.00,17.00,131500,6.20
1996-12-02,18.50,18.50,16.75,17.25,325500,6.29
1996-11-29,19.38,19.38,18.25,18.25,95000,6.66
1996-11-27,19.00,19.38,19.00,19.38,69500,7.07
1996-11-26,18.62,19.75,18.50,19.00,413500,6.93
1996-11-25,17.50,18.00,17.25,18.00,322700,6.57
1996-11-22,18.00,18.00,16.50,17.37,588500,6.34
1996-11-21,19.00,19.00,17.75,18.00,65000,6.57
1996-11-20,19.00,19.25,19.00,19.25,700,7.02
1996-11-19,20.25,20.75,19.25,19.25,125200,7.02
1996-11-18,20.50,20.75,20.50,20.50,63200,7.48
1996-11-15,21.25,21.38,20.50,20.62,108500,7.53
1996-11-14,21.25,21.75,21.12,21.25,21000,7.75
1996-11-13,21.75,21.75,21.25,21.50,52700,7.85
1996-11-12,22.13,22.37,21.75,21.88,175700,7.98
1996-11-11,21.62,22.50,21.62,22.13,103700,8.07
1996-11-08,20.25,22.75,20.25,22.00,496700,8.03
1996-11-07,19.25,20.50,19.25,20.50,75700,7.48
1996-11-06,20.00,20.00,19.25,20.00,2000,7.30
1996-11-05,19.13,20.00,19.00,20.00,47200,7.30
1996-11-04,18.75,19.75,18.75,19.75,47700,7.21
1996-11-01,19.00,19.25,18.50,19.13,44200,6.98
1996-10-31,18.50,19.00,18.50,19.00,16500,6.93
1996-10-30,18.50,19.00,18.50,19.00,137700,6.93
1996-10-29,19.50,19.50,18.50,18.75,139700,6.84
1996-10-28,19.38,19.50,19.00,19.00,195200,6.93
1996-10-25,19.38,19.50,19.25,19.50,27700,7.12
1996-10-24,19.50,19.75,19.25,19.25,348200,7.02
1996-10-23,19.75,20.00,19.25,19.38,40500,7.07
1996-10-22,19.94,20.25,19.38,19.87,309500,7.25
1996-10-21,20.13,20.25,19.75,19.75,164000,7.21
1996-10-18,20.00,20.37,19.75,19.75,13500,7.21
1996-10-17,20.25,20.62,20.00,20.00,396200,7.30
1996-10-16,20.00,20.62,20.00,20.00,74000,7.30
1996-10-15,20.00,20.62,20.00,20.13,996500,7.34
1996-10-14,20.25,20.62,20.00,20.62,87500,7.53
1996-10-11,20.75,20.75,20.25,20.75,754700,7.57
1996-10-10,20.25,21.38,20.25,20.62,335500,7.53
1996-10-09,19.00,21.00,18.50,20.25,807200,7.39
1996-10-08,18.75,19.00,18.50,19.00,97000,6.93
1996-10-07,18.25,18.50,18.25,18.50,66700,6.75
1996-10-04,18.75,18.75,18.12,18.44,197700,6.73
1996-10-03,18.12,18.37,18.00,18.00,19500,6.57
1996-10-02,18.62,18.62,18.00,18.62,9700,6.80
1996-10-01,18.25,18.62,18.25,18.25,69000,6.66
1996-09-30,18.50,18.75,18.25,18.75,200700,6.84
1996-09-27,18.25,18.50,18.25,18.50,9500,6.75
1996-09-26,18.50,18.50,18.25,18.37,40200,6.70
1996-09-25,18.00,18.75,17.75,18.25,285000,6.66
1996-09-24,18.37,18.75,18.00,18.50,81500,6.75
1996-09-23,18.50,18.75,18.25,18.75,115200,6.84
1996-09-20,18.50,18.75,18.00,18.75,276200,6.84
1996-09-19,19.25,19.25,18.88,18.88,105500,6.89
1996-09-18,19.00,19.25,18.75,19.00,437500,6.93
1996-09-17,18.75,19.06,18.75,18.75,95200,6.84
1996-09-16,18.12,19.25,18.12,19.25,125000,7.02
1996-09-13,17.75,18.62,17.75,18.50,281700,6.75
1996-09-12,18.00,18.00,17.37,18.00,29700,6.57
1996-09-11,17.63,18.00,17.37,18.00,52000,6.57
1996-09-10,17.37,17.75,16.75,17.63,91500,6.43
1996-09-09,17.25,17.75,17.12,17.19,26700,6.27
1996-09-06,17.81,17.81,17.37,17.37,298500,6.34
1996-09-05,17.63,17.75,17.50,17.75,91700,6.48
1996-09-04,17.25,17.75,17.19,17.50,36500,6.39
1996-09-03,17.50,18.00,17.00,17.12,95000,6.25
1996-08-30,18.62,18.62,17.50,17.63,76000,6.43
1996-08-29,19.25,19.38,18.62,18.62,48200,6.80
1996-08-28,18.62,19.13,18.62,19.00,73500,6.93
1996-08-27,18.50,19.13,18.50,19.13,38700,6.98
1996-08-26,18.25,19.25,18.25,18.75,117700,6.84
1996-08-23,18.00,18.25,17.88,18.25,59200,6.66
1996-08-22,16.75,18.00,16.25,18.00,895200,6.57
1996-08-21,17.00,17.25,16.38,16.75,95500,6.11
1996-08-20,17.88,17.88,17.25,17.25,62200,6.29
1996-08-19,18.75,19.25,17.00,18.00,190200,6.57
1996-08-16,18.75,19.25,18.75,19.25,22700,7.02
1996-08-15,20.00,20.00,19.00,19.00,61500,6.93
1996-08-14,21.00,21.25,19.94,20.25,85200,7.39
1996-08-13,21.25,21.75,21.00,21.12,100700,7.71
1996-08-12,21.25,22.00,21.00,21.50,77200,7.85
1996-08-09,21.50,21.50,20.62,21.12,179700,7.71
1996-08-08,20.62,21.25,20.25,21.12,57200,7.71
1996-08-07,20.50,20.75,20.25,20.75,8000,7.57
1996-08-06,21.00,21.00,20.50,20.75,7700,7.57
1996-08-05,20.62,21.00,20.25,20.62,90200,7.53
1996-08-02,20.62,20.81,20.37,20.75,40500,7.57
1996-08-01,20.00,20.44,19.50,20.44,132500,7.46
1996-07-31,19.50,20.00,19.50,19.75,373500,7.21
1996-07-30,18.75,20.00,18.75,19.75,324000,7.21
1996-07-29,19.50,19.50,18.88,18.88,43700,6.89
1996-07-26,19.00,19.38,18.75,18.88,346700,6.89
1996-07-25,19.50,20.00,19.00,19.00,221000,6.93
1996-07-24,19.50,20.00,19.25,19.25,3200,7.02
1996-07-23,20.25,20.62,19.75,19.75,85700,7.21
1996-07-22,20.13,20.25,19.25,20.00,187700,7.30
1996-07-19,19.75,19.75,19.25,19.25,140200,7.02
1996-07-18,18.75,19.50,18.50,19.50,182000,7.12
1996-07-17,18.88,19.00,17.00,18.12,433000,6.61
1996-07-16,19.50,19.50,16.75,17.75,517700,6.48
1996-07-15,22.25,22.25,18.75,19.62,622000,7.16
1996-07-12,22.75,23.00,22.25,22.25,64000,8.12
1996-07-11,23.50,23.50,23.00,23.00,72200,8.39
1996-07-10,24.00,24.25,23.50,24.25,29700,8.85
1996-07-09,24.12,24.50,23.81,24.50,54700,8.94
1996-07-08,24.50,24.63,23.88,24.00,121500,8.76
1996-07-05,24.56,25.00,24.50,25.00,7500,9.12
1996-07-03,25.25,25.25,24.50,24.75,54200,9.03
1996-07-02,25.75,25.75,24.75,25.25,244000,9.21
1996-07-01,25.00,26.00,25.00,26.00,156000,9.49
1996-06-28,24.00,25.50,24.00,25.50,1127000,9.30
1996-06-27,23.25,24.00,22.87,24.00,142000,8.76
1996-06-26,24.00,24.00,23.25,23.25,264200,8.48
1996-06-25,24.25,24.75,24.00,24.00,165700,8.76
1996-06-24,24.25,24.75,23.25,24.50,191000,8.94
1996-06-21,25.25,25.75,24.75,24.75,20700,9.03
1996-06-20,25.50,25.88,25.25,25.37,166000,9.26
1996-06-19,26.25,26.25,25.50,25.50,102200,9.30
1996-06-18,25.75,26.00,25.50,25.50,25700,9.30
1996-06-17,25.75,26.25,25.75,25.75,85200,9.40
1996-06-14,26.50,26.50,25.75,25.75,58700,9.40
1996-06-13,26.00,26.38,25.75,26.00,76200,9.49
1996-06-12,25.50,27.00,24.75,26.25,327700,9.58
1996-06-11,25.00,25.75,24.75,25.25,178200,9.21
1996-06-10,25.25,25.75,25.00,25.00,114500,9.12
1996-06-07,25.00,25.50,25.00,25.00,42500,9.12
1996-06-06,26.00,26.00,26.00,26.00,500,9.49
1996-06-05,26.75,26.75,26.00,26.75,22500,9.76
1996-06-04,26.62,26.75,26.00,26.75,75200,9.76
1996-06-03,26.25,27.00,26.25,26.25,11500,9.58
1996-05-31,26.25,27.00,26.25,27.00,33000,9.85
1996-05-30,26.25,27.00,26.25,26.75,78200,9.76
1996-05-29,27.37,27.75,27.00,27.50,26200,10.03
1996-05-28,28.25,28.62,27.00,27.75,173200,10.13
1996-05-24,28.00,28.62,28.00,28.62,187700,10.45
1996-05-23,27.63,28.75,27.25,28.25,546000,10.31
1996-05-22,27.75,28.12,27.00,27.50,340700,10.03
1996-05-21,27.50,27.75,27.25,27.63,183000,10.08
1996-05-20,26.38,27.75,26.38,27.63,135200,10.08
1996-05-17,26.50,27.00,26.00,27.00,1537700,9.85
1996-05-16,25.50,26.62,25.37,26.50,765700,9.67
1996-05-15,25.13,26.00,25.13,25.50,261000,9.30
1996-05-14,24.87,25.75,24.75,25.62,246000,9.35
1996-05-13,25.50,25.50,24.50,25.25,316200,9.21
1996-05-10,24.25,25.88,24.25,25.25,650000,9.21
1996-05-09,23.75,24.25,23.00,23.75,220000,8.67
1996-05-08,22.37,23.50,22.25,23.50,207200,8.58
1996-05-07,20.88,22.75,20.88,22.00,178700,8.03
1996-05-06,21.25,21.25,20.50,21.25,78200,7.75
1996-05-03,20.50,21.25,20.50,20.62,18700,7.53
1996-05-02,21.25,21.88,20.50,20.50,74500,7.48
1996-05-01,21.25,21.88,21.25,21.50,73700,7.85
1996-04-30,21.50,21.88,21.00,21.50,189000,7.85
1996-04-29,20.37,21.50,20.37,21.38,372700,7.80
1996-04-26,20.75,20.75,20.00,20.56,164700,7.50
1996-04-25,20.75,20.75,20.25,20.25,73000,7.39
1996-04-24,20.00,20.50,19.50,20.37,163200,7.43
1996-04-23,19.50,20.00,19.50,19.50,257200,7.12
1996-04-22,19.25,20.00,19.25,20.00,64700,7.30
1996-04-19,19.75,19.75,19.25,19.75,77200,7.21
1996-04-18,19.25,20.00,19.25,19.25,133700,7.02
1996-04-17,19.75,19.75,19.25,19.25,313200,7.02
1996-04-16,19.25,20.00,18.62,19.25,1230500,7.02
1996-04-15,19.00,19.25,18.62,18.75,28000,6.84
1996-04-12,17.50,19.25,17.50,19.00,301500,6.93
1996-04-11,17.37,18.00,17.37,18.00,197700,6.57
1996-04-10,17.25,17.75,17.25,17.63,86000,6.43
1996-04-09,17.00,17.50,17.00,17.37,192000,6.34
1996-04-08,17.00,17.75,17.00,17.25,57700,6.29
1996-04-04,17.25,17.50,17.25,17.25,336200,6.29
1996-04-03,17.75,17.75,17.25,17.25,29500,6.29
1996-04-02,17.50,17.75,17.25,17.25,50500,6.29
1996-04-01,17.37,17.75,17.37,17.50,35700,6.39
1996-03-29,17.50,18.25,17.25,17.37,133200,6.34
1996-03-28,17.50,18.25,17.50,17.63,50700,6.43
1996-03-27,17.25,18.50,17.25,17.50,371700,6.39
1996-03-26,16.88,17.25,16.88,17.25,112000,6.29
1996-03-25,17.00,17.25,16.75,16.88,177700,6.16
1996-03-22,17.00,17.75,16.75,17.75,306200,6.48
1996-03-21,16.75,17.00,16.50,16.50,536500,6.02
1996-03-20,16.75,16.88,16.25,16.63,27700,6.07
1996-03-19,16.25,16.75,15.62,16.75,1109000,6.11
1996-03-18,16.00,16.50,15.50,15.81,114700,5.77
1996-03-15,15.75,16.50,15.75,16.00,567700,5.84
1996-03-14,16.00,16.50,15.50,16.12,345000,5.88
1996-03-13,15.25,15.87,15.25,15.75,744200,5.75
1996-03-12,15.25,16.00,15.25,15.38,278000,5.61
1996-03-11,15.87,16.00,15.62,16.00,17500,5.84
1996-03-08,17.00,17.00,15.25,16.00,103200,5.84
1996-03-07,16.50,17.12,16.50,17.00,212000,6.20
1996-03-06,16.25,17.00,16.25,16.50,18700,6.02
1996-03-05,16.50,16.50,16.00,16.50,181000,6.02
1996-03-04,17.12,17.12,16.00,16.25,93700,5.93
1996-03-01,16.75,17.25,16.75,16.88,91700,6.16
1996-02-29,17.25,17.50,16.75,16.94,108000,6.18
1996-02-28,17.25,17.37,16.50,17.25,336700,6.29
1996-02-27,17.00,17.25,16.25,16.63,88500,6.07
1996-02-26,16.50,17.00,16.25,17.00,500700,6.20
1996-02-23,16.25,16.75,16.25,16.25,68200,5.93
1996-02-22,16.25,16.75,16.25,16.69,122700,6.09
1996-02-21,16.00,16.75,16.00,16.75,81700,6.11
1996-02-20,16.50,16.75,16.00,16.50,18000,6.02
1996-02-16,16.25,16.75,16.25,16.63,47200,6.07
1996-02-15,15.25,16.75,15.25,16.75,204700,6.11
1996-02-14,16.00,16.00,15.25,15.25,93200,5.56
1996-02-13,15.00,16.00,15.00,15.25,57500,5.56
1996-02-12,15.50,15.50,15.00,15.38,71000,5.61
1996-02-09,15.50,15.50,15.00,15.31,64700,5.59
1996-02-08,14.87,15.25,14.75,15.25,46000,5.56
1996-02-07,15.25,15.25,14.50,15.00,119500,5.47
1996-02-06,15.50,15.50,14.50,14.50,95000,5.29
1996-02-05,15.50,15.50,14.75,15.00,19500,5.47
1996-02-02,15.50,15.50,15.00,15.25,20000,5.56
1996-02-01,15.87,16.12,15.75,15.75,37700,5.75
1996-01-31,16.38,16.38,16.00,16.38,84000,5.98
1996-01-30,16.25,16.50,16.00,16.25,647500,5.93
1996-01-29,16.88,16.88,16.50,16.50,70500,6.02
1996-01-26,16.75,16.75,16.38,16.50,106000,6.02
1996-01-25,15.50,16.75,15.50,16.38,185500,5.98
1996-01-24,15.25,16.12,15.25,15.50,42200,5.66
1996-01-23,15.00,15.75,15.00,15.75,111500,5.75
1996-01-22,15.38,15.50,15.00,15.00,139500,5.47
1996-01-19,15.25,15.75,14.87,15.00,390000,5.47
1996-01-18,13.12,15.00,13.12,14.50,155000,5.29
1996-01-17,13.75,13.75,13.00,13.75,233500,5.02
1996-01-16,13.50,13.75,12.75,13.75,121500,5.02
1996-01-15,12.75,13.50,12.75,13.00,177000,4.74
1996-01-12,12.75,13.50,12.75,12.75,16000,4.65
1996-01-11,13.75,13.75,13.00,13.25,81000,4.83
1996-01-10,13.75,13.75,13.00,13.00,193500,4.74
1996-01-09,13.62,13.75,13.00,13.12,340500,4.79
1996-01-08,13.25,13.75,13.00,13.00,2500,4.74
1996-01-05,13.50,13.75,13.00,13.50,465200,4.93
1996-01-04,13.00,13.50,12.75,13.50,128200,4.93
1996-01-03,13.37,13.75,12.75,13.12,296000,4.79
1996-01-02,13.25,13.75,13.25,13.25,82500,4.83
1995-12-29,13.25,14.25,13.25,13.75,639200,5.02
1995-12-28,14.00,14.50,13.25,13.25,98200,4.83
1995-12-27,14.25,14.75,14.00,14.25,73200,5.20
1995-12-26,14.25,14.50,13.75,14.38,287200,5.25
1995-12-22,13.25,14.25,13.25,14.25,571200,5.20
1995-12-21,16.63,17.00,11.63,13.25,4616000,4.83
1995-12-20,16.50,17.25,16.50,16.88,246200,6.16
1995-12-19,16.75,17.25,16.50,16.50,154200,6.02
1995-12-18,18.00,18.00,17.25,17.50,753700,6.39
1995-12-15,17.50,18.00,17.00,18.00,152700,6.57
1995-12-14,17.50,17.50,16.75,17.37,773000,6.34
1995-12-13,16.50,17.50,16.50,17.50,635500,6.39
1995-12-12,16.75,17.00,16.50,16.50,1462000,6.02
1995-12-11,16.50,17.00,16.50,16.50,1126500,6.02
1995-12-08,16.88,17.00,16.50,16.50,50000,6.02
1995-12-07,16.75,17.00,16.50,16.50,348700,6.02
1995-12-06,16.50,16.88,16.50,16.50,49500,6.02
1995-12-05,17.00,17.00,16.50,16.75,10200,6.11
1995-12-04,16.25,17.00,16.25,16.88,336500,6.16
1995-12-01,16.00,17.00,16.00,16.50,70500,6.02
1995-11-30,16.50,16.75,15.50,16.38,90200,5.98
1995-11-29,16.50,16.50,16.50,16.50,000,6.02
1995-11-28,15.50,16.50,15.50,16.50,35700,6.02
1995-11-27,15.50,16.25,15.50,16.25,52700,5.93
1995-11-24,15.50,15.50,15.50,15.50,2500,5.66
1995-11-22,16.50,16.50,15.50,15.62,40700,5.70
1995-11-21,15.50,16.25,15.50,15.50,1466000,5.66
1995-11-20,16.12,16.50,16.00,16.00,93000,5.84
1995-11-17,16.00,16.38,16.00,16.00,55500,5.84
1995-11-16,16.75,16.75,16.00,16.25,438000,5.93
1995-11-15,16.00,16.75,16.00,16.12,631000,5.88
1995-11-14,16.12,16.25,16.00,16.00,154700,5.84
1995-11-13,17.00,17.00,16.50,16.69,378000,6.09
1995-11-10,17.25,17.25,16.75,16.75,5700,6.11
1995-11-09,17.50,17.50,16.75,16.75,1473500,6.11
1995-11-08,16.50,17.25,16.50,17.25,377200,6.29
1995-11-07,16.75,17.25,16.50,16.75,403700,6.11
1995-11-06,17.63,17.75,16.75,16.75,117700,6.11
1995-11-03,17.25,18.25,17.25,18.00,19500,6.57
1995-11-02,18.25,18.25,17.25,17.25,109000,6.29
1995-11-01,17.00,18.25,16.75,18.25,173700,6.66
1995-10-31,16.75,17.25,16.75,16.75,348500,6.11
1995-10-30,17.00,17.00,16.50,17.00,184700,6.20
1995-10-27,16.25,17.00,16.25,16.88,408700,6.16
1995-10-26,16.00,17.12,16.00,17.00,3566200,6.20
1995-10-25,17.00,17.00,16.00,16.25,184500,5.93
1995-10-24,17.00,17.50,16.50,17.00,33500,6.20
1995-10-23,17.12,18.00,17.00,17.25,50700,6.29
1995-10-20,17.88,18.25,17.75,18.00,43200,6.57
1995-10-19,17.00,18.00,17.00,18.00,61200,6.57
1995-10-18,18.00,18.00,17.00,18.00,56500,6.57
1995-10-17,17.50,18.00,16.75,18.00,10000,6.57
1995-10-16,17.50,17.50,16.75,17.00,43000,6.20
1995-10-13,16.50,17.50,16.50,17.50,35500,6.39
1995-10-12,16.50,16.50,15.87,16.25,220000,5.93
1995-10-11,16.25,16.50,15.75,16.50,2516000,6.02
1995-10-10,16.25,16.25,15.75,15.75,192000,5.75
1995-10-09,32.25,33.50,31.50,32.50,218000,5.93
1995-10-06,31.12,32.00,30.75,30.75,28500,5.61
1995-10-05,31.75,31.75,30.50,31.75,15000,5.79
1995-10-04,30.50,31.75,30.50,31.75,82000,5.79
1995-10-03,31.50,31.50,30.50,30.50,11000,5.56
1995-10-02,31.25,31.25,30.00,30.25,147000,5.52
1995-09-29,30.75,31.25,30.50,30.62,320500,5.59
1995-09-28,30.75,32.00,30.75,30.75,348500,5.61
1995-09-27,32.25,32.25,30.50,30.88,379500,5.63
1995-09-26,30.62,32.25,30.00,31.75,2599000,5.79
1995-09-25,33.25,33.25,31.50,31.75,54000,5.79
1995-09-22,32.00,33.25,32.00,33.25,60000,6.07
1995-09-21,32.25,34.00,31.00,32.00,421000,5.84
1995-09-20,31.50,31.75,31.25,31.50,49500,5.75
1995-09-19,30.25,31.50,30.25,31.50,94500,5.75
1995-09-18,31.25,31.50,30.25,30.25,32500,5.52
1995-09-15,32.00,32.25,30.75,31.75,162500,5.79
1995-09-14,31.50,32.25,31.00,31.50,119000,5.75
1995-09-13,31.25,33.25,31.00,31.75,616500,5.79
1995-09-12,30.75,31.25,30.00,30.25,31000,5.52
1995-09-11,30.50,30.75,30.50,30.75,4000,5.61
1995-09-08,29.75,30.75,29.75,30.75,5000,5.61
1995-09-07,29.75,30.75,29.75,30.50,149500,5.56
1995-09-06,29.75,30.75,29.75,30.75,43500,5.61
1995-09-05,30.50,30.75,29.50,30.62,618500,5.59
1995-09-01,29.50,30.50,29.00,30.50,323500,5.56
1995-08-31,26.25,29.50,26.25,28.50,485500,5.20
1995-08-30,25.50,26.50,25.50,26.50,19000,4.83
1995-08-29,26.00,26.25,25.25,26.25,38000,4.79
1995-08-28,25.50,26.25,25.00,26.00,892000,4.74
1995-08-25,25.25,25.25,24.75,24.75,15500,4.52
1995-08-24,25.25,25.25,25.00,25.00,22000,4.56
1995-08-23,24.75,25.50,24.75,25.25,206000,4.61
1995-08-22,24.75,25.50,24.75,24.75,5500,4.52
1995-08-21,25.50,25.50,24.75,25.50,202500,4.65
1995-08-18,25.50,25.50,24.75,24.75,13500,4.52
1995-08-17,25.50,25.50,24.75,24.75,5500,4.52
1995-08-16,25.00,25.50,25.00,25.50,12500,4.65
1995-08-15,24.75,25.50,24.75,25.50,18500,4.65
1995-08-14,25.50,25.50,24.75,24.75,100500,4.52
1995-08-11,25.75,25.75,24.75,24.75,213000,4.52
1995-08-10,25.25,25.75,24.75,25.00,343000,4.56
1995-08-09,24.50,25.75,24.50,25.75,159500,4.70
1995-08-08,25.75,25.75,25.50,25.50,36000,4.65
1995-08-07,24.50,25.75,24.50,24.50,106000,4.47
1995-08-04,26.25,26.25,24.50,24.69,288000,4.50
1995-08-03,26.75,26.75,25.25,25.25,61000,4.61
1995-08-02,25.00,28.00,25.00,26.50,176000,4.83
1995-08-01,25.25,26.00,25.00,25.25,50500,4.61
1995-07-31,24.75,25.25,24.25,25.25,108500,4.61
1995-07-28,23.25,24.75,23.25,24.75,44000,4.52
1995-07-27,23.00,24.00,22.75,23.25,35500,4.24
1995-07-26,21.50,23.25,21.50,23.00,779000,4.20
1995-07-25,21.50,22.25,21.50,21.50,131000,3.92
1995-07-24,21.50,21.75,21.00,21.00,82000,3.83
1995-07-21,20.50,21.12,20.50,21.00,238000,3.83
1995-07-20,20.75,21.50,20.75,21.12,52000,3.85
1995-07-19,21.75,21.75,21.00,21.50,191000,3.92
1995-07-18,21.50,21.75,21.50,21.50,153000,3.92
1995-07-17,21.00,21.75,21.00,21.75,134500,3.97
1995-07-14,21.00,21.75,21.00,21.75,41000,3.97
1995-07-13,21.00,21.25,20.25,21.12,120500,3.85
1995-07-12,21.00,21.00,20.25,20.25,67500,3.69
1995-07-11,21.00,21.00,20.00,20.00,112500,3.65
1995-07-10,21.00,21.00,20.00,20.00,218500,3.65
1995-07-07,20.37,21.00,20.00,20.00,202500,3.65
1995-07-06,20.75,21.00,20.25,20.50,205000,3.74
1995-07-05,20.00,20.50,19.75,20.00,162500,3.65
1995-07-03,20.00,20.00,20.00,20.00,4500,3.65
1995-06-30,19.75,20.00,19.25,20.00,159000,3.65
1995-06-29,18.00,19.75,18.00,19.75,849500,3.60
1995-06-28,18.25,18.75,17.75,18.75,26500,3.42
1995-06-27,18.75,18.75,18.25,18.75,29000,3.42
1995-06-26,17.75,19.00,16.75,18.25,107500,3.33
1995-06-23,16.50,17.75,16.50,17.50,300000,3.19
1995-06-22,16.50,16.50,16.50,16.50,25000,3.01
1995-06-21,16.50,16.50,15.75,15.75,14500,2.87
1995-06-20,23.75,24.25,22.25,23.50,126000,2.86
1995-06-19,21.00,23.00,21.00,22.25,61500,2.71
1995-06-16,21.50,22.25,21.00,21.00,34500,2.55
1995-06-15,20.75,21.25,20.25,21.25,71000,2.58
1995-06-14,20.75,20.75,20.75,20.75,000,2.52
1995-06-13,20.50,20.75,19.88,20.75,12500,2.52
1995-06-12,20.75,20.75,20.75,20.75,3000,2.52
1995-06-09,20.75,20.75,20.00,20.00,1280000,2.43
1995-06-08,20.62,20.62,20.62,20.62,000,2.51
1995-06-07,19.75,20.62,19.75,20.62,570000,2.51
1995-06-06,20.87,21.25,19.50,19.75,484500,2.40
1995-06-05,21.00,21.50,20.50,20.50,234500,2.49
1995-06-02,21.50,21.50,20.25,20.38,480500,2.48
1995-06-01,21.13,21.75,21.00,21.25,95000,2.58
1995-05-31,22.00,22.00,21.62,21.62,55500,2.63
1995-05-30,22.00,22.00,21.13,21.62,275000,2.63
1995-05-26,20.50,22.00,20.50,21.37,62000,2.60
1995-05-25,20.00,21.25,20.00,21.25,15000,2.58
1995-05-24,19.75,21.00,19.75,20.50,29000,2.49
1995-05-23,21.00,21.00,19.75,19.75,1500,2.40
1995-05-22,21.00,21.00,21.00,21.00,000,2.55
1995-05-19,22.00,22.00,19.75,21.00,112500,2.55
1995-05-18,22.25,22.25,21.50,22.25,111500,2.71
1995-05-17,22.37,22.50,21.50,21.50,51500,2.62
1995-05-16,21.50,22.75,21.50,22.75,97500,2.77
1995-05-15,21.50,22.25,21.50,22.25,3000,2.71
1995-05-12,21.13,22.75,21.13,22.75,410000,2.77
1995-05-11,21.00,21.37,20.50,21.13,1980000,2.57
1995-05-10,21.25,21.25,20.25,20.25,3500,2.46
1995-05-09,20.75,21.25,20.00,21.25,195500,2.58
1995-05-08,19.75,20.75,19.75,20.00,117000,2.43
1995-05-05,19.00,19.75,18.50,19.75,82500,2.40
1995-05-04,22.00,22.50,19.00,19.25,398000,2.34
1995-05-03,21.62,22.50,21.50,22.50,109500,2.74
1995-05-02,23.00,23.75,22.00,22.50,291000,2.74
1995-05-01,22.00,24.00,21.25,23.50,208500,2.86
1995-04-28,20.50,22.00,19.75,21.25,384500,2.58
1995-04-27,20.50,20.50,19.75,20.25,18500,2.46
1995-04-26,19.50,20.25,19.50,20.06,116000,2.44
1995-04-25,19.25,20.12,19.25,19.63,21000,2.39
1995-04-24,20.00,20.12,19.75,20.12,12500,2.45
1995-04-21,19.50,20.25,19.50,20.12,466500,2.45
1995-04-20,19.75,19.75,19.00,19.00,152000,2.31
1995-04-19,20.25,20.50,19.00,19.75,1048500,2.40
1995-04-18,17.50,20.25,17.25,20.25,1263500,2.46
1995-04-17,16.00,17.50,16.00,17.50,666000,2.13
1995-04-13,16.75,16.75,16.00,16.00,18000,1.95
1995-04-12,16.00,16.50,16.00,16.00,19500,1.95
1995-04-11,15.62,16.25,15.62,16.00,232500,1.95
1995-04-10,15.50,16.00,15.25,16.00,10500,1.95
1995-04-07,15.50,15.75,15.50,15.75,110000,1.92
1995-04-06,15.50,16.00,15.50,15.50,6500,1.89
1995-04-05,15.75,16.25,15.75,15.75,63000,1.92
1995-04-04,15.50,16.13,15.25,16.13,341000,1.96
1995-04-03,15.50,15.50,15.00,15.00,149000,1.82
1995-03-31,15.00,15.50,15.00,15.50,330500,1.89
1995-03-30,15.00,15.50,15.00,15.50,362000,1.89
1995-03-29,15.00,15.50,15.00,15.25,727500,1.85
1995-03-28,15.00,15.50,15.00,15.00,217500,1.82
1995-03-27,14.87,15.00,14.50,14.87,165500,1.81
1995-03-24,14.00,14.50,14.00,14.00,476000,1.70
1995-03-23,13.75,13.75,13.50,13.50,1500,1.64
1995-03-22,13.50,13.50,13.50,13.50,000,1.64
1995-03-21,13.50,14.00,13.50,13.50,150500,1.64
1995-03-20,14.00,14.00,14.00,14.00,6000,1.70
1995-03-17,14.00,14.00,13.50,13.75,144000,1.67
1995-03-16,14.25,14.50,13.50,14.00,105000,1.70
1995-03-15,15.00,15.00,14.63,14.63,39000,1.78
1995-03-14,14.50,14.63,14.50,14.63,12000,1.78
1995-03-13,15.00,15.00,15.00,15.00,112500,1.82
1995-03-10,15.00,15.50,15.00,15.00,93500,1.82
1995-03-09,15.00,15.50,15.00,15.50,13500,1.89
1995-03-08,15.25,15.50,15.00,15.50,312000,1.89
1995-03-07,15.00,15.50,14.75,14.75,132500,1.79
1995-03-06,15.50,15.50,15.00,15.25,67500,1.85
1995-03-03,15.75,15.75,15.25,15.25,27000,1.85
1995-03-02,15.75,15.75,15.25,15.75,308000,1.92
1995-03-01,16.00,16.75,15.25,15.75,1200500,1.92
1995-02-28,14.00,15.75,14.00,15.25,596000,1.85
1995-02-27,14.50,14.50,14.00,14.00,607500,1.70
1995-02-24,13.75,14.75,13.75,14.00,263000,1.70
1995-02-23,13.25,13.75,13.25,13.75,303000,1.67
1995-02-22,13.25,13.75,12.75,13.75,180000,1.67
1995-02-21,12.75,13.25,12.75,13.25,144000,1.61
1995-02-17,12.75,12.75,12.37,12.62,765500,1.54
1995-02-16,12.25,12.75,12.25,12.75,319500,1.55
1995-02-15,12.25,12.25,12.25,12.25,44000,1.49
1995-02-14,12.75,12.75,12.37,12.37,69000,1.51
1995-02-13,12.75,12.75,12.50,12.50,4500,1.52
1995-02-10,12.50,12.75,12.50,12.50,41000,1.52
1995-02-09,12.50,12.75,12.50,12.50,84000,1.52
1995-02-08,12.75,13.00,12.50,12.50,558500,1.52
1995-02-07,13.25,13.25,12.50,12.50,48500,1.52
1995-02-06,12.50,13.25,12.50,12.50,117500,1.52
1995-02-03,12.25,13.00,12.00,13.00,961500,1.58
1995-02-02,12.25,12.25,11.75,11.75,189500,1.43
1995-02-01,12.00,12.25,11.75,11.75,177500,1.43
1995-01-31,11.75,12.25,11.75,12.00,21500,1.46
1995-01-30,12.25,12.25,11.75,12.00,513500,1.46
1995-01-27,12.37,12.37,11.75,12.00,1032500,1.46
1995-01-26,11.25,12.75,11.25,12.00,1532000,1.46
1995-01-25,11.75,11.75,10.00,11.50,10584500,1.40
