Date,Open,High,Low,Close,Volume,Adj Close
2014-12-08,27.64,27.90,27.37,27.59,624400,27.59
2014-12-05,27.07,28.19,27.07,27.75,783100,27.75
2014-12-04,28.05,28.44,26.92,27.10,1188700,27.10
2014-12-03,28.62,28.74,28.04,28.18,700700,28.18
2014-12-02,28.50,28.83,28.39,28.56,541700,28.56
2014-12-01,28.98,29.69,28.38,28.52,849600,28.52
2014-11-28,29.55,29.58,29.11,29.16,238400,29.16
2014-11-26,29.97,29.97,29.22,29.57,460900,29.57
2014-11-25,29.73,30.08,29.44,29.95,853500,29.79
2014-11-24,28.50,30.29,28.46,29.77,1593200,29.61
2014-11-21,27.98,28.64,27.69,28.50,1015500,28.34
2014-11-20,27.09,27.68,26.98,27.64,937500,27.49
2014-11-19,27.21,27.54,26.85,27.31,537500,27.16
2014-11-18,27.56,27.86,27.07,27.33,593800,27.18
2014-11-17,27.84,28.43,27.47,27.54,763500,27.39
2014-11-14,27.37,28.26,27.37,28.09,1019700,27.94
2014-11-13,27.33,27.80,27.24,27.35,519100,27.20
2014-11-12,27.42,27.81,27.15,27.24,596500,27.09
2014-11-11,26.91,27.58,26.58,27.54,685600,27.39
2014-11-10,27.07,27.46,26.43,26.85,826700,26.70
2014-11-07,27.31,27.44,26.83,27.04,1072100,26.89
2014-11-06,26.87,27.37,26.54,27.34,853900,27.19
2014-11-05,28.06,28.53,26.59,27.06,1874100,26.91
2014-11-04,28.71,28.72,27.43,28.12,1364800,27.97
2014-11-03,29.18,29.20,28.65,28.98,676600,28.82
2014-10-31,29.49,29.81,28.99,29.05,755600,28.89
2014-10-30,28.71,29.08,28.36,28.94,572600,28.78
2014-10-29,28.64,28.92,28.24,28.82,465800,28.66
2014-10-28,28.06,28.86,28.06,28.71,747800,28.55
2014-10-27,27.72,28.21,27.25,28.03,547300,27.88
2014-10-24,27.92,28.09,27.69,27.98,417400,27.83
2014-10-23,27.61,28.28,27.41,27.92,862500,27.77
2014-10-22,28.24,28.36,27.16,27.27,1068000,27.12
2014-10-21,27.47,28.66,27.41,28.30,1661400,28.14
2014-10-20,26.81,27.69,26.77,27.27,1479800,27.12
2014-10-17,27.53,27.56,26.85,26.88,1593000,26.73
2014-10-16,25.70,27.71,25.64,27.17,2242100,27.02
2014-10-15,24.87,26.60,24.70,26.15,2298500,26.01
2014-10-14,24.35,25.38,24.05,25.17,1391500,25.03
2014-10-13,23.94,24.72,23.88,24.18,1304900,24.05
2014-10-10,25.05,25.38,23.93,23.94,1414200,23.81
2014-10-09,25.78,25.88,25.01,25.18,1435200,25.04
2014-10-08,25.18,25.99,24.70,25.89,1362200,25.75
2014-10-07,25.32,25.78,25.12,25.16,1267500,25.02
2014-10-06,25.91,26.10,25.48,25.52,1319800,25.38
2014-10-03,25.24,26.00,24.94,25.85,1553200,25.71
2014-10-02,25.74,25.84,24.94,25.00,2344500,24.86
2014-10-01,26.01,26.27,25.70,25.79,1419000,25.65
2014-09-30,26.54,26.63,25.98,26.09,1284200,25.95
2014-09-29,26.03,26.79,25.97,26.54,2151200,26.39
2014-09-26,26.22,26.63,25.98,26.32,2677300,26.17
2014-09-25,25.62,26.25,25.00,26.17,3289000,26.03
2014-09-24,25.47,25.92,25.16,25.64,2431500,25.50
2014-09-23,26.17,26.36,25.45,25.48,2478200,25.34
2014-09-22,27.04,27.04,25.88,26.21,1305200,26.07
2014-09-19,27.16,27.32,26.74,27.10,937300,26.95
2014-09-18,27.41,27.52,27.06,27.14,662200,26.99
2014-09-17,27.51,27.72,27.34,27.37,733800,27.22
2014-09-16,27.82,28.10,27.46,27.51,957800,27.36
2014-09-15,28.00,28.13,27.74,27.90,540000,27.75
2014-09-12,28.11,28.26,27.72,28.02,779400,27.87
2014-09-11,28.04,28.47,28.03,28.13,1041300,27.98
2014-09-10,27.96,28.65,27.94,28.15,792000,27.99
2014-09-09,28.74,28.86,27.97,28.00,1090000,27.85
2014-09-08,29.03,29.40,28.52,28.69,737600,28.53
2014-09-05,29.00,29.32,28.75,29.12,589800,28.96
2014-09-04,29.15,29.36,28.70,29.08,1133300,28.92
2014-09-03,29.18,29.72,28.88,28.96,1129500,28.80
2014-09-02,29.14,29.36,28.95,29.12,715700,28.96
2014-08-29,28.90,29.23,28.67,29.05,583200,28.89
2014-08-28,29.22,29.36,28.83,28.88,682000,28.72
2014-08-27,28.41,29.65,28.06,29.27,2042000,29.11
2014-08-26,29.13,29.13,28.49,28.64,1125200,28.32
2014-08-25,29.31,29.37,28.74,29.05,1267800,28.72
2014-08-22,29.72,29.81,29.16,29.19,1024000,28.86
2014-08-21,29.48,30.03,29.21,29.77,1190400,29.44
2014-08-20,29.11,29.68,28.95,29.44,1160400,29.11
2014-08-19,29.45,29.71,29.06,29.15,2013200,28.82
2014-08-18,29.20,29.74,28.87,29.45,2177400,29.12
2014-08-15,30.11,30.11,28.90,29.01,2484300,28.68
2014-08-14,30.18,30.30,29.53,29.96,2225100,29.62
2014-08-13,30.90,30.96,30.06,30.24,1317800,29.90
2014-08-12,32.03,32.43,30.48,30.76,3260200,30.41
2014-08-11,32.40,33.31,32.12,32.29,1633400,31.93
2014-08-08,32.08,32.48,31.79,32.28,908000,31.92
2014-08-07,32.36,33.11,31.83,32.15,1029200,31.79
2014-08-06,31.61,33.54,31.61,32.30,1597100,31.94
2014-08-05,32.48,32.56,31.47,31.81,1256600,31.45
2014-08-04,32.40,33.14,31.89,32.63,758700,32.26
2014-08-01,32.42,32.52,31.82,32.35,820100,31.99
2014-07-31,32.94,33.25,32.22,32.31,934800,31.95
2014-07-30,33.23,33.66,32.91,33.18,823100,32.81
2014-07-29,33.41,33.58,32.84,32.97,1179500,32.60
2014-07-28,33.56,33.67,33.30,33.35,782800,32.98
2014-07-25,33.22,33.92,33.07,33.61,767400,33.23
2014-07-24,33.79,34.29,33.46,33.53,673100,33.15
2014-07-23,34.51,34.51,33.84,33.98,993100,33.60
2014-07-22,34.02,34.68,33.79,34.45,1020700,34.06
2014-07-21,33.85,34.38,33.78,33.95,976200,33.57
2014-07-18,33.34,34.18,33.34,34.01,1240800,33.63
2014-07-17,32.76,33.84,32.74,33.39,1186100,33.01
2014-07-16,33.43,33.91,32.84,32.95,988600,32.58
2014-07-15,33.56,33.79,32.67,33.10,822900,32.73
2014-07-14,34.41,34.58,33.09,33.27,2289900,32.90
2014-07-11,33.85,34.52,33.78,34.17,1348000,33.79
2014-07-10,34.34,34.45,33.59,33.72,1941900,33.34
2014-07-09,34.51,35.20,34.35,34.98,768400,34.59
2014-07-08,35.43,35.52,33.97,34.49,1386100,34.10
2014-07-07,35.80,36.13,35.23,35.43,893600,35.03
2014-07-03,35.85,36.06,35.29,35.90,493500,35.50
2014-07-02,35.53,36.14,35.34,35.74,1135700,35.34
2014-07-01,35.11,36.03,34.62,35.53,1542400,35.13
2014-06-30,34.56,35.40,34.09,34.75,2216100,34.36
2014-06-27,33.45,34.78,33.45,34.62,2879600,34.23
2014-06-26,33.68,34.26,32.87,33.64,2863700,33.26
2014-06-25,28.99,34.58,28.93,33.80,10583200,33.42
2014-06-24,29.12,30.09,29.02,29.24,1527200,28.91
2014-06-23,29.36,29.60,28.57,29.24,1478500,28.91
2014-06-20,29.63,29.94,28.75,29.26,2155200,28.93
2014-06-19,31.04,31.05,29.61,29.67,1823600,29.34
2014-06-18,30.11,31.44,29.65,31.01,1841900,30.66
2014-06-17,31.10,31.32,29.77,30.11,1674700,29.77
2014-06-16,31.14,31.44,30.89,31.32,755500,30.97
2014-06-13,30.89,31.52,30.53,31.23,1010400,30.88
2014-06-12,31.14,31.41,30.43,30.92,1830600,30.57
2014-06-11,31.24,31.55,30.74,31.30,1791700,30.95
2014-06-10,30.70,31.52,30.25,31.49,1225700,31.14
2014-06-09,30.56,31.14,30.41,30.84,742400,30.49
2014-06-06,31.09,31.47,30.12,30.67,1093200,30.33
2014-06-05,30.50,31.00,30.25,31.00,1075400,30.65
2014-06-04,30.31,30.58,29.72,30.46,623200,30.12
2014-06-03,29.92,30.51,29.50,30.45,1378000,30.11
2014-06-02,29.61,30.60,29.44,30.14,902700,29.80
2014-05-30,30.32,30.32,29.39,29.58,957500,29.25
2014-05-29,30.51,30.59,29.87,30.36,789700,30.02
2014-05-28,29.82,30.55,29.82,30.34,1411400,30.00
2014-05-27,30.44,30.78,29.59,30.06,1835700,29.57
2014-05-23,29.71,30.22,29.51,30.20,794500,29.71
2014-05-22,29.90,30.08,29.56,29.71,931200,29.23
2014-05-21,29.42,30.13,29.25,29.68,1098400,29.20
2014-05-20,29.34,29.58,28.87,29.39,1028500,28.91
2014-05-19,28.91,29.55,28.71,29.33,752900,28.86
2014-05-16,27.92,29.16,27.55,29.07,1302000,28.60
2014-05-15,27.54,28.17,26.96,27.90,2299700,27.45
2014-05-14,27.98,28.43,27.31,27.56,1225200,27.11
2014-05-13,28.38,28.95,27.85,28.21,1304200,27.75
2014-05-12,27.73,28.95,27.59,28.50,1924300,28.04
2014-05-09,26.97,27.54,26.52,27.47,1878100,27.03
2014-05-08,27.76,28.46,26.71,27.11,1838200,26.67
2014-05-07,28.50,29.57,27.62,28.13,1947600,27.68
2014-05-06,28.70,29.02,28.46,28.71,1885700,28.25
2014-05-05,27.68,29.16,27.59,28.97,1470200,28.50
2014-05-02,27.43,28.03,27.05,27.90,1202700,27.45
2014-05-01,26.62,27.72,26.62,27.41,1456900,26.97
2014-04-30,26.47,27.11,26.43,26.73,1637000,26.30
2014-04-29,27.06,27.36,26.33,26.66,1366700,26.23
2014-04-28,27.51,27.76,26.13,27.05,1229100,26.61
2014-04-25,27.93,28.16,27.25,27.52,755400,27.07
2014-04-24,28.02,28.38,27.30,28.07,775800,27.62
2014-04-23,27.57,27.97,27.06,27.86,1235300,27.41
2014-04-22,27.63,28.24,27.19,27.65,2568100,27.20
2014-04-21,27.50,28.01,26.90,27.55,1162700,27.10
2014-04-17,27.25,27.77,27.11,27.55,969600,27.10
2014-04-16,27.56,27.78,27.17,27.41,822300,26.97
2014-04-15,27.66,27.82,26.49,27.34,864300,26.90
2014-04-14,27.29,27.90,27.02,27.41,1254500,26.97
2014-04-11,27.53,27.87,26.55,27.11,1910800,26.67
2014-04-10,28.72,29.52,27.53,27.82,2530600,27.37
2014-04-09,28.02,29.28,28.02,29.11,4450900,28.64
2014-04-08,25.10,27.44,25.06,27.37,2593500,26.93
2014-04-07,25.88,26.07,25.02,25.12,2565400,24.71
2014-04-04,26.63,26.93,25.71,26.04,2466600,25.62
2014-04-03,26.94,27.78,26.22,26.53,1581100,26.10
2014-04-02,26.92,27.33,26.72,27.16,1447500,26.72
2014-04-01,27.20,27.43,26.85,26.99,1517400,26.55
2014-03-31,26.77,27.35,26.50,27.09,2157100,26.65
2014-03-28,26.34,26.75,26.00,26.53,1637500,26.10
2014-03-27,27.09,27.09,26.33,26.42,1509500,25.99
2014-03-26,27.13,27.35,26.79,27.08,2131900,26.64
2014-03-25,27.00,27.30,26.71,27.01,1472200,26.57
2014-03-24,27.35,27.35,26.32,26.91,2734100,26.47
2014-03-21,29.00,29.44,27.03,27.45,6782400,27.01
2014-03-20,25.91,27.14,25.68,27.03,3649800,26.59
2014-03-19,25.41,26.52,24.78,26.03,3089700,25.61
2014-03-18,24.50,25.77,23.93,25.41,3442200,25.00
2014-03-17,25.46,26.02,24.05,24.42,6051700,24.03
2014-03-14,25.61,26.61,25.48,26.56,1986500,26.13
2014-03-13,27.18,27.18,25.41,25.77,2959700,25.35
2014-03-12,26.74,27.28,26.39,27.10,1089600,26.66
2014-03-11,27.47,27.64,26.61,27.03,2110200,26.59
2014-03-10,28.06,28.20,27.40,27.55,971000,27.10
2014-03-07,28.78,28.80,27.88,28.20,1862800,27.74
2014-03-06,30.17,30.55,28.61,28.73,2215200,28.27
2014-03-05,30.01,30.27,29.68,30.07,1003100,29.58
2014-03-04,29.29,30.35,29.16,30.13,2236500,29.64
2014-03-03,29.34,29.50,28.07,28.42,1317000,27.96
2014-02-28,28.27,29.81,28.27,29.62,1721400,29.14
2014-02-27,27.89,28.50,27.46,28.32,941500,27.86
2014-02-26,29.22,29.62,27.77,28.08,1868100,27.63
2014-02-25,29.75,30.04,29.09,29.26,2585300,28.64
2014-02-24,29.47,30.44,29.37,29.83,1474800,29.20
2014-02-21,30.04,30.04,28.77,29.69,2413400,29.06
2014-02-20,29.15,30.19,29.15,29.79,2243100,29.16
2014-02-19,29.38,29.74,28.66,28.78,2191400,28.17
2014-02-18,28.49,29.92,27.92,29.61,2819300,28.98
2014-02-14,27.40,28.78,26.29,28.47,3614500,27.87
2014-02-13,26.97,28.19,26.90,27.43,3116600,26.85
2014-02-12,27.05,27.45,25.44,26.34,5122100,25.78
2014-02-11,28.12,28.41,26.84,27.86,2948300,27.27
2014-02-10,28.80,29.08,28.04,28.17,1500300,27.57
2014-02-07,29.51,29.75,28.66,28.82,1877400,28.21
2014-02-06,28.66,29.92,28.40,29.50,864800,28.87
2014-02-05,28.74,28.75,27.80,28.62,2257500,28.01
2014-02-04,30.09,30.37,28.56,28.86,1606100,28.25
2014-02-03,31.15,31.80,29.66,30.09,1593500,29.45
2014-01-31,30.02,31.95,30.02,31.42,1165300,30.75
2014-01-30,30.51,30.83,30.21,30.57,1069700,29.92
2014-01-29,30.00,30.50,29.62,30.19,890300,29.55
2014-01-28,29.70,30.47,29.70,30.35,1344900,29.71
2014-01-27,30.29,30.42,29.36,29.70,1015000,29.07
2014-01-24,30.47,31.11,29.80,30.11,1373300,29.47
2014-01-23,30.96,31.08,30.32,30.90,1285100,30.24
2014-01-22,31.29,31.39,30.51,30.62,1479300,29.97
2014-01-21,32.02,32.33,31.09,31.18,1292700,30.52
2014-01-17,31.93,32.35,31.26,31.98,1448200,31.30
2014-01-16,31.71,32.55,31.12,31.89,2419600,31.21
2014-01-15,33.94,34.38,30.41,31.77,6845900,31.10
2014-01-14,34.96,34.97,33.50,33.86,1428700,33.14
2014-01-13,36.15,36.15,34.65,34.69,829700,33.95
2014-01-10,35.80,36.27,34.91,36.21,703600,35.44
2014-01-09,36.57,36.59,35.52,35.69,808700,34.93
2014-01-08,36.41,36.76,35.90,36.49,612600,35.72
2014-01-07,36.48,37.50,36.45,36.57,906800,35.79
2014-01-06,36.95,37.04,35.86,36.34,1282400,35.57
2014-01-03,35.79,37.24,35.49,36.74,1365300,35.96
2014-01-02,35.44,35.62,34.85,35.41,946100,34.66
2013-12-31,34.75,35.78,34.68,35.73,1545800,34.97
2013-12-30,34.38,34.72,34.08,34.71,620500,33.97
2013-12-27,35.01,35.08,34.22,34.45,571200,33.72
2013-12-26,34.94,35.17,34.45,34.96,595300,34.22
2013-12-24,34.85,35.30,34.40,34.77,343700,34.03
2013-12-23,34.23,34.88,34.10,34.82,1064900,34.08
2013-12-20,33.81,34.15,33.35,33.78,1175600,33.06
2013-12-19,33.66,34.01,33.40,33.63,957900,32.92
2013-12-18,33.80,34.14,33.08,34.08,711500,33.36
2013-12-17,33.55,34.20,33.36,33.63,1114200,32.92
2013-12-16,33.89,34.38,33.30,33.83,914300,33.11
2013-12-13,34.14,34.80,33.70,33.77,947800,33.05
2013-12-12,32.84,34.01,32.64,33.94,1208300,33.22
2013-12-11,33.65,33.97,32.73,32.92,772100,32.22
2013-12-10,32.98,33.88,32.75,33.67,991700,32.96
2013-12-09,33.40,33.65,32.57,33.18,1321700,32.48
2013-12-06,33.93,33.99,32.90,33.50,1158100,32.79
2013-12-05,33.52,33.93,33.24,33.52,964200,32.81
2013-12-04,32.64,33.72,32.62,33.61,935800,32.90
2013-12-03,33.07,33.30,32.30,32.95,1228600,32.25
2013-12-02,32.82,33.66,32.66,33.42,2111000,32.71
2013-11-29,32.71,33.31,32.37,32.82,473300,32.12
2013-11-27,32.80,32.96,32.04,32.62,841000,31.93
2013-11-26,31.87,32.96,31.49,32.72,1305900,32.03
2013-11-25,32.48,32.66,31.76,32.12,1036800,31.29
2013-11-22,31.31,32.79,31.31,32.51,1598300,31.67
2013-11-21,31.75,32.00,31.14,31.35,1728900,30.54
2013-11-20,31.62,32.21,31.25,31.47,2027400,30.66
2013-11-19,32.44,32.75,31.18,31.68,1661900,30.86
2013-11-18,33.80,33.87,32.32,32.53,1219400,31.69
2013-11-15,33.85,33.92,32.88,33.60,1705000,32.73
2013-11-14,34.06,34.23,33.55,33.97,1000700,33.09
2013-11-13,33.28,34.33,33.08,34.18,1223600,33.30
2013-11-12,34.03,34.38,33.00,33.56,1315400,32.69
2013-11-11,33.88,34.76,33.52,34.25,1237200,33.37
2013-11-08,31.74,34.71,31.68,33.97,3159100,33.09
2013-11-07,33.93,34.10,30.91,31.86,4394100,31.04
2013-11-06,34.75,36.57,33.52,34.17,2096700,33.29
2013-11-05,33.08,34.00,32.70,33.85,1478900,32.98
2013-11-04,32.43,33.38,32.17,33.29,1511900,32.43
2013-11-01,32.03,32.49,31.87,32.30,1463300,31.47
2013-10-31,31.88,32.66,31.58,32.05,1462900,31.22
2013-10-30,32.85,32.94,31.72,31.96,1518600,31.14
2013-10-29,32.73,33.18,32.30,32.93,1088600,32.08
2013-10-28,34.43,34.81,32.01,32.81,2800700,31.96
2013-10-25,35.66,35.81,34.30,34.57,1325600,33.68
2013-10-24,34.92,35.87,34.54,35.48,1315400,34.57
2013-10-23,34.64,34.90,33.91,34.49,762800,33.60
2013-10-22,35.43,36.17,34.74,34.95,952500,34.05
2013-10-21,34.93,35.53,34.37,35.31,2146200,34.40
2013-10-18,34.64,35.97,34.27,35.33,1754400,34.42
2013-10-17,34.30,34.64,34.14,34.40,793600,33.51
2013-10-16,34.50,35.25,34.09,34.49,725100,33.60
2013-10-15,34.54,34.95,33.91,34.29,826100,33.41
2013-10-14,34.41,34.62,33.40,34.59,1356400,33.70
2013-10-11,33.92,34.84,33.61,34.68,2180900,33.79
2013-10-10,32.94,33.90,32.74,33.04,1455500,32.19
2013-10-09,32.78,32.82,31.61,32.39,1725300,31.55
2013-10-08,34.40,34.80,32.35,32.55,2054000,31.71
2013-10-07,34.26,34.90,33.53,34.36,1279300,33.47
2013-10-04,33.77,35.00,33.64,34.74,1330300,33.84
2013-10-03,33.82,34.51,33.24,33.85,1296000,32.98
2013-10-02,33.49,34.15,33.29,33.84,1070300,32.97
2013-10-01,33.54,34.91,33.21,33.89,2328100,33.02
2013-09-30,33.23,33.99,33.07,33.52,1641700,32.66
2013-09-27,33.24,34.29,33.11,34.04,2454900,33.16
2013-09-26,31.73,34.50,31.73,33.35,3443800,32.49
2013-09-25,31.50,32.65,30.95,31.72,2484100,30.90
2013-09-24,30.60,31.90,30.60,31.52,2138300,30.71
2013-09-23,30.76,30.99,29.45,30.61,3972300,29.82
2013-09-20,29.52,29.99,28.96,29.23,1830900,28.48
2013-09-19,29.49,29.71,28.85,29.42,922300,28.66
2013-09-18,29.62,30.00,29.01,29.40,1514800,28.64
2013-09-17,28.55,29.73,28.16,29.72,1068600,28.95
2013-09-16,29.33,29.41,28.60,28.60,840400,27.86
2013-09-13,28.62,29.20,28.56,29.18,1506400,28.43
2013-09-12,28.67,29.01,28.44,28.63,875400,27.89
2013-09-11,28.30,28.80,28.15,28.74,1111400,28.00
2013-09-10,27.31,29.20,27.14,28.41,3310500,27.68
2013-09-09,26.39,27.01,26.39,26.99,1191900,26.29
2013-09-06,25.99,26.40,25.38,26.30,1494400,25.62
2013-09-05,26.09,26.87,25.77,25.95,1773400,25.28
2013-09-04,24.57,25.96,24.46,25.94,1518900,25.27
2013-09-03,24.38,25.13,24.11,24.45,1765700,23.82
2013-08-30,24.47,24.54,23.85,23.92,1062800,23.30
2013-08-29,23.86,24.85,23.85,24.53,1001900,23.90
2013-08-28,24.59,24.59,23.95,24.01,1454100,23.39
2013-08-27,24.75,25.26,24.50,24.89,1078900,24.10
2013-08-26,25.96,26.22,25.18,25.26,923700,24.46
2013-08-23,25.36,26.00,25.01,25.96,1538700,25.14
2013-08-22,24.74,25.40,24.57,25.39,652300,24.59
2013-08-21,24.58,25.03,24.47,24.70,1160000,23.92
2013-08-20,24.13,24.92,24.05,24.91,995300,24.12
2013-08-19,24.05,24.82,24.00,24.18,1659400,23.41
2013-08-16,24.05,24.67,24.01,24.28,1793500,23.51
2013-08-15,23.66,24.25,23.42,24.17,2583700,23.40
2013-08-14,24.72,24.72,23.28,24.04,5206200,23.28
2013-08-13,24.90,25.44,24.63,24.80,1677400,24.01
2013-08-12,25.07,25.58,24.80,24.86,1861300,24.07
2013-08-09,25.79,26.55,25.23,25.50,2136500,24.69
2013-08-08,26.27,27.20,24.90,25.99,5369800,25.17
2013-08-07,27.60,28.12,26.13,26.58,2749600,25.74
2013-08-06,27.98,28.01,27.10,27.47,2815000,26.60
2013-08-05,27.90,28.52,27.85,28.16,1212800,27.27
2013-08-02,27.48,28.11,27.19,28.06,1617200,27.17
2013-08-01,28.38,28.95,27.79,27.81,1494100,26.93
2013-07-31,28.62,29.31,28.19,28.21,1429900,27.32
2013-07-30,30.13,30.51,28.56,28.57,2272600,27.67
2013-07-29,31.45,31.50,29.75,30.10,2290200,29.15
2013-07-26,29.42,30.25,29.37,29.81,752700,28.87
2013-07-25,28.77,29.93,28.77,29.75,972100,28.81
2013-07-24,28.59,28.96,28.09,28.95,1319300,28.03
2013-07-23,29.15,29.53,28.30,28.51,1197900,27.61
2013-07-22,29.54,30.07,28.94,29.10,771300,28.18
2013-07-19,30.62,30.83,29.36,29.75,1252600,28.81
2013-07-18,30.34,30.85,30.23,30.63,683600,29.66
2013-07-17,29.86,30.50,29.86,30.40,644100,29.44
2013-07-16,31.16,31.35,30.02,30.16,1047200,29.21
2013-07-15,31.36,31.58,31.08,31.30,658700,30.31
2013-07-12,30.53,31.64,30.43,31.24,905700,30.25
2013-07-11,31.52,31.65,30.43,30.66,1249500,29.69
2013-07-10,31.71,31.93,30.40,31.13,1296500,30.14
2013-07-09,31.55,31.99,31.00,31.83,1270700,30.82
2013-07-08,29.75,31.64,29.75,31.45,1415000,30.45
2013-07-05,30.08,30.08,29.19,29.59,731100,28.65
2013-07-03,29.08,29.75,29.04,29.47,388100,28.54
2013-07-02,29.18,29.98,29.10,29.34,1015300,28.41
2013-07-01,29.87,29.87,28.68,29.29,2011000,28.36
2013-06-28,29.35,29.71,29.12,29.37,3002400,28.44
2013-06-27,30.03,30.36,29.42,29.53,1035100,28.60
2013-06-26,28.87,30.39,28.79,29.94,1648300,28.99
2013-06-25,28.03,28.74,27.75,28.63,1094500,27.72
2013-06-24,27.98,28.14,27.01,27.71,1320500,26.83
2013-06-21,28.11,28.60,27.23,28.43,2193100,27.53
2013-06-20,28.59,29.67,27.89,27.93,2230400,27.05
2013-06-19,28.36,29.56,28.36,29.20,1596200,28.28
2013-06-18,28.42,29.28,28.25,28.57,2264800,27.67
2013-06-17,27.71,29.03,27.55,28.45,1819200,27.55
2013-06-14,27.06,27.51,26.72,27.40,1037600,26.53
2013-06-13,25.12,27.38,25.07,27.15,2948000,26.29
2013-06-12,25.19,25.34,24.04,24.09,830700,23.33
2013-06-11,24.47,25.19,23.95,25.03,1364600,24.24
2013-06-10,25.39,26.39,24.71,24.93,1385000,24.14
2013-06-07,24.55,25.53,24.44,25.39,951100,24.59
2013-06-06,23.88,24.72,23.88,24.68,2200900,23.90
2013-06-05,25.55,25.84,23.92,24.03,2561500,23.27
2013-06-04,25.97,26.64,25.41,25.55,2174300,24.74
2013-06-03,27.04,27.07,25.39,26.00,1998900,25.18
2013-05-31,27.12,27.35,26.88,27.03,2863500,26.17
2013-05-30,27.19,27.45,26.82,27.39,845900,26.52
2013-05-29,26.81,27.40,26.22,27.16,1181500,26.30
2013-05-28,26.85,27.53,26.67,27.39,1219200,26.38
2013-05-24,26.28,26.54,26.04,26.53,662700,25.55
2013-05-23,25.82,26.91,25.59,26.67,1203300,25.68
2013-05-22,26.41,27.20,26.05,26.35,1171500,25.38
2013-05-21,26.10,26.66,25.63,26.55,1325900,25.57
2013-05-20,26.57,26.82,25.96,26.15,1310200,25.18
2013-05-17,26.62,26.87,25.95,26.75,1695700,25.76
2013-05-16,27.19,27.58,26.44,26.55,1523300,25.57
2013-05-15,27.36,27.90,27.12,27.35,1612400,26.34
2013-05-14,28.03,28.64,27.59,27.65,1619300,26.63
2013-05-13,27.85,28.48,27.04,28.01,1761300,26.97
2013-05-10,28.37,29.50,27.72,28.25,2506800,27.21
2013-05-09,27.00,28.33,27.00,28.15,3363000,27.11
2013-05-08,27.10,27.30,26.99,27.11,1423400,26.11
2013-05-07,27.18,27.34,26.99,27.19,1433000,26.19
2013-05-06,27.26,27.32,27.06,27.20,1496000,26.19
2013-05-03,27.25,27.50,26.99,27.18,2384900,26.18
2013-05-02,27.39,27.50,26.93,27.18,8892700,26.18
2013-05-01,26.43,28.06,26.43,27.57,2274100,26.55
2013-04-30,26.72,27.34,26.23,26.80,1145400,25.81
2013-04-29,25.89,26.88,24.55,26.69,2682300,25.70
2013-04-26,27.52,27.73,26.66,27.49,905200,26.47
2013-04-25,27.06,28.53,27.06,27.44,1372700,26.43
2013-04-24,26.60,27.49,26.60,26.89,1321100,25.90
2013-04-23,26.50,26.76,26.29,26.70,988200,25.71
2013-04-22,25.91,26.58,25.56,26.25,903600,25.28
2013-04-19,25.08,25.80,24.73,25.75,1021100,24.80
2013-04-18,25.98,26.11,24.96,25.09,1026200,24.16
2013-04-17,26.09,26.26,25.56,25.89,1213300,24.93
2013-04-16,25.13,27.28,24.71,26.39,2572100,25.41
2013-04-15,27.12,27.59,25.08,25.41,3897700,24.47
2013-04-12,23.00,27.84,22.90,27.60,7153700,26.58
2013-04-11,21.83,24.06,21.83,23.69,3375200,22.81
2013-04-10,20.54,22.08,20.42,21.83,1857200,21.02
2013-04-09,20.79,21.00,20.38,20.41,1157000,19.66
2013-04-08,20.55,21.16,20.44,21.03,1413800,20.25
2013-04-05,19.59,20.51,19.00,20.44,997900,19.68
2013-04-04,19.72,20.19,19.68,19.99,982100,19.25
2013-04-03,20.21,20.39,19.71,19.79,1350400,19.06
2013-04-02,19.69,20.41,19.63,20.25,1920600,19.50
2013-04-01,20.45,20.66,19.01,19.61,2918500,18.89
2013-03-28,19.75,20.71,19.45,20.29,1715600,19.54
2013-03-27,19.00,19.85,18.77,19.72,1172100,18.99
2013-03-26,19.25,19.51,19.02,19.21,857800,18.50
2013-03-25,18.24,19.26,18.24,19.18,1858000,18.47
2013-03-22,17.82,18.27,17.72,18.17,830000,17.50
2013-03-21,17.57,17.92,17.46,17.81,446200,17.15
2013-03-20,17.73,17.84,17.57,17.79,504500,17.13
2013-03-19,17.75,17.95,17.46,17.64,449200,16.99
2013-03-18,17.47,17.83,17.25,17.68,609400,17.03
2013-03-15,17.88,17.88,17.39,17.79,598000,17.13
2013-03-14,17.66,17.94,17.39,17.92,444300,17.26
2013-03-13,17.70,17.90,17.36,17.67,689400,17.02
2013-03-12,18.00,18.22,17.42,17.67,919900,17.02
2013-03-11,18.16,18.32,17.99,18.02,1140000,17.35
2013-03-08,18.04,18.32,18.01,18.25,945600,17.58
2013-03-07,18.02,18.12,17.75,17.88,863400,17.22
2013-03-06,17.97,18.20,17.51,17.85,1456700,17.19
2013-03-05,17.07,18.11,16.79,17.93,2233200,17.27
2013-03-04,15.86,17.63,15.55,17.00,2844800,16.37
2013-03-01,14.60,15.98,14.50,15.86,3555100,15.27
2013-02-28,14.41,14.48,14.08,14.08,545000,13.56
2013-02-27,13.95,14.50,13.92,14.39,470700,13.86
2013-02-26,13.96,14.31,13.88,14.15,1512400,13.48
2013-02-25,14.49,14.50,13.80,13.85,658200,13.20
2013-02-22,13.83,14.27,13.81,14.21,688400,13.54
2013-02-21,14.15,14.30,13.79,13.82,501000,13.17
2013-02-20,14.56,14.77,14.18,14.19,405000,13.52
2013-02-19,14.59,14.63,14.30,14.57,1028800,13.88
2013-02-15,14.63,14.74,14.50,14.62,372200,13.93
2013-02-14,14.27,14.56,14.12,14.55,347000,13.86
2013-02-13,14.27,14.27,14.12,14.22,293600,13.55
2013-02-12,14.31,14.31,14.06,14.29,305100,13.62
2013-02-11,14.15,14.53,14.00,14.27,323100,13.60
2013-02-08,14.28,14.33,14.06,14.12,432300,13.45
2013-02-07,14.52,14.52,13.63,14.21,918700,13.54
2013-02-06,14.90,15.47,14.25,14.49,1099900,13.81
2013-02-05,13.84,14.35,13.78,14.21,619000,13.54
2013-02-04,13.90,14.07,13.64,13.72,697500,13.07
2013-02-01,13.91,14.10,13.78,13.97,575300,13.31
2013-01-31,13.59,13.79,13.51,13.78,477400,13.13
2013-01-30,13.63,13.74,13.56,13.65,456900,13.01
2013-01-29,14.08,14.08,13.70,13.75,462300,13.10
2013-01-28,13.88,14.17,13.62,14.10,871200,13.43
2013-01-25,13.50,14.00,13.42,13.81,579400,13.16
2013-01-24,13.34,13.48,13.23,13.47,380900,12.83
2013-01-23,13.00,13.30,12.92,13.28,403800,12.65
2013-01-22,13.18,13.27,12.92,12.97,322800,12.36
2013-01-18,13.05,13.25,12.93,13.12,320000,12.50
2013-01-17,12.91,13.06,12.76,13.00,343600,12.39
2013-01-16,12.90,13.00,12.74,12.82,424100,12.22
2013-01-15,12.83,12.95,12.66,12.92,625500,12.31
2013-01-14,12.99,13.09,12.85,12.92,519600,12.31
2013-01-11,13.11,13.17,12.85,12.95,311300,12.34
2013-01-10,13.20,13.30,12.95,13.09,460500,12.47
2013-01-09,13.23,13.28,12.95,13.04,645300,12.42
2013-01-08,12.85,13.15,12.84,13.12,722300,12.50
2013-01-07,13.36,13.50,12.81,12.88,666100,12.27
2013-01-04,13.63,13.63,13.22,13.46,846800,12.83
2013-01-03,13.27,13.78,13.21,13.54,859300,12.90
2013-01-02,12.91,13.38,12.84,13.25,809200,12.62
2012-12-31,12.39,12.65,12.30,12.62,533600,12.02
2012-12-28,12.42,12.53,12.20,12.41,493200,11.82
2012-12-27,12.52,12.60,12.34,12.52,377500,11.93
2012-12-26,12.50,12.64,12.39,12.54,334600,11.95
2012-12-24,12.68,12.71,12.35,12.54,185800,11.95
2012-12-21,12.38,12.84,12.25,12.64,1023000,12.04
2012-12-20,12.43,12.60,12.26,12.54,778000,11.95
2012-12-19,11.64,12.46,11.56,12.40,1380700,11.82
2012-12-18,11.46,11.63,11.32,11.61,459200,11.06
2012-12-17,11.12,11.53,11.08,11.47,680800,10.93
2012-12-14,11.10,11.33,10.93,11.04,405500,10.52
2012-12-13,11.16,11.22,10.95,11.09,310000,10.57
2012-12-12,11.35,11.36,11.18,11.18,377900,10.65
2012-12-11,11.15,11.20,10.88,11.20,418000,10.67
2012-12-10,10.59,11.31,10.43,11.05,1440800,10.53
2012-12-07,10.40,10.62,10.30,10.60,1180300,10.10
2012-12-06,10.83,10.86,10.23,10.39,955300,9.90
2012-12-05,11.05,11.15,10.77,10.82,360400,10.31
2012-12-04,10.83,11.02,10.71,11.00,458200,10.48
2012-12-03,11.12,11.19,10.75,10.79,497400,10.28
2012-11-30,11.21,11.21,10.89,11.03,384700,10.51
2012-11-29,10.93,11.28,10.79,11.18,551800,10.65
2012-11-28,10.33,10.85,10.01,10.81,976500,10.30
2012-11-27,11.60,11.79,11.54,11.56,453100,10.06
2012-11-26,11.66,11.73,11.50,11.60,271500,10.10
2012-11-23,11.56,11.71,11.51,11.66,131900,10.15
2012-11-21,11.42,11.67,11.30,11.42,317100,9.94
2012-11-20,11.23,11.61,11.20,11.39,312200,9.91
2012-11-19,11.20,11.36,11.00,11.27,703200,9.81
2012-11-16,10.89,11.13,10.59,11.07,686200,9.64
2012-11-15,11.20,11.25,10.81,10.93,593700,9.51
2012-11-14,11.67,11.92,11.08,11.20,768900,9.75
2012-11-13,11.75,11.90,11.50,11.56,422400,10.06
2012-11-12,12.25,12.25,11.80,11.84,309800,10.31
2012-11-09,12.01,12.38,11.83,12.24,373400,10.65
2012-11-08,12.08,12.35,12.08,12.15,471900,10.58
2012-11-07,12.43,12.53,12.00,12.11,757400,10.54
2012-11-06,12.50,12.89,12.47,12.56,499300,10.93
2012-11-05,12.62,12.73,12.38,12.46,526000,10.85
2012-11-02,12.36,12.75,12.30,12.43,798000,10.82
2012-11-01,12.67,13.40,12.26,12.27,919600,10.68
2012-10-31,12.34,12.73,11.98,12.60,491200,10.97
2012-10-26,11.69,12.25,11.66,12.22,375600,10.64
2012-10-25,12.25,12.30,11.63,11.72,425700,10.20
2012-10-24,12.18,12.24,12.06,12.13,378600,10.56
2012-10-23,12.39,12.45,12.13,12.15,585700,10.58
2012-10-22,12.43,12.57,12.25,12.41,234900,10.80
2012-10-19,12.70,12.97,12.20,12.50,433800,10.88
2012-10-18,12.93,12.95,12.69,12.75,803600,11.10
2012-10-17,12.23,12.92,12.19,12.92,478300,11.25
2012-10-16,12.22,12.39,12.18,12.23,199700,10.65
2012-10-15,12.23,12.23,12.02,12.18,150800,10.60
2012-10-12,12.19,12.24,11.96,12.17,315000,10.59
2012-10-11,11.79,12.17,11.69,12.16,714000,10.58
2012-10-10,11.49,11.68,11.49,11.68,423300,10.17
2012-10-09,11.44,11.48,11.25,11.46,494000,9.97
2012-10-08,11.54,11.65,11.34,11.41,255400,9.93
2012-10-05,11.65,11.87,11.50,11.67,328100,10.16
2012-10-04,11.60,11.65,11.40,11.64,215300,10.13
2012-10-03,11.40,11.65,11.32,11.55,370500,10.05
2012-10-02,11.48,11.70,11.30,11.35,596700,9.88
2012-10-01,11.34,11.70,11.34,11.66,543400,10.15
2012-09-28,11.48,11.66,11.21,11.21,534800,9.76
2012-09-27,11.56,11.72,11.45,11.56,359400,10.06
2012-09-26,11.96,11.96,11.43,11.48,446400,9.99
2012-09-25,12.63,12.70,11.85,11.87,647700,10.33
2012-09-24,12.46,12.76,12.28,12.56,437400,10.93
2012-09-21,12.42,12.57,12.21,12.54,388800,10.91
2012-09-20,12.22,12.42,12.10,12.24,201600,10.65
2012-09-19,12.17,12.35,12.01,12.34,215100,10.74
2012-09-18,12.14,12.34,12.02,12.07,232500,10.51
2012-09-17,12.33,12.41,12.02,12.20,261600,10.62
2012-09-14,12.35,12.53,11.95,12.45,341400,10.84
2012-09-13,12.06,12.41,11.98,12.40,510600,10.79
2012-09-12,12.25,12.34,11.93,12.02,265700,10.46
2012-09-11,12.20,12.31,12.02,12.21,255900,10.63
2012-09-10,12.30,12.37,12.11,12.15,517600,10.58
2012-09-07,12.09,12.44,12.05,12.41,365300,10.80
2012-09-06,11.81,12.17,11.75,12.00,603400,10.44
2012-09-05,11.69,11.90,11.61,11.76,850100,10.24
2012-09-04,11.53,11.78,11.40,11.67,365900,10.16
2012-08-31,11.61,11.76,11.37,11.56,388600,10.06
2012-08-30,11.46,11.62,11.38,11.56,370000,10.06
2012-08-29,11.63,11.81,11.49,11.61,409500,10.11
2012-08-28,11.80,11.89,11.57,11.78,612100,10.12
2012-08-27,11.73,11.90,11.65,11.82,429200,10.16
2012-08-24,11.53,11.88,11.40,11.69,297400,10.05
2012-08-23,11.85,11.85,11.52,11.61,359200,9.98
2012-08-22,11.95,12.09,11.79,11.82,363900,10.16
2012-08-21,11.73,12.09,11.70,12.02,457000,10.33
2012-08-20,11.64,11.80,11.64,11.71,441900,10.06
2012-08-17,11.25,11.75,11.25,11.59,390600,9.96
2012-08-16,11.43,11.74,11.24,11.26,555900,9.68
2012-08-15,11.29,11.44,11.14,11.39,516200,9.79
2012-08-14,11.31,11.59,11.13,11.19,604900,9.62
2012-08-13,11.54,11.64,11.32,11.50,284800,9.88
2012-08-10,11.37,11.64,11.28,11.53,368900,9.91
2012-08-09,11.67,11.71,11.25,11.35,752700,9.75
2012-08-08,11.82,12.00,11.67,11.81,401900,10.15
2012-08-07,11.79,11.97,11.66,11.91,555700,10.23
2012-08-06,11.76,11.95,11.63,11.71,444900,10.06
2012-08-03,11.51,11.76,11.30,11.67,369900,10.03
2012-08-02,11.43,11.61,11.15,11.23,620700,9.65
2012-08-01,10.71,11.88,10.71,11.51,1951300,9.89
2012-07-31,10.17,10.64,10.08,10.20,724600,8.77
2012-07-30,10.19,10.27,10.03,10.17,420300,8.74
2012-07-27,9.87,10.27,9.75,10.12,511500,8.70
2012-07-26,9.86,9.92,9.67,9.78,373200,8.40
2012-07-25,9.52,9.75,9.41,9.72,425700,8.35
2012-07-24,9.61,9.61,9.30,9.41,264300,8.09
2012-07-23,9.63,9.63,9.25,9.55,306400,8.21
2012-07-20,9.76,10.08,9.76,9.81,335000,8.43
2012-07-19,9.77,10.03,9.38,9.79,844200,8.41
2012-07-18,10.21,10.43,9.63,9.85,501600,8.46
2012-07-17,10.02,10.23,9.82,10.09,436100,8.67
2012-07-16,9.81,9.95,9.71,9.91,265400,8.52
2012-07-13,9.55,9.94,9.53,9.81,369400,8.43
2012-07-12,9.56,9.57,9.18,9.51,452600,8.17
2012-07-11,9.60,9.77,9.52,9.61,363000,8.26
2012-07-10,9.94,10.09,9.58,9.71,614700,8.34
2012-07-09,9.89,10.02,9.37,9.83,701100,8.45
2012-07-06,9.80,9.97,9.75,9.93,661600,8.53
2012-07-05,10.00,10.01,9.72,9.88,751700,8.49
2012-07-03,9.46,10.09,9.39,10.07,576700,8.65
2012-07-02,9.05,9.44,8.96,9.41,663900,8.09
2012-06-29,8.86,9.08,8.77,9.06,379500,7.79
2012-06-28,8.63,8.82,8.40,8.64,351300,7.42
2012-06-27,8.70,8.80,8.60,8.74,554200,7.51
2012-06-26,8.39,8.73,8.29,8.70,357900,7.48
2012-06-25,8.50,8.51,8.26,8.35,216700,7.18
2012-06-22,8.52,8.60,8.43,8.58,297600,7.37
2012-06-21,8.54,8.57,8.30,8.41,415800,7.23
2012-06-20,8.41,8.54,8.24,8.50,229700,7.30
2012-06-19,8.32,8.43,8.20,8.37,299800,7.19
2012-06-18,8.35,8.38,8.14,8.25,374600,7.09
2012-06-15,8.25,8.39,8.11,8.35,481500,7.18
2012-06-14,7.95,8.30,7.93,8.27,483800,7.11
2012-06-13,8.12,8.16,7.87,7.92,403100,6.81
2012-06-12,7.98,8.12,7.82,8.10,390100,6.96
2012-06-11,8.16,8.18,7.92,7.92,424400,6.81
2012-06-08,8.10,8.12,7.88,8.03,427500,6.90
2012-06-07,8.31,8.38,8.00,8.02,336200,6.89
2012-06-06,8.33,8.40,8.14,8.16,517500,7.01
2012-06-05,8.08,8.25,8.00,8.24,571100,7.08
2012-06-04,8.17,8.29,8.00,8.12,813300,6.98
2012-06-01,8.04,8.20,7.99,8.10,695200,6.96
2012-05-31,8.16,8.18,8.00,8.14,681700,6.99
2012-05-30,8.26,8.37,8.03,8.11,1432100,6.97
2012-05-29,8.47,8.51,8.24,8.41,642500,7.12
2012-05-25,8.50,8.55,8.40,8.47,377900,7.17
2012-05-24,8.54,8.59,8.30,8.48,454400,7.18
2012-05-23,8.55,8.70,8.29,8.50,827000,7.20
2012-05-22,8.67,8.85,8.50,8.61,693200,7.29
2012-05-21,8.38,8.75,8.32,8.63,612900,7.31
2012-05-18,8.20,8.52,8.14,8.31,918900,7.04
2012-05-17,8.73,8.83,8.10,8.17,783400,6.92
2012-05-16,9.21,9.26,8.65,8.69,690800,7.36
2012-05-15,9.26,9.73,9.10,9.13,752700,7.73
2012-05-14,9.50,9.64,9.29,9.30,558200,7.88
2012-05-11,9.72,9.81,9.53,9.59,325200,8.12
2012-05-10,10.00,10.00,9.72,9.78,450000,8.28
2012-05-09,9.87,10.01,9.82,9.87,425700,8.36
2012-05-08,9.66,10.01,9.46,9.98,1067600,8.45
2012-05-07,9.79,9.89,9.65,9.69,666100,8.21
2012-05-04,10.21,10.21,9.85,9.86,339000,8.35
2012-05-03,10.59,10.68,10.17,10.24,599200,8.67
2012-05-02,10.55,10.74,10.23,10.62,475300,9.00
2012-05-01,10.35,10.58,10.24,10.32,455300,8.74
2012-04-30,10.37,10.51,10.15,10.28,414700,8.71
2012-04-27,10.11,10.47,10.08,10.40,577900,8.81
2012-04-26,10.04,10.27,9.77,10.03,308400,8.50
2012-04-25,9.65,10.10,9.50,10.05,420600,8.51
2012-04-24,9.34,9.55,9.21,9.48,270500,8.03
2012-04-23,9.36,9.46,9.23,9.31,302300,7.89
2012-04-20,9.67,9.67,9.35,9.50,453500,8.05
2012-04-19,9.77,9.78,9.43,9.56,270400,8.10
2012-04-18,9.75,9.84,9.60,9.73,360100,8.24
2012-04-17,9.84,9.91,9.70,9.84,496600,8.34
2012-04-16,9.97,9.97,9.68,9.73,182000,8.24
2012-04-13,10.01,10.13,9.81,9.88,180900,8.37
2012-04-12,9.99,10.09,9.85,10.02,408300,8.49
2012-04-11,10.14,10.20,9.87,10.01,335100,8.48
2012-04-10,10.44,10.48,9.84,10.00,828500,8.47
2012-04-09,10.59,10.75,10.42,10.43,398300,8.83
2012-04-05,10.63,10.81,10.59,10.80,303900,9.15
2012-04-04,10.97,10.97,10.63,10.70,459800,9.06
2012-04-03,11.38,11.50,10.98,11.06,302500,9.37
2012-04-02,11.07,11.37,11.03,11.33,316300,9.60
2012-03-30,11.39,11.50,11.06,11.06,350800,9.37
2012-03-29,11.23,11.28,11.02,11.28,308900,9.55
2012-03-28,11.58,11.58,11.09,11.28,396200,9.55
2012-03-27,11.93,11.99,11.57,11.58,373400,9.81
2012-03-26,11.84,11.95,11.65,11.89,405000,10.07
2012-03-23,11.28,11.70,11.23,11.68,357700,9.89
2012-03-22,11.27,11.38,11.19,11.22,297300,9.50
2012-03-21,11.40,11.44,11.16,11.33,426800,9.60
2012-03-20,11.41,11.53,11.25,11.30,453000,9.57
2012-03-19,11.61,11.82,11.44,11.48,419300,9.72
2012-03-16,11.88,11.97,11.61,11.66,453700,9.88
2012-03-15,11.73,11.95,11.61,11.85,279900,10.04
2012-03-14,11.84,11.99,11.64,11.75,278600,9.95
2012-03-13,11.60,11.89,11.47,11.81,434900,10.00
2012-03-12,11.71,11.71,11.40,11.49,313200,9.73
2012-03-09,11.41,11.71,11.21,11.68,507500,9.89
2012-03-08,11.46,11.54,11.25,11.37,393700,9.63
2012-03-07,11.31,11.50,11.23,11.33,235900,9.60
2012-03-06,11.25,11.34,11.01,11.23,466200,9.51
2012-03-05,11.40,11.55,11.30,11.39,509900,9.65
2012-03-02,11.18,11.51,11.16,11.50,725600,9.74
2012-03-01,11.56,11.66,11.15,11.16,791400,9.45
2012-02-29,11.83,11.85,11.40,11.42,538100,9.67
2012-02-28,11.72,11.95,11.63,11.76,420400,9.96
2012-02-27,11.96,12.00,11.51,11.80,542600,9.89
2012-02-24,12.10,12.31,11.92,11.98,277300,10.04
2012-02-23,11.73,12.09,11.55,12.04,286200,10.09
2012-02-22,11.72,11.93,11.61,11.70,350600,9.81
2012-02-21,11.70,11.72,11.43,11.69,806600,9.80
2012-02-17,11.64,11.91,11.64,11.70,505700,9.81
2012-02-16,11.82,12.00,11.53,11.56,562800,9.69
2012-02-15,12.14,12.18,11.72,11.76,353800,9.86
2012-02-14,12.11,12.34,11.79,12.03,254800,10.09
2012-02-13,12.31,12.65,12.11,12.18,508200,10.21
2012-02-10,12.09,12.30,12.00,12.26,386200,10.28
2012-02-09,12.24,12.47,12.06,12.17,426400,10.20
2012-02-08,12.29,12.48,12.00,12.15,538500,10.19
2012-02-07,12.43,12.59,12.31,12.44,313100,10.43
2012-02-06,12.64,12.73,12.46,12.49,258200,10.47
2012-02-03,12.70,12.90,12.63,12.77,419500,10.71
2012-02-02,12.91,12.92,12.37,12.41,392700,10.41
2012-02-01,12.46,12.87,12.46,12.83,516300,10.76
2012-01-31,12.60,12.68,12.27,12.28,388000,10.30
2012-01-30,12.88,13.00,12.37,12.47,281200,10.46
2012-01-27,12.77,13.02,12.77,12.95,199400,10.86
2012-01-26,12.99,13.19,12.77,12.78,343300,10.72
2012-01-25,12.97,13.17,12.69,12.88,737900,10.80
2012-01-24,12.71,13.00,12.58,12.92,266700,10.83
2012-01-23,12.97,13.13,12.64,12.74,391700,10.68
2012-01-20,12.96,13.33,12.87,12.92,366300,10.83
2012-01-19,12.74,13.00,12.60,12.93,347900,10.84
2012-01-18,12.65,12.78,12.60,12.64,288700,10.60
2012-01-17,12.57,12.74,12.45,12.64,357100,10.60
2012-01-13,12.56,12.75,12.34,12.46,324700,10.45
2012-01-12,12.63,12.85,12.52,12.74,445400,10.68
2012-01-11,12.38,12.69,12.30,12.57,317900,10.54
2012-01-10,12.75,12.93,12.35,12.46,723800,10.45
2012-01-09,12.60,12.73,12.46,12.53,241900,10.51
2012-01-06,12.50,12.78,12.39,12.51,446900,10.49
2012-01-05,12.15,12.58,11.75,12.48,672600,10.46
2012-01-04,11.85,12.23,11.57,12.20,554300,10.23
2012-01-03,11.72,11.94,11.46,11.91,721000,9.99
2011-12-30,11.40,11.51,11.29,11.33,300500,9.50
2011-12-29,11.24,11.45,11.04,11.36,330900,9.52
2011-12-28,11.49,11.49,11.16,11.16,256300,9.36
2011-12-27,11.42,11.66,11.18,11.42,242400,9.58
2011-12-23,11.49,11.58,11.34,11.50,189900,9.64
2011-12-22,11.51,11.60,11.31,11.42,302800,9.58
2011-12-21,11.00,11.44,10.83,11.39,322700,9.55
2011-12-20,10.80,11.08,10.71,11.06,540800,9.27
2011-12-19,10.75,10.89,10.36,10.52,387300,8.82
2011-12-16,10.67,10.75,10.35,10.60,546900,8.89
2011-12-15,10.57,10.73,10.37,10.55,655900,8.85
2011-12-14,10.51,10.72,10.32,10.34,314800,8.67
2011-12-13,11.25,11.35,10.55,10.57,676200,8.86
2011-12-12,10.91,11.19,10.75,11.16,317400,9.36
2011-12-09,10.66,11.11,10.51,11.07,503100,9.28
2011-12-08,10.90,10.97,10.53,10.56,594500,8.85
2011-12-07,10.92,11.04,10.47,11.01,419900,9.23
2011-12-06,10.73,11.08,10.68,10.98,421100,9.21
2011-12-05,10.56,10.70,10.36,10.67,454400,8.95
2011-12-02,10.56,10.73,10.22,10.32,449900,8.65
2011-12-01,10.36,10.63,10.16,10.36,475300,8.69
2011-11-30,10.17,10.34,9.88,10.34,737300,8.67
2011-11-29,9.40,9.72,9.15,9.72,1106400,8.15
2011-11-28,9.36,9.88,9.27,9.43,654400,7.81
2011-11-25,8.87,9.09,8.87,8.94,176500,7.40
2011-11-23,9.07,9.16,8.80,8.89,343800,7.36
2011-11-22,9.24,9.45,9.08,9.13,236400,7.56
2011-11-21,9.40,9.40,9.10,9.21,193500,7.62
2011-11-18,9.73,9.84,9.51,9.57,210500,7.92
2011-11-17,9.59,10.04,9.56,9.68,547300,8.01
2011-11-16,9.63,9.86,9.51,9.57,357900,7.92
2011-11-15,9.53,9.73,9.39,9.72,286200,8.05
2011-11-14,9.67,9.84,9.51,9.59,245600,7.94
2011-11-11,9.79,9.97,9.68,9.70,324300,8.03
2011-11-10,9.54,9.69,9.42,9.61,390600,7.95
2011-11-09,9.50,9.61,9.28,9.29,419200,7.69
2011-11-08,10.09,10.09,9.71,9.80,469500,8.11
2011-11-07,10.00,10.10,9.70,9.99,425800,8.27
2011-11-04,9.90,10.02,9.71,9.97,413600,8.25
2011-11-03,10.86,10.86,9.82,10.03,887100,8.30
2011-11-02,9.49,10.68,9.30,10.65,1566700,8.82
2011-11-01,8.86,9.28,8.76,8.93,668500,7.39
2011-10-31,9.66,9.84,9.56,9.58,321200,7.93
2011-10-28,9.61,9.97,9.42,9.82,468900,8.13
2011-10-27,9.98,9.98,9.45,9.64,661600,7.98
2011-10-26,9.32,9.72,9.08,9.56,580900,7.91
2011-10-25,9.45,9.54,9.13,9.17,289600,7.59
2011-10-24,9.16,9.53,8.96,9.52,501200,7.88
2011-10-21,9.16,9.18,8.81,9.10,623400,7.53
2011-10-20,8.88,8.98,8.59,8.95,466800,7.41
2011-10-19,8.86,9.01,8.66,8.74,384400,7.23
2011-10-18,8.53,8.95,8.44,8.89,460400,7.36
2011-10-17,8.86,8.86,8.50,8.53,444000,7.06
2011-10-14,9.08,9.13,8.90,8.97,532000,7.43
2011-10-13,9.00,9.03,8.75,8.94,473600,7.40
2011-10-12,8.67,9.08,8.67,9.00,366700,7.45
2011-10-11,8.54,8.71,8.42,8.59,389500,7.11
2011-10-10,8.08,8.70,8.03,8.67,374300,7.18
2011-10-07,8.08,8.10,7.76,7.88,347200,6.52
2011-10-06,7.89,8.08,7.78,8.04,352400,6.66
2011-10-05,7.58,7.98,7.26,7.93,516300,6.56
2011-10-04,6.84,7.55,6.78,7.53,531500,6.23
2011-10-03,7.08,7.38,6.87,6.95,664400,5.75
2011-09-30,7.38,7.44,7.16,7.17,382800,5.94
2011-09-29,7.49,7.55,7.07,7.51,403200,6.22
2011-09-28,7.75,7.84,7.25,7.27,332500,6.02
2011-09-27,8.02,8.15,7.61,7.71,400300,6.38
2011-09-26,7.72,7.88,7.37,7.81,410500,6.46
2011-09-23,7.39,7.72,7.16,7.62,406800,6.31
2011-09-22,7.35,7.86,7.14,7.35,594700,6.08
2011-09-21,7.95,8.17,7.60,7.61,410400,6.30
2011-09-20,8.16,8.28,7.90,7.90,356400,6.54
2011-09-19,8.06,8.21,7.81,8.08,672900,6.69
2011-09-16,8.22,8.44,8.13,8.21,440600,6.80
2011-09-15,8.30,8.30,8.03,8.13,486200,6.73
2011-09-14,7.81,8.37,7.71,8.18,754000,6.77
2011-09-13,7.45,7.85,7.45,7.70,835600,6.37
2011-09-12,7.06,7.44,7.04,7.38,889500,6.11
2011-09-09,6.97,7.31,6.95,7.18,1008600,5.94
2011-09-08,7.20,7.20,6.91,7.00,671500,5.79
2011-09-07,7.09,7.33,6.97,7.27,645700,6.02
2011-09-06,6.67,6.95,6.61,6.93,944600,5.74
2011-09-02,7.09,7.48,6.89,6.90,934100,5.71
2011-09-01,7.83,8.09,7.29,7.36,744600,6.09
2011-08-31,7.85,8.10,7.74,7.81,482900,6.46
2011-08-30,8.04,8.09,7.72,7.75,1239800,6.42
2011-08-29,7.78,8.22,7.63,8.20,845900,6.69
2011-08-26,7.30,7.63,7.15,7.62,379800,6.22
2011-08-25,7.65,7.76,7.30,7.37,545900,6.01
2011-08-24,7.49,7.75,7.32,7.53,2673300,6.14
2011-08-23,7.30,7.53,7.10,7.53,675700,6.14
2011-08-22,7.78,8.03,7.20,7.23,350400,5.90
2011-08-19,7.55,8.03,7.47,7.49,773500,6.11
2011-08-18,7.97,8.05,7.56,7.74,1078200,6.31
2011-08-17,7.74,8.28,7.69,8.21,594800,6.70
2011-08-16,7.77,7.86,7.48,7.68,400000,6.26
2011-08-15,7.59,7.88,7.43,7.84,383600,6.39
2011-08-12,7.49,7.63,7.26,7.47,495000,6.09
2011-08-11,7.06,7.49,6.90,7.40,714400,6.04
2011-08-10,7.11,7.46,6.80,6.99,666400,5.70
2011-08-09,7.47,7.47,6.60,7.37,1166800,6.01
2011-08-08,7.61,7.86,7.03,7.20,944000,5.87
2011-08-05,8.53,8.85,7.50,7.98,666300,6.51
2011-08-04,9.13,9.33,8.33,8.36,1093300,6.82
2011-08-03,9.79,10.12,9.06,9.27,1048600,7.56
2011-08-02,10.17,10.34,9.70,9.72,545700,7.93
2011-08-01,10.11,10.38,9.71,10.29,570400,8.39
2011-07-29,9.82,10.05,9.64,9.91,512500,8.08
2011-07-28,10.18,10.18,9.81,9.97,437800,8.13
2011-07-27,10.51,10.64,10.05,10.14,559200,8.27
2011-07-26,10.76,10.99,10.67,10.85,238600,8.85
2011-07-25,11.05,11.14,10.67,10.76,396700,8.78
2011-07-22,11.09,11.30,10.96,11.16,205600,9.10
2011-07-21,10.74,11.22,10.57,11.06,377900,9.02
2011-07-20,10.34,10.66,10.24,10.66,375000,8.69
2011-07-19,9.82,10.38,9.82,10.28,479900,8.39
2011-07-18,10.07,10.13,9.68,9.76,383300,7.96
2011-07-15,10.26,10.46,9.97,10.08,328500,8.22
2011-07-14,10.39,10.45,9.94,10.14,317500,8.27
2011-07-13,10.39,10.58,10.20,10.29,337400,8.39
2011-07-12,10.28,10.51,10.19,10.27,603300,8.38
2011-07-11,10.60,10.75,10.30,10.38,513000,8.47
2011-07-08,10.67,10.85,10.52,10.78,380000,8.79
2011-07-07,10.72,11.01,10.63,10.80,414400,8.81
2011-07-06,11.09,11.09,10.31,10.60,710600,8.65
2011-07-05,11.07,11.20,10.90,11.14,342400,9.09
2011-07-01,11.01,11.29,10.75,11.02,530200,8.99
2011-06-30,11.09,11.30,10.96,10.98,352800,8.96
2011-06-29,11.11,11.18,10.95,11.00,714500,8.97
2011-06-28,10.83,11.02,10.71,10.99,774700,8.96
2011-06-27,10.53,10.74,10.31,10.72,601100,8.74
2011-06-24,10.43,10.47,10.27,10.43,1085600,8.51
2011-06-23,10.15,10.51,9.97,10.35,875700,8.44
2011-06-22,10.43,10.54,10.20,10.25,962300,8.36
2011-06-21,10.15,10.77,10.06,10.55,881800,8.61
2011-06-20,9.82,10.06,9.75,10.01,483400,8.16
2011-06-17,9.93,10.01,9.68,9.84,992600,8.03
2011-06-16,9.88,10.00,9.54,9.80,537900,7.99
2011-06-15,9.88,10.09,9.73,9.83,722000,8.02
2011-06-14,9.68,10.07,9.58,10.03,746500,8.18
2011-06-13,9.35,9.73,9.26,9.54,562300,7.78
2011-06-10,9.56,9.71,9.21,9.25,323200,7.54
2011-06-09,9.50,9.72,9.31,9.64,421600,7.86
2011-06-08,9.26,9.49,9.17,9.39,732600,7.66
2011-06-07,9.36,9.48,9.23,9.30,499700,7.59
2011-06-06,9.56,9.61,9.19,9.24,525800,7.54
2011-06-03,9.29,9.63,9.25,9.52,770000,7.77
2011-06-02,9.47,9.55,9.22,9.52,762500,7.77
2011-06-01,9.54,9.69,9.40,9.44,875400,7.70
2011-05-31,9.63,9.66,9.44,9.62,844200,7.85
2011-05-27,9.41,9.53,9.41,9.47,248400,7.72
2011-05-26,9.39,9.58,9.39,9.49,404400,7.64
2011-05-25,9.62,9.62,9.20,9.37,1095300,7.55
2011-05-24,9.89,9.90,9.50,9.54,512800,7.68
2011-05-23,10.10,10.47,9.76,9.79,684300,7.88
2011-05-20,10.36,10.54,10.27,10.36,320200,8.34
2011-05-19,10.70,10.72,10.31,10.45,452900,8.42
2011-05-18,10.07,10.63,10.05,10.60,626500,8.54
2011-05-17,9.79,10.09,9.67,10.03,485700,8.08
2011-05-16,9.95,10.18,9.82,9.90,573000,7.97
2011-05-13,10.10,10.19,9.81,10.01,571300,8.06
2011-05-12,10.26,10.29,10.02,10.12,546000,8.15
2011-05-11,10.42,10.42,10.29,10.32,428800,8.31
2011-05-10,10.33,10.45,10.14,10.44,434100,8.41
2011-05-09,10.61,10.61,10.23,10.25,620700,8.25
2011-05-06,10.78,10.89,10.48,10.60,284000,8.54
2011-05-05,10.37,10.75,10.21,10.57,547200,8.51
2011-05-04,11.04,11.43,10.50,10.51,487900,8.46
2011-05-03,11.42,11.42,10.89,11.01,522900,8.87
2011-05-02,11.58,11.78,11.28,11.47,784300,9.24
2011-04-29,11.56,11.65,11.48,11.49,174000,9.25
2011-04-28,11.70,11.73,11.43,11.50,260000,9.26
2011-04-27,11.38,11.79,11.27,11.69,492100,9.41
2011-04-26,11.17,11.43,11.10,11.40,445800,9.18
2011-04-25,11.09,11.15,10.98,11.07,321400,8.92
2011-04-21,11.26,11.26,10.85,11.08,383000,8.92
2011-04-20,10.91,11.18,10.88,11.14,334800,8.97
2011-04-19,10.80,10.95,10.60,10.68,267900,8.60
2011-04-18,10.74,10.83,10.62,10.80,348700,8.70
2011-04-15,10.97,11.25,10.97,11.00,420000,8.86
2011-04-14,10.87,11.05,10.81,11.00,422900,8.86
2011-04-13,10.95,11.25,10.81,11.04,811800,8.89
2011-04-12,11.22,11.26,10.80,10.84,603900,8.73
2011-04-11,11.61,11.70,11.21,11.26,615000,9.07
2011-04-08,11.88,11.96,11.50,11.63,661100,9.37
2011-04-07,12.00,12.06,11.58,11.76,478600,9.47
2011-04-06,12.33,12.46,11.96,12.02,274500,9.68
2011-04-05,12.51,12.68,12.21,12.21,393500,9.83
2011-04-04,12.65,12.65,12.48,12.59,406700,10.14
2011-04-01,12.70,12.90,12.57,12.70,515600,10.23
2011-03-31,12.48,12.79,12.48,12.54,528200,10.10
2011-03-30,12.40,12.70,12.24,12.48,309300,10.05
2011-03-29,12.13,12.22,11.97,12.19,195000,9.82
2011-03-28,12.22,12.26,11.95,12.17,257300,9.80
2011-03-25,12.31,12.51,12.06,12.12,477600,9.76
2011-03-24,12.37,12.53,12.22,12.23,1020300,9.85
2011-03-23,12.01,12.31,11.77,12.24,640900,9.86
2011-03-22,12.26,12.41,11.91,12.07,429600,9.72
2011-03-21,11.72,12.32,11.54,12.20,811700,9.83
2011-03-18,11.98,12.00,11.45,11.51,1485400,9.27
2011-03-17,11.69,11.93,11.55,11.72,381800,9.44
2011-03-16,11.71,12.07,11.47,11.50,713000,9.26
2011-03-15,11.47,11.85,11.32,11.66,602600,9.39
2011-03-14,12.00,12.24,11.73,12.03,651600,9.69
2011-03-11,12.45,12.79,12.15,12.16,903400,9.79
2011-03-10,12.47,12.78,12.35,12.50,597300,10.07
2011-03-09,12.55,13.00,12.55,12.71,614600,10.24
2011-03-08,12.47,12.77,12.31,12.55,508600,10.11
2011-03-07,12.94,12.94,12.17,12.51,926000,10.07
2011-03-04,12.88,12.98,12.63,12.80,691900,10.31
2011-03-03,12.64,12.99,12.60,12.88,719600,10.37
2011-03-02,12.25,12.68,12.07,12.52,717100,10.08
2011-03-01,13.00,13.00,12.12,12.21,1271600,9.83
2011-02-28,12.96,13.01,12.81,12.94,630500,10.42
2011-02-25,12.42,12.99,12.42,12.89,644200,10.38
2011-02-24,12.35,12.55,12.16,12.41,611700,9.90
2011-02-23,12.75,12.77,11.94,12.34,791500,9.84
2011-02-22,12.82,13.02,12.73,12.77,752800,10.18
2011-02-18,12.93,13.07,12.87,13.00,576700,10.37
2011-02-17,12.71,13.00,12.58,12.89,742100,10.28
2011-02-16,12.50,12.75,12.42,12.60,550300,10.05
2011-02-15,12.14,12.49,11.95,12.41,680900,9.90
2011-02-14,12.18,12.20,11.84,12.17,1314500,9.71
2011-02-11,11.45,12.46,11.38,12.14,1740400,9.68
2011-02-10,11.37,11.90,11.12,11.78,1677400,9.40
2011-02-09,10.05,11.32,10.05,10.99,2140600,8.77
2011-02-08,9.89,9.99,9.81,9.95,1028300,7.94
2011-02-07,9.38,9.86,9.38,9.57,664000,7.63
2011-02-04,9.45,9.45,9.13,9.35,246700,7.46
2011-02-03,9.11,9.45,9.00,9.45,312700,7.54
2011-02-02,9.05,9.25,8.95,9.15,230900,7.30
2011-02-01,8.90,9.17,8.70,9.11,420800,7.27
2011-01-31,8.51,8.85,8.32,8.77,342200,6.99
2011-01-28,8.53,8.57,8.23,8.43,451300,6.72
2011-01-27,8.66,8.76,8.48,8.56,290400,6.83
2011-01-26,8.25,8.84,8.25,8.65,441100,6.90
2011-01-25,7.92,8.23,7.87,8.22,356200,6.56
2011-01-24,7.81,8.00,7.71,7.99,169800,6.37
2011-01-21,7.88,7.99,7.81,7.83,263600,6.24
2011-01-20,7.90,7.94,7.57,7.82,518100,6.24
2011-01-19,8.06,8.08,7.92,7.95,948100,6.34
2011-01-18,8.00,8.11,7.87,8.09,464000,6.45
2011-01-14,8.13,8.16,8.01,8.05,296200,6.42
2011-01-13,8.26,8.27,8.06,8.12,207900,6.48
2011-01-12,8.24,8.31,8.09,8.29,235700,6.61
2011-01-11,8.06,8.15,7.99,8.15,415200,6.50
2011-01-10,7.87,8.14,7.86,8.03,230900,6.40
2011-01-07,8.01,8.04,7.75,7.95,280600,6.34
2011-01-06,8.30,8.30,7.88,8.01,505600,6.39
2011-01-05,8.14,8.30,8.12,8.27,224500,6.60
2011-01-04,8.33,8.33,8.08,8.15,232800,6.50
2011-01-03,8.26,8.36,8.15,8.33,462200,6.64
2010-12-31,8.13,8.39,8.10,8.18,437500,6.52
2010-12-30,8.22,8.26,8.10,8.13,131400,6.48
2010-12-29,8.16,8.29,8.05,8.25,259500,6.58
2010-12-28,8.31,8.32,8.08,8.16,285100,6.51
2010-12-27,8.29,8.35,8.24,8.32,153100,6.64
2010-12-23,8.30,8.40,8.18,8.34,204800,6.65
2010-12-22,8.32,8.34,8.10,8.32,208500,6.64
2010-12-21,8.32,8.36,7.74,8.31,402900,6.63
2010-12-20,8.34,8.43,8.23,8.27,208800,6.60
2010-12-17,8.46,8.50,8.15,8.32,541300,6.64
2010-12-16,8.42,8.48,8.21,8.47,245600,6.76
2010-12-15,8.37,8.50,8.27,8.36,253900,6.67
2010-12-14,8.25,8.38,8.19,8.36,464500,6.67
2010-12-13,8.31,8.34,8.13,8.19,233800,6.53
2010-12-10,8.13,8.30,8.05,8.29,253700,6.61
2010-12-09,8.19,8.20,8.06,8.08,300900,6.44
2010-12-08,8.15,8.23,8.05,8.09,247200,6.45
2010-12-07,8.34,8.39,8.11,8.18,529000,6.52
2010-12-06,8.06,8.30,7.82,8.25,272600,6.58
2010-12-03,7.88,8.20,7.84,8.06,537100,6.43
2010-12-02,7.95,7.95,7.80,7.92,335400,6.32
2010-12-01,7.87,8.00,7.80,7.93,281400,6.32
2010-11-30,7.84,7.98,7.71,7.75,466700,6.18
2010-11-29,7.89,8.03,7.56,7.98,445600,6.36
2010-11-26,8.27,8.41,8.10,8.39,159300,6.35
2010-11-24,8.20,8.34,8.14,8.31,387300,6.29
2010-11-23,8.04,8.18,7.91,8.13,302100,6.15
2010-11-22,8.00,8.22,7.85,8.17,225700,6.18
2010-11-19,8.29,8.29,7.96,8.04,467900,6.08
2010-11-18,7.99,8.37,7.90,8.28,663100,6.27
2010-11-17,7.32,7.88,7.32,7.84,361600,5.93
2010-11-16,7.58,7.69,7.17,7.27,398300,5.50
2010-11-15,7.76,7.91,7.66,7.68,125900,5.81
2010-11-12,8.02,8.12,7.71,7.71,313900,5.83
2010-11-11,8.12,8.28,8.08,8.13,163200,6.15
2010-11-10,8.05,8.32,8.05,8.25,284500,6.24
2010-11-09,8.40,8.45,8.00,8.05,321300,6.09
2010-11-08,8.40,8.50,8.26,8.34,267600,6.31
2010-11-05,8.37,8.47,8.27,8.32,188300,6.30
2010-11-04,8.28,8.37,8.07,8.32,331900,6.30
2010-11-03,7.87,8.10,7.72,8.07,294100,6.11
2010-11-02,7.86,8.00,7.70,7.85,229200,5.94
2010-11-01,8.03,8.17,7.73,7.82,177800,5.92
2010-10-29,7.88,8.12,7.85,7.99,253700,6.05
2010-10-28,7.96,8.00,7.70,7.91,502200,5.99
2010-10-27,7.79,7.97,7.75,7.84,752100,5.93
2010-10-26,8.13,8.14,7.45,7.82,572600,5.92
2010-10-25,8.25,8.37,8.09,8.17,232300,6.18
2010-10-22,8.27,8.39,8.04,8.14,178500,6.16
2010-10-21,8.27,8.39,8.03,8.21,211800,6.21
2010-10-20,8.27,8.40,8.20,8.20,341400,6.20
2010-10-19,8.10,8.37,8.10,8.19,505500,6.20
2010-10-18,8.31,8.47,8.21,8.31,428600,6.29
2010-10-15,8.53,8.53,8.19,8.25,410500,6.24
2010-10-14,8.39,8.50,8.21,8.39,520600,6.35
2010-10-13,7.93,8.50,7.91,8.42,786000,6.37
2010-10-12,7.89,7.94,7.70,7.86,317200,5.95
2010-10-11,7.80,8.02,7.77,7.89,297600,5.97
2010-10-08,7.52,7.85,7.50,7.82,321400,5.92
2010-10-07,7.50,7.59,7.43,7.54,362300,5.71
2010-10-06,7.44,7.53,7.39,7.44,472400,5.63
2010-10-05,7.23,7.52,7.20,7.43,545300,5.62
2010-10-04,7.08,7.21,7.05,7.12,338000,5.39
2010-10-01,7.15,7.19,6.91,7.13,202300,5.40
2010-09-30,7.16,7.21,6.95,7.02,263000,5.31
2010-09-29,6.99,7.19,6.86,7.10,156600,5.37
2010-09-28,7.09,7.09,6.79,7.05,348800,5.33
2010-09-27,7.12,7.20,6.95,7.05,266300,5.33
2010-09-24,6.89,7.10,6.83,7.10,612300,5.37
2010-09-23,6.75,6.99,6.72,6.74,398800,5.10
2010-09-22,7.04,7.14,6.77,6.80,271100,5.15
2010-09-21,7.16,7.25,7.02,7.09,1116400,5.36
2010-09-20,7.18,7.27,6.94,7.15,543100,5.41
2010-09-17,7.37,7.37,7.00,7.15,363200,5.41
2010-09-16,7.34,7.37,7.15,7.25,235900,5.49
2010-09-15,7.19,7.44,6.87,7.38,314700,5.58
2010-09-14,6.94,7.25,6.81,7.23,367000,5.47
2010-09-13,6.74,7.09,6.71,7.01,593800,5.30
2010-09-10,6.77,6.82,6.53,6.63,166000,5.02
2010-09-09,6.76,6.76,6.60,6.73,187300,5.09
2010-09-08,6.65,6.77,6.53,6.60,326700,4.99
2010-09-07,6.91,6.98,6.57,6.61,332600,5.00
2010-09-03,6.78,6.99,6.74,6.94,402900,5.25
2010-09-02,6.30,6.74,6.30,6.70,249000,5.07
2010-09-01,6.15,6.29,6.02,6.28,326200,4.75
2010-08-31,5.89,6.08,5.80,5.98,1027500,4.52
2010-08-30,5.86,6.16,5.86,5.92,455500,4.48
2010-08-27,5.81,5.91,5.60,5.89,440200,4.46
2010-08-26,6.06,6.26,5.72,5.72,291900,4.33
2010-08-25,5.89,6.03,5.78,6.03,258900,4.56
2010-08-24,6.21,6.21,5.89,5.98,417600,4.52
2010-08-23,6.62,6.67,6.35,6.37,347500,4.82
2010-08-20,6.61,6.83,6.35,6.56,214400,4.96
2010-08-19,6.54,6.74,6.48,6.66,341500,5.04
2010-08-18,6.53,6.80,6.45,6.60,179900,4.99
2010-08-17,6.53,6.57,6.43,6.53,355000,4.94
2010-08-16,6.22,6.50,6.13,6.42,348400,4.86
2010-08-13,6.06,6.38,6.06,6.26,300800,4.74
2010-08-12,6.15,6.33,6.06,6.13,425200,4.64
2010-08-11,6.61,6.99,6.23,6.29,657800,4.76
2010-08-10,6.82,7.00,6.66,6.78,484200,5.13
2010-08-09,7.01,7.05,6.86,6.94,466600,5.25
2010-08-06,6.68,7.00,6.50,6.99,415700,5.29
2010-08-05,6.40,6.85,6.40,6.79,548800,5.14
2010-08-04,6.08,6.54,6.08,6.48,537100,4.90
2010-08-03,6.00,6.10,5.85,5.99,248200,4.53
2010-08-02,6.21,6.21,6.02,6.06,304600,4.59
2010-07-30,5.84,6.12,5.80,6.04,215100,4.57
2010-07-29,6.05,6.22,5.89,6.00,388100,4.54
2010-07-28,6.15,6.21,5.97,5.98,392100,4.52
2010-07-27,6.32,6.38,6.16,6.18,287800,4.68
2010-07-26,5.67,6.25,5.62,6.20,515700,4.69
2010-07-23,5.47,5.73,5.35,5.66,413200,4.28
2010-07-22,5.56,5.74,5.41,5.50,596200,4.16
2010-07-21,5.73,5.84,5.39,5.40,263300,4.09
2010-07-20,5.33,5.66,5.25,5.66,345400,4.28
2010-07-19,5.44,5.75,5.29,5.46,279400,4.13
2010-07-16,5.96,6.00,5.36,5.39,676100,4.08
2010-07-15,6.12,6.16,5.92,6.03,259000,4.56
2010-07-14,6.14,6.21,5.95,6.12,192400,4.63
2010-07-13,5.91,6.21,5.81,6.17,494100,4.67
2010-07-12,5.80,5.98,5.71,5.74,142900,4.34
2010-07-09,5.74,5.90,5.60,5.85,206900,4.43
2010-07-08,5.73,5.83,5.55,5.74,255200,4.34
2010-07-07,5.51,5.61,5.32,5.61,277500,4.25
2010-07-06,5.70,5.90,5.45,5.50,481000,4.16
2010-07-02,5.74,5.95,5.36,5.47,397900,4.14
2010-07-01,5.82,5.87,5.38,5.64,410400,4.27
2010-06-30,6.13,6.22,5.80,5.83,570200,4.41
2010-06-29,6.59,6.73,6.11,6.14,696000,4.65
2010-06-28,6.66,6.89,6.66,6.82,526400,5.16
2010-06-25,6.55,6.82,6.44,6.65,964600,5.03
2010-06-24,6.65,6.79,6.44,6.51,647200,4.93
2010-06-23,6.85,6.98,6.64,6.76,453400,5.12
2010-06-22,6.87,7.08,6.72,6.84,599700,5.18
2010-06-21,6.82,6.98,6.62,6.84,658800,5.18
2010-06-18,6.51,6.69,6.43,6.64,564500,5.02
2010-06-17,6.35,6.49,6.27,6.46,393100,4.89
2010-06-16,6.10,6.35,6.01,6.31,302700,4.77
2010-06-15,5.82,6.21,5.75,6.18,301300,4.68
2010-06-14,5.70,5.98,5.62,5.77,263000,4.37
2010-06-11,5.52,5.80,5.52,5.59,385100,4.23
2010-06-10,5.62,5.75,5.36,5.61,282300,4.25
2010-06-09,5.60,5.74,5.39,5.44,250700,4.12
2010-06-08,5.70,5.81,5.37,5.50,511000,4.16
2010-06-07,6.02,6.16,5.62,5.64,510800,4.27
2010-06-04,6.31,6.41,5.98,6.00,410000,4.54
2010-06-03,6.61,6.76,6.45,6.57,217200,4.97
2010-06-02,6.28,6.53,6.17,6.53,277800,4.94
2010-06-01,6.54,6.60,6.22,6.22,286700,4.71
2010-05-28,6.68,6.91,6.56,6.64,299200,5.02
2010-05-27,6.28,6.71,6.28,6.68,367600,5.05
2010-05-26,6.16,6.40,6.05,6.05,508500,4.58
2010-05-25,5.88,6.13,5.74,6.10,385700,4.62
2010-05-24,6.45,6.59,6.17,6.18,268900,4.68
2010-05-21,5.90,6.61,5.83,6.45,788600,4.88
2010-05-20,6.51,6.60,6.05,6.06,988000,4.59
2010-05-19,6.87,7.00,6.66,6.77,437700,5.12
2010-05-18,7.35,7.60,6.80,6.92,649000,5.24
2010-05-17,7.22,7.33,6.80,7.19,496400,5.44
2010-05-14,7.10,7.27,6.92,7.14,596600,5.40
2010-05-13,7.30,7.44,7.10,7.21,498000,5.46
2010-05-12,6.90,7.33,6.76,7.31,805700,5.53
2010-05-11,6.73,6.95,6.66,6.85,713800,5.18
2010-05-10,6.81,7.05,6.67,6.85,768100,5.18
2010-05-07,6.77,6.82,6.37,6.44,657500,4.87
2010-05-06,6.81,6.84,5.87,6.78,1286400,5.13
2010-05-05,6.59,7.10,6.25,6.98,1204700,5.28
2010-05-04,7.12,7.12,6.70,6.79,883700,5.14
2010-05-03,6.95,7.31,6.87,7.29,463900,5.52
2010-04-30,7.04,7.15,6.85,6.88,537000,5.21
2010-04-29,7.40,7.52,6.93,7.00,1096400,5.30
2010-04-28,7.38,7.52,7.22,7.31,529400,5.53
2010-04-27,7.76,7.86,7.30,7.32,672100,5.54
2010-04-26,7.80,7.96,7.75,7.79,509300,5.89
2010-04-23,7.61,7.85,7.61,7.79,535100,5.89
2010-04-22,7.36,7.65,7.20,7.61,539500,5.76
2010-04-21,7.02,7.54,7.00,7.51,943800,5.68
2010-04-20,6.83,7.06,6.77,7.02,586600,5.31
2010-04-19,6.53,6.84,6.44,6.81,624200,5.15
2010-04-16,6.77,6.79,6.48,6.61,863000,5.00
2010-04-15,6.70,6.89,6.61,6.77,804200,5.12
2010-04-14,6.25,6.72,6.19,6.68,1118000,5.05
2010-04-13,6.12,6.23,6.02,6.20,386200,4.69
2010-04-12,5.86,6.24,5.85,6.15,823800,4.65
2010-04-09,5.74,5.86,5.60,5.85,289000,4.43
2010-04-08,5.68,5.75,5.58,5.71,525900,4.32
2010-04-07,5.57,5.70,5.46,5.70,470300,4.31
2010-04-06,5.56,5.62,5.44,5.57,286100,4.21
2010-04-05,5.34,5.60,5.34,5.59,437100,4.23
2010-04-01,5.12,5.37,5.09,5.33,466600,4.03
2010-03-31,5.01,5.20,4.95,5.08,680700,3.84
2010-03-30,4.90,5.05,4.90,5.03,381600,3.81
2010-03-29,4.82,4.99,4.82,4.90,500200,3.71
2010-03-26,4.72,5.07,4.71,4.81,898100,3.64
2010-03-25,4.97,5.05,4.77,4.78,488000,3.62
2010-03-24,5.07,5.11,4.93,4.94,249000,3.74
2010-03-23,5.06,5.13,4.94,5.11,334600,3.87
2010-03-22,5.07,5.25,4.89,5.07,585300,3.84
2010-03-19,5.42,5.43,5.09,5.12,932600,3.87
2010-03-18,5.60,5.67,5.40,5.43,343400,4.11
2010-03-17,5.71,5.76,5.61,5.65,533700,4.28
2010-03-16,5.55,5.68,5.46,5.65,364000,4.28
2010-03-15,5.72,5.72,5.49,5.50,465000,4.16
2010-03-12,5.75,5.83,5.69,5.75,735900,4.35
2010-03-11,5.47,5.76,5.46,5.72,551100,4.33
2010-03-10,5.68,5.78,5.44,5.51,615200,4.17
2010-03-09,5.57,5.75,5.54,5.67,432600,4.29
2010-03-08,5.52,5.60,5.34,5.57,710200,4.21
2010-03-05,5.36,5.54,5.33,5.52,561400,4.18
2010-03-04,5.29,5.54,5.13,5.34,512500,4.04
2010-03-03,5.24,5.38,5.11,5.26,761000,3.98
2010-03-02,5.06,5.59,5.05,5.19,1919400,3.93
2010-03-01,4.97,5.25,4.76,5.06,1091000,3.83
2010-02-26,5.09,5.28,5.00,5.02,420400,3.80
2010-02-25,5.01,5.22,4.92,5.10,536300,3.86
2010-02-24,5.09,5.25,5.05,5.06,386700,3.83
2010-02-23,5.40,5.40,5.08,5.09,447000,3.85
2010-02-22,5.64,5.74,5.37,5.39,382700,4.08
2010-02-19,5.79,5.79,5.51,5.63,399100,4.26
2010-02-18,5.74,5.88,5.61,5.78,488600,4.37
2010-02-17,5.65,6.20,5.59,5.77,1428100,4.37
2010-02-16,5.35,5.54,5.26,5.51,461400,4.17
2010-02-12,5.25,5.29,5.13,5.27,275100,3.99
2010-02-11,5.14,5.35,5.06,5.32,406200,4.03
2010-02-10,5.38,5.38,5.07,5.13,372700,3.88
2010-02-09,5.15,5.45,4.99,5.43,456000,4.11
2010-02-08,5.20,5.39,4.97,5.00,526400,3.78
2010-02-05,5.37,5.37,5.03,5.19,429300,3.93
2010-02-04,5.30,5.58,5.11,5.38,825700,4.07
2010-02-03,5.61,5.67,5.34,5.37,493500,4.06
2010-02-02,5.57,5.74,5.49,5.62,644500,4.25
2010-02-01,5.09,5.59,5.08,5.54,1906600,4.19
2010-01-29,5.20,5.24,5.04,5.05,412000,3.82
2010-01-28,5.19,5.25,4.94,5.16,299800,3.90
2010-01-27,5.01,5.17,4.90,5.16,406500,3.90
2010-01-26,5.16,5.27,4.95,5.11,367900,3.87
2010-01-25,4.97,5.21,4.76,5.21,605800,3.94
2010-01-22,4.70,4.96,4.50,4.90,605100,3.71
2010-01-21,4.92,4.98,4.67,4.70,665700,3.56
2010-01-20,5.24,5.30,4.90,4.92,755200,3.72
2010-01-19,4.83,5.30,4.83,5.29,1575700,4.00
2010-01-15,4.98,4.98,4.62,4.83,454300,3.65
2010-01-14,4.92,4.98,4.88,4.97,259600,3.76
2010-01-13,4.86,4.98,4.82,4.98,449800,3.77
2010-01-12,4.85,4.99,4.65,4.81,253200,3.64
2010-01-11,4.88,5.00,4.82,4.88,301200,3.69
2010-01-08,4.85,4.88,4.71,4.84,186800,3.66
2010-01-07,5.05,5.07,4.76,4.83,514100,3.65
2010-01-06,5.02,5.09,4.93,5.05,802600,3.82
2010-01-05,4.59,5.08,4.38,4.98,1030400,3.77
2010-01-04,4.10,4.75,4.08,4.63,921600,3.50
2009-12-31,4.23,4.24,3.96,4.03,437900,3.05
2009-12-30,4.36,4.44,4.18,4.27,338100,3.23
2009-12-29,4.19,4.48,4.19,4.41,232000,3.34
2009-12-28,4.19,4.23,4.13,4.17,151400,3.16
2009-12-24,4.17,4.24,4.08,4.16,90500,3.15
2009-12-23,3.95,4.18,3.93,4.14,195100,3.13
2009-12-22,3.86,4.02,3.82,3.93,228600,2.97
2009-12-21,3.87,3.93,3.79,3.86,197200,2.92
2009-12-18,3.89,3.99,3.69,3.85,728400,2.91
2009-12-17,3.80,3.90,3.77,3.83,237900,2.90
2009-12-16,3.67,3.99,3.57,3.85,625000,2.91
2009-12-15,3.66,3.86,3.56,3.64,537300,2.75
2009-12-14,3.70,3.71,3.53,3.69,308800,2.79
2009-12-11,3.61,3.70,3.50,3.66,387600,2.77
2009-12-10,3.70,3.74,3.54,3.57,229900,2.70
2009-12-09,3.70,3.75,3.64,3.69,447200,2.79
2009-12-08,3.55,3.80,3.50,3.69,699800,2.79
2009-12-07,3.65,3.68,3.58,3.59,245400,2.72
2009-12-04,3.55,3.70,3.40,3.65,258100,2.76
2009-12-03,3.50,3.57,3.44,3.45,253800,2.61
2009-12-02,3.54,3.59,3.45,3.52,335400,2.66
2009-12-01,3.70,3.72,3.42,3.53,856500,2.67
2009-11-30,3.44,3.75,3.42,3.67,771100,2.78
2009-11-27,3.10,3.42,3.08,3.36,279600,2.54
2009-11-25,3.47,3.51,3.23,3.25,733700,2.46
2009-11-24,3.57,3.58,3.38,3.44,358700,2.60
2009-11-23,3.75,3.86,3.53,3.56,278900,2.69
2009-11-20,3.54,3.75,3.54,3.66,404300,2.77
2009-11-19,3.71,3.75,3.57,3.57,305700,2.70
2009-11-18,3.89,3.98,3.76,3.77,172900,2.85
2009-11-17,3.83,4.00,3.70,3.90,322900,2.95
2009-11-16,3.80,3.90,3.79,3.82,369600,2.89
2009-11-13,3.79,3.88,3.61,3.66,266100,2.77
2009-11-12,3.85,4.00,3.76,3.78,247400,2.86
2009-11-11,4.02,4.03,3.78,3.85,332900,2.91
2009-11-10,4.05,4.14,3.80,4.00,377000,3.03
2009-11-09,4.01,4.15,3.90,4.07,447900,3.08
2009-11-06,3.84,3.96,3.80,3.96,179200,3.00
2009-11-05,3.89,3.98,3.79,3.87,312100,2.93
2009-11-04,4.29,4.29,3.61,3.81,484600,2.88
2009-11-03,3.81,4.06,3.70,4.04,361700,3.06
2009-11-02,3.97,4.34,3.74,3.85,237700,2.91
2009-10-30,4.01,4.12,3.84,3.94,394300,2.98
2009-10-29,3.81,4.14,3.81,4.07,460500,3.08
2009-10-28,4.15,4.22,3.68,3.73,637700,2.82
2009-10-27,4.46,4.46,4.08,4.18,301800,3.16
2009-10-26,4.67,4.81,4.33,4.45,277800,3.37
2009-10-23,5.00,5.08,4.61,4.66,359500,3.53
2009-10-22,4.92,5.02,4.81,4.98,458000,3.77
2009-10-21,4.90,5.05,4.81,4.90,598900,3.71
2009-10-20,5.01,5.10,4.80,4.93,353500,3.73
2009-10-19,4.94,5.29,4.76,5.03,609300,3.81
2009-10-16,4.74,4.89,4.62,4.86,459300,3.68
2009-10-15,4.76,4.82,4.51,4.80,1023700,3.63
2009-10-14,4.29,4.99,4.11,4.81,1662600,3.64
2009-10-13,3.72,4.32,3.61,4.23,1963100,3.20
2009-10-12,3.62,3.75,3.60,3.73,337600,2.82
2009-10-09,3.62,3.73,3.51,3.62,284800,2.74
2009-10-08,3.42,3.66,3.40,3.61,437400,2.73
2009-10-07,3.37,3.41,3.30,3.39,158200,2.57
2009-10-06,3.31,3.44,3.25,3.40,261900,2.57
2009-10-05,2.96,3.28,2.96,3.28,414800,2.48
2009-10-02,2.77,3.08,2.65,2.95,466600,2.23
2009-10-01,3.55,3.55,3.11,3.11,306700,2.35
2009-09-30,3.49,3.65,3.42,3.58,283400,2.71
2009-09-29,3.58,3.68,3.58,3.62,285900,2.74
2009-09-28,3.40,3.59,3.34,3.51,199600,2.66
2009-09-25,3.36,3.52,3.25,3.38,263500,2.56
2009-09-24,3.64,3.64,3.34,3.38,266700,2.56
2009-09-23,3.68,3.68,3.55,3.66,319500,2.77
2009-09-22,3.73,3.77,3.67,3.68,289700,2.78
2009-09-21,3.71,3.80,3.46,3.68,568900,2.78
2009-09-18,3.50,3.71,3.31,3.65,729800,2.76
2009-09-17,3.79,3.95,3.47,3.48,445300,2.63
2009-09-16,3.42,3.84,3.37,3.81,889300,2.88
2009-09-15,3.13,3.46,3.07,3.42,1052500,2.59
2009-09-14,3.09,3.17,2.94,3.15,150900,2.38
2009-09-11,3.13,3.22,2.98,3.12,298100,2.36
2009-09-10,3.02,3.15,2.91,3.14,294800,2.38
2009-09-09,2.78,3.04,2.69,3.01,520400,2.28
2009-09-08,2.80,2.89,2.72,2.77,365900,2.10
2009-09-04,2.57,2.80,2.52,2.79,277200,2.11
2009-09-03,2.67,2.76,2.55,2.57,338900,1.94
2009-09-02,2.66,2.76,2.55,2.66,255800,2.01
2009-09-01,2.80,2.93,2.65,2.66,441200,2.01
2009-08-31,2.96,3.15,2.78,2.83,734400,2.14
2009-08-28,3.24,3.24,2.89,3.05,424300,2.31
2009-08-27,3.03,3.23,2.87,3.23,381300,2.44
2009-08-26,3.11,3.11,2.93,3.08,579100,2.33
2009-08-25,3.11,3.35,3.05,3.18,981400,2.41
2009-08-24,3.15,3.54,2.91,3.12,3540200,2.36
2009-08-21,2.44,3.45,2.40,2.85,4535600,2.16
2009-08-20,2.08,2.15,2.00,2.15,209700,1.63
2009-08-19,2.00,2.09,1.93,2.08,265200,1.57
2009-08-18,1.91,2.10,1.87,2.06,273400,1.56
2009-08-17,2.05,2.05,1.83,1.91,467000,1.45
2009-08-14,2.21,2.35,2.09,2.13,307900,1.61
2009-08-13,2.39,2.44,2.14,2.26,369300,1.71
2009-08-12,2.23,2.43,2.20,2.25,371300,1.70
2009-08-11,2.72,2.79,2.15,2.19,575600,1.66
2009-08-10,2.41,2.74,2.26,2.74,347800,2.07
2009-08-07,2.10,2.59,2.09,2.48,766900,1.88
2009-08-06,2.17,2.20,1.98,2.06,687700,1.56
2009-08-05,2.17,2.35,2.13,2.22,708500,1.68
2009-08-04,2.27,2.44,2.13,2.18,808600,1.65
2009-08-03,1.98,2.30,1.97,2.18,960900,1.65
2009-07-31,1.84,1.94,1.78,1.87,695200,1.42
2009-07-30,1.70,1.87,1.69,1.85,372400,1.40
2009-07-29,1.65,1.69,1.61,1.68,195500,1.27
2009-07-28,1.59,1.68,1.59,1.66,200000,1.26
2009-07-27,1.57,1.61,1.51,1.60,177900,1.21
2009-07-24,1.48,1.59,1.32,1.58,430400,1.20
2009-07-23,1.43,1.57,1.42,1.55,373700,1.17
2009-07-22,1.32,1.55,1.27,1.44,432800,1.09
2009-07-21,1.59,1.62,1.30,1.33,438000,1.01
2009-07-20,1.34,1.63,1.30,1.62,645800,1.23
2009-07-17,1.23,1.40,1.17,1.34,1009700,1.01
2009-07-16,1.03,1.25,1.03,1.22,1681700,0.92
2009-07-15,1.15,1.17,1.03,1.07,1847700,0.81
2009-07-14,0.88,1.20,0.85,1.10,3954600,0.83
2009-07-13,1.57,2.00,1.43,1.46,1176600,1.10
2009-07-10,1.75,1.87,1.74,1.84,484400,1.39
2009-07-09,1.82,1.83,1.72,1.76,226400,1.33
2009-07-08,1.97,2.00,1.79,1.82,171000,1.38
2009-07-07,1.97,2.00,1.95,1.95,235000,1.48
2009-07-06,2.00,2.02,1.95,1.98,234700,1.50
2009-07-02,1.96,2.00,1.88,1.96,209600,1.48
2009-07-01,1.95,2.00,1.95,2.00,150500,1.51
2009-06-30,1.90,1.95,1.90,1.94,203200,1.47
2009-06-29,1.95,1.99,1.88,1.91,264500,1.45
2009-06-26,1.80,1.94,1.73,1.86,1132900,1.41
2009-06-25,1.72,1.81,1.72,1.80,179800,1.36
2009-06-24,1.80,1.81,1.71,1.74,173900,1.32
2009-06-23,1.75,1.83,1.73,1.80,156600,1.36
2009-06-22,1.93,1.98,1.75,1.76,429000,1.33
2009-06-19,1.90,1.96,1.87,1.94,369800,1.47
2009-06-18,1.90,1.90,1.86,1.86,128800,1.41
2009-06-17,1.86,1.93,1.86,1.91,258100,1.45
2009-06-16,1.92,1.95,1.83,1.86,182400,1.41
2009-06-15,2.01,2.02,1.90,1.91,225100,1.45
2009-06-12,2.05,2.10,1.99,2.08,287000,1.57
2009-06-11,2.08,2.12,2.05,2.08,111000,1.57
2009-06-10,2.15,2.15,2.02,2.08,462800,1.57
2009-06-09,1.99,2.13,1.99,2.12,318600,1.60
2009-06-08,2.05,2.05,1.99,2.00,159100,1.51
2009-06-05,2.10,2.16,2.00,2.02,320700,1.53
2009-06-04,2.16,2.20,2.01,2.09,673100,1.58
2009-06-03,1.95,2.20,1.90,2.10,583600,1.59
2009-06-02,1.91,1.97,1.77,1.91,461100,1.45
2009-06-01,1.75,1.93,1.73,1.93,319900,1.46
2009-05-29,1.82,1.84,1.73,1.76,382600,1.33
2009-05-28,1.86,1.89,1.78,1.82,187100,1.38
2009-05-27,1.97,1.97,1.82,1.85,217700,1.40
2009-05-26,1.80,1.99,1.74,1.99,409700,1.51
2009-05-22,1.76,1.80,1.75,1.76,182400,1.33
2009-05-21,1.68,1.78,1.68,1.75,349500,1.32
2009-05-20,1.74,1.76,1.66,1.70,236900,1.29
2009-05-19,1.53,1.81,1.53,1.73,413700,1.31
2009-05-18,1.56,1.73,1.56,1.72,221200,1.30
2009-05-15,1.74,1.82,1.55,1.59,424100,1.20
2009-05-14,1.72,1.85,1.62,1.69,487800,1.28
2009-05-13,1.92,1.94,1.73,1.74,552200,1.32
2009-05-12,1.79,1.95,1.70,1.94,415200,1.47
2009-05-11,1.60,1.78,1.51,1.77,524800,1.34
2009-05-08,1.66,1.67,1.51,1.59,1192600,1.20
2009-05-07,1.50,1.71,1.45,1.63,2351000,1.23
2009-05-06,1.50,1.57,1.31,1.46,2397800,1.10
2009-05-05,1.24,1.25,1.19,1.23,643200,0.93
2009-05-04,1.20,1.25,1.19,1.21,487000,0.92
2009-05-01,1.13,1.28,1.07,1.15,655500,0.87
2009-04-30,1.25,1.30,1.11,1.11,565100,0.84
2009-04-29,1.15,1.32,1.11,1.22,733600,0.92
2009-04-28,1.04,1.15,1.04,1.11,337400,0.84
2009-04-27,1.06,1.13,1.04,1.04,321900,0.79
2009-04-24,1.05,1.11,1.04,1.05,432200,0.79
2009-04-23,1.05,1.09,1.04,1.04,169300,0.79
2009-04-22,1.06,1.08,1.03,1.05,255900,0.79
2009-04-21,1.10,1.15,1.06,1.08,455800,0.82
2009-04-20,1.10,1.15,1.08,1.09,370200,0.82
2009-04-17,1.08,1.21,1.06,1.12,345900,0.85
2009-04-16,1.17,1.17,1.07,1.08,416700,0.82
2009-04-15,1.22,1.25,1.15,1.16,490600,0.88
2009-04-14,1.35,1.39,1.22,1.22,313600,0.92
2009-04-13,1.35,1.39,1.21,1.35,403300,1.02
2009-04-09,1.28,1.48,1.24,1.37,526000,1.04
2009-04-08,1.18,1.26,1.18,1.23,264200,0.93
2009-04-07,1.12,1.18,1.09,1.17,216200,0.89
2009-04-06,1.16,1.16,1.12,1.13,151700,0.86
2009-04-03,1.14,1.17,1.07,1.15,180800,0.87
2009-04-02,1.08,1.16,1.06,1.15,363200,0.87
2009-04-01,1.04,1.06,1.01,1.05,163200,0.79
2009-03-31,1.10,1.13,1.02,1.03,355700,0.78
2009-03-30,1.08,1.12,1.01,1.08,327000,0.82
2009-03-27,1.20,1.20,1.11,1.11,184600,0.84
2009-03-26,1.07,1.18,1.07,1.18,460400,0.89
2009-03-25,1.09,1.11,1.00,1.05,357000,0.79
2009-03-24,1.04,1.17,1.00,1.09,393100,0.82
2009-03-23,0.92,1.00,0.91,1.00,395900,0.76
2009-03-20,0.91,0.93,0.89,0.89,1533600,0.67
2009-03-19,0.95,0.98,0.90,0.90,1365400,0.68
2009-03-18,0.92,0.97,0.90,0.94,675000,0.71
2009-03-17,1.00,1.01,0.88,0.92,664300,0.70
2009-03-16,1.18,1.18,0.90,0.91,1640000,0.69
2009-03-13,1.35,1.39,1.00,1.00,1653300,0.76
2009-03-12,1.11,1.11,1.03,1.04,499000,0.79
2009-03-11,1.14,1.19,1.07,1.08,347700,0.82
2009-03-10,0.96,1.24,0.96,1.08,859100,0.82
2009-03-09,1.11,1.15,1.04,1.04,504800,0.79
2009-03-06,1.13,1.15,1.03,1.13,593200,0.86
2009-03-05,1.19,1.24,1.11,1.13,992200,0.86
2009-03-04,1.29,1.29,1.11,1.18,531900,0.89
2009-03-03,1.15,1.27,1.13,1.22,1220900,0.92
2009-03-02,1.10,1.17,1.05,1.13,866800,0.86
2009-02-27,1.10,1.15,1.10,1.12,305100,0.85
2009-02-26,1.12,1.18,1.11,1.12,769100,0.85
2009-02-25,1.18,1.18,1.00,1.12,947000,0.85
2009-02-24,1.02,1.15,1.00,1.14,862200,0.86
2009-02-23,1.04,1.08,0.98,1.00,338700,0.76
2009-02-20,0.99,1.06,0.93,1.00,921800,0.76
2009-02-19,1.13,1.15,0.99,0.99,460800,0.75
2009-02-18,1.29,1.29,1.12,1.12,977200,0.85
2009-02-17,1.37,1.40,1.22,1.23,524300,0.93
2009-02-13,1.28,1.43,1.25,1.38,427100,1.04
2009-02-12,1.31,1.34,1.22,1.27,1088600,0.96
2009-02-11,1.51,1.74,1.29,1.29,1086700,0.98
2009-02-10,1.47,1.50,1.36,1.38,717100,1.04
2009-02-09,1.46,1.61,1.38,1.46,771500,1.10
2009-02-06,1.44,1.52,1.41,1.44,766500,1.09
2009-02-05,1.60,1.62,1.38,1.40,971300,1.06
2009-02-04,1.73,1.82,1.60,1.60,382400,1.21
2009-02-03,1.89,1.89,1.70,1.70,526000,1.29
2009-02-02,1.82,1.95,1.78,1.81,887800,1.37
2009-01-30,2.13,2.22,1.84,1.85,1371400,1.40
2009-01-29,2.25,2.28,2.07,2.10,297000,1.59
2009-01-28,2.25,2.46,2.23,2.25,582700,1.70
2009-01-27,2.14,2.29,2.14,2.22,229200,1.68
2009-01-26,2.10,2.29,2.10,2.12,283300,1.60
2009-01-23,2.03,2.16,2.03,2.06,476900,1.56
2009-01-22,2.16,2.18,2.01,2.04,420900,1.54
2009-01-21,2.15,2.26,2.00,2.15,734300,1.63
2009-01-20,2.68,2.74,2.04,2.05,837400,1.55
2009-01-16,2.92,3.01,2.63,2.73,490000,2.07
2009-01-15,3.03,3.10,2.73,2.89,746000,2.19
2009-01-14,3.35,3.55,3.00,3.01,806300,2.28
2009-01-13,3.42,3.55,3.33,3.36,529600,2.54
2009-01-12,3.61,3.61,3.20,3.32,637300,2.51
2009-01-09,3.83,3.92,3.61,3.61,232900,2.73
2009-01-08,3.86,3.87,3.60,3.83,654400,2.90
2009-01-07,3.73,3.86,3.56,3.86,633600,2.92
2009-01-06,3.34,3.82,3.34,3.79,568200,2.87
2009-01-05,3.99,3.99,3.17,3.32,413800,2.51
2009-01-02,3.11,3.22,3.06,3.17,311400,2.40
2008-12-31,3.05,3.17,2.88,3.10,520000,2.35
2008-12-30,2.89,3.05,2.89,3.03,221000,2.29
2008-12-29,3.01,3.08,2.81,2.86,430000,2.16
2008-12-26,3.00,3.17,2.97,3.14,195400,2.22
2008-12-24,2.98,3.01,2.91,2.97,161500,2.10
2008-12-23,2.81,3.09,2.81,2.97,218800,2.10
2008-12-22,3.15,3.16,2.75,2.88,547700,2.04
2008-12-19,3.07,3.33,2.97,3.13,848900,2.22
2008-12-18,3.11,3.19,2.90,2.97,541400,2.10
2008-12-17,2.95,3.18,2.80,3.09,444300,2.19
2008-12-16,2.96,3.16,2.87,2.98,584500,2.11
2008-12-15,2.92,3.33,2.81,2.90,452400,2.05
2008-12-12,3.01,3.35,2.90,3.30,749900,2.34
2008-12-11,3.31,3.34,3.05,3.05,1131500,2.16
2008-12-10,3.53,3.54,3.31,3.41,535200,2.42
2008-12-09,3.88,4.03,3.48,3.50,610600,2.48
2008-12-08,3.72,3.99,3.62,3.75,582100,2.66
2008-12-05,3.34,3.60,3.07,3.60,359600,2.55
2008-12-04,3.20,3.71,3.15,3.39,365900,2.40
2008-12-03,3.04,3.32,2.81,3.27,449400,2.32
2008-12-02,2.78,3.12,2.78,3.12,431700,2.21
2008-12-01,3.15,3.17,2.70,2.73,382200,1.93
2008-11-28,3.00,3.21,2.76,3.16,198700,2.24
2008-11-26,2.59,3.22,2.51,3.02,480400,2.14
2008-11-25,2.50,2.64,2.20,2.63,339500,1.86
2008-11-24,2.18,2.47,2.18,2.47,472500,1.75
2008-11-21,2.01,2.15,1.85,2.12,563800,1.50
2008-11-20,2.07,2.30,1.96,1.97,517000,1.40
2008-11-19,2.30,2.42,2.00,2.03,449500,1.44
2008-11-18,2.10,2.36,2.09,2.31,858600,1.64
2008-11-17,2.20,2.54,2.07,2.07,290000,1.47
2008-11-14,2.25,2.28,2.16,2.16,288800,1.53
2008-11-13,2.08,2.46,2.07,2.31,604400,1.64
2008-11-12,2.47,2.48,2.07,2.07,654800,1.47
2008-11-11,2.61,2.73,2.45,2.50,755700,1.77
2008-11-10,3.03,3.10,2.51,2.62,621400,1.86
2008-11-07,3.02,3.08,2.90,2.95,305300,2.09
2008-11-06,3.19,3.30,2.97,2.98,567000,2.11
2008-11-05,3.41,3.53,3.19,3.21,473100,2.27
2008-11-04,3.49,3.54,3.33,3.47,620000,2.46
2008-11-03,3.23,3.48,3.23,3.43,552700,2.43
2008-10-31,3.14,3.27,3.12,3.23,688400,2.29
2008-10-30,3.30,3.30,3.10,3.18,398100,2.25
2008-10-29,3.01,3.30,3.00,3.24,514900,2.30
2008-10-28,3.18,3.25,2.76,2.94,679900,2.08
2008-10-27,3.23,3.27,3.08,3.10,344200,2.20
2008-10-24,3.04,3.37,3.04,3.26,721000,2.31
2008-10-23,3.38,3.47,3.11,3.26,1812800,2.31
2008-10-22,3.42,3.53,3.30,3.37,927800,2.39
2008-10-21,3.55,3.65,3.43,3.43,353800,2.43
2008-10-20,3.57,3.68,3.40,3.63,467900,2.57
2008-10-17,3.19,3.52,3.19,3.50,1196600,2.48
2008-10-16,3.18,3.26,2.97,3.25,1045700,2.30
2008-10-15,3.15,3.28,2.96,3.08,1547800,2.18
2008-10-14,3.71,3.92,3.05,3.13,1025700,2.22
2008-10-13,3.53,3.69,3.10,3.23,1100400,2.29
2008-10-10,2.77,3.59,2.50,3.22,1755000,2.28
2008-10-09,3.74,3.92,2.92,2.92,1154500,2.07
2008-10-08,3.98,4.30,3.28,3.74,686900,2.65
2008-10-07,4.44,4.53,4.05,4.07,529900,2.88
2008-10-06,4.53,4.70,4.22,4.44,792700,3.15
2008-10-03,5.20,5.38,4.69,4.69,549100,3.32
2008-10-02,5.28,5.44,5.07,5.15,1115100,3.65
2008-10-01,5.08,5.36,5.05,5.27,442200,3.73
2008-09-30,5.02,5.20,4.92,5.04,766700,3.57
2008-09-29,5.80,6.00,4.86,4.96,1523400,3.51
2008-09-26,6.18,6.40,5.95,5.99,700500,4.10
2008-09-25,6.18,6.50,6.11,6.27,381900,4.29
2008-09-24,6.12,6.69,6.04,6.10,728400,4.18
2008-09-23,6.13,6.42,6.00,6.12,671200,4.19
2008-09-22,6.58,6.77,6.42,6.45,421900,4.42
2008-09-19,6.72,7.66,6.27,6.56,3171200,4.49
2008-09-18,6.40,6.95,6.29,6.53,1250500,4.47
2008-09-17,6.18,6.34,6.14,6.27,639900,4.29
2008-09-16,6.27,6.52,6.10,6.32,506000,4.33
2008-09-15,6.35,6.44,6.14,6.19,336300,4.24
2008-09-12,6.48,6.48,6.29,6.46,340000,4.42
2008-09-11,6.60,6.63,6.40,6.52,381900,4.47
2008-09-10,6.68,6.84,6.46,6.61,405000,4.53
2008-09-09,6.91,7.04,6.59,6.59,537000,4.51
2008-09-08,6.79,7.04,6.65,6.90,539900,4.73
2008-09-05,6.94,6.95,6.59,6.64,531300,4.55
2008-09-04,7.00,7.05,6.89,6.98,627200,4.78
2008-09-03,7.04,7.07,6.90,7.00,578300,4.79
2008-09-02,7.17,7.33,7.00,7.02,695500,4.81
2008-08-29,7.06,7.22,6.95,7.09,615600,4.86
2008-08-28,6.88,7.14,6.81,7.08,1491700,4.85
2008-08-27,7.10,7.12,6.90,6.96,1513300,4.77
2008-08-26,6.82,7.09,6.81,6.99,1452300,4.79
2008-08-25,6.74,6.97,6.74,6.82,1758200,4.67
2008-08-22,6.64,6.85,6.53,6.81,515800,4.66
2008-08-21,6.50,6.71,6.48,6.58,748400,4.51
2008-08-20,6.56,6.67,6.43,6.59,1596000,4.51
2008-08-19,6.49,6.63,6.31,6.51,1943400,4.46
2008-08-18,6.68,6.69,6.45,6.49,497300,4.44
2008-08-15,6.76,6.97,6.50,6.68,1022000,4.57
2008-08-14,6.05,6.75,6.00,6.69,1549800,4.58
2008-08-13,6.01,6.08,5.80,6.07,3423700,4.16
2008-08-12,6.00,6.09,5.75,6.00,1226000,4.11
2008-08-11,6.15,6.16,5.64,5.94,1691600,4.07
2008-08-08,5.95,6.15,5.75,5.96,1674400,4.08
2008-08-07,6.74,6.84,5.86,5.89,2203300,4.03
2008-08-06,7.31,7.36,5.95,6.39,1614700,4.38
2008-08-05,7.57,7.57,7.17,7.34,724700,5.03
2008-08-04,7.77,7.77,7.41,7.43,934100,5.09
2008-08-01,7.66,7.76,7.48,7.71,386400,5.28
2008-07-31,7.59,7.79,7.53,7.63,235300,5.23
2008-07-30,7.57,7.76,7.46,7.67,359000,5.25
2008-07-29,7.39,7.66,7.37,7.52,286400,5.15
2008-07-28,7.53,7.58,7.34,7.35,279200,5.03
2008-07-25,7.48,7.65,7.33,7.53,373700,5.16
2008-07-24,7.55,7.64,7.35,7.40,379900,5.07
2008-07-23,7.18,7.54,7.16,7.50,914300,5.14
2008-07-22,7.25,7.31,7.08,7.16,1709100,4.90
2008-07-21,7.19,7.33,7.11,7.29,894700,4.99
2008-07-18,7.40,7.42,7.11,7.13,774600,4.88
2008-07-17,7.55,7.68,7.26,7.36,907700,5.04
2008-07-16,7.19,7.84,7.00,7.39,953200,5.06
2008-07-15,7.29,7.36,7.04,7.13,463900,4.88
2008-07-14,7.46,7.60,7.15,7.36,835400,5.04
2008-07-11,7.40,7.43,7.11,7.38,989200,5.05
2008-07-10,7.60,7.65,7.35,7.48,717000,5.12
2008-07-09,7.82,7.83,7.57,7.58,592100,5.19
2008-07-08,7.61,7.81,7.45,7.80,601600,5.34
2008-07-07,7.82,7.83,7.42,7.53,733200,5.16
2008-07-03,7.87,7.87,7.60,7.76,246100,5.31
2008-07-02,7.70,7.94,7.67,7.76,907800,5.31
2008-07-01,7.58,7.72,7.55,7.72,1070700,5.29
2008-06-30,7.70,7.78,7.58,7.60,646300,5.20
2008-06-27,7.58,7.83,7.50,7.65,1553400,5.24
2008-06-26,8.18,8.26,7.87,7.88,732800,5.26
2008-06-25,7.89,8.09,7.81,7.96,740900,5.31
2008-06-24,7.73,7.92,7.67,7.90,1090500,5.27
2008-06-23,7.87,8.01,7.81,7.91,556900,5.28
2008-06-20,8.00,8.03,7.66,7.84,872700,5.23
2008-06-19,8.00,8.11,7.91,8.04,462800,5.37
2008-06-18,8.10,8.10,7.95,8.03,718500,5.36
2008-06-17,8.08,8.12,8.01,8.05,308000,5.37
2008-06-16,8.00,8.15,7.98,8.07,376300,5.39
2008-06-13,8.17,8.24,8.00,8.05,397600,5.37
2008-06-12,8.08,8.41,8.08,8.08,465700,5.39
2008-06-11,8.07,8.24,8.05,8.06,596400,5.38
2008-06-10,7.96,8.23,7.88,8.12,758000,5.42
2008-06-09,8.34,8.42,7.96,8.00,809500,5.34
2008-06-06,8.50,8.57,8.23,8.29,602500,5.53
2008-06-05,8.74,8.83,8.50,8.54,978800,5.70
2008-06-04,8.87,9.05,8.67,8.67,510600,5.79
2008-06-03,9.00,9.06,8.82,8.92,642200,5.95
2008-06-02,8.94,9.06,8.75,8.97,383400,5.99
2008-05-30,9.07,9.10,8.91,8.97,514200,5.99
2008-05-29,8.98,9.24,8.97,9.08,640100,6.06
2008-05-28,9.44,9.44,8.94,8.99,407900,6.00
2008-05-27,9.23,9.49,9.03,9.18,492900,6.13
2008-05-23,9.31,9.32,9.11,9.25,296500,6.17
2008-05-22,8.83,9.42,8.83,9.37,494700,6.25
2008-05-21,8.95,8.99,8.78,8.80,407300,5.87
2008-05-20,8.90,9.00,8.88,8.92,348000,5.95
2008-05-19,9.09,9.10,8.80,8.94,414700,5.97
2008-05-16,9.35,9.44,9.02,9.10,353700,6.07
2008-05-15,9.20,9.30,9.03,9.28,342800,6.19
2008-05-14,9.27,9.39,9.16,9.24,374500,6.17
2008-05-13,9.29,9.40,9.14,9.25,618900,6.17
2008-05-12,9.45,9.46,9.16,9.29,842400,6.20
2008-05-09,9.84,9.96,9.42,9.45,592100,6.31
2008-05-08,9.75,10.03,9.65,9.90,1058300,6.61
2008-05-07,9.45,10.03,9.41,9.75,1322400,6.51
2008-05-06,9.13,9.51,8.96,9.38,747800,6.26
2008-05-05,8.94,9.23,8.92,9.21,528700,6.15
2008-05-02,9.15,9.15,8.93,9.03,363900,6.03
2008-05-01,8.77,9.18,8.73,9.07,674000,6.05
2008-04-30,8.99,9.07,8.75,8.79,663300,5.87
2008-04-29,9.21,9.21,8.85,8.98,712100,5.99
2008-04-28,9.27,9.37,9.15,9.20,416800,6.14
2008-04-25,9.25,9.40,9.14,9.30,335700,6.21
2008-04-24,8.67,9.21,8.55,9.21,490500,6.15
2008-04-23,8.56,8.69,8.50,8.68,649700,5.79
2008-04-22,8.78,8.78,8.33,8.51,363600,5.68
2008-04-21,8.84,9.06,8.73,8.84,182200,5.90
2008-04-18,8.92,9.00,8.75,8.90,256200,5.94
2008-04-17,8.72,8.83,8.65,8.72,188600,5.82
2008-04-16,8.64,8.82,8.54,8.74,327500,5.83
2008-04-15,8.64,8.64,8.44,8.57,214700,5.72
2008-04-14,8.68,8.80,8.46,8.52,280000,5.69
2008-04-11,8.70,8.73,8.53,8.66,311200,5.78
2008-04-10,8.83,8.98,8.72,8.77,332800,5.85
2008-04-09,9.29,9.34,8.85,8.86,416500,5.91
2008-04-08,9.06,9.32,9.06,9.25,256900,6.17
2008-04-07,9.11,9.17,9.00,9.15,215100,6.11
2008-04-04,9.08,9.10,8.94,9.06,281500,6.05
2008-04-03,8.86,9.06,8.83,9.05,361500,6.04
2008-04-02,8.92,9.15,8.77,9.03,473100,6.03
2008-04-01,8.85,9.06,8.75,8.94,371900,5.97
2008-03-31,8.97,9.14,8.86,8.91,590000,5.95
2008-03-28,9.44,9.44,8.96,8.96,330600,5.98
2008-03-27,9.50,9.62,9.30,9.47,417100,6.19
2008-03-26,9.60,9.63,9.28,9.46,320500,6.18
2008-03-25,10.00,10.00,9.55,9.66,382000,6.31
2008-03-24,9.56,10.02,9.56,9.97,516900,6.51
2008-03-20,9.61,9.73,9.35,9.66,968700,6.31
2008-03-19,9.55,9.71,9.19,9.51,492400,6.21
2008-03-18,8.97,9.52,8.88,9.46,595800,6.18
2008-03-17,8.83,9.05,8.62,8.73,514300,5.70
2008-03-14,9.33,9.33,8.79,9.05,516600,5.91
2008-03-13,8.97,9.55,8.96,9.32,881200,6.09
2008-03-12,9.28,9.41,9.08,9.16,499900,5.98
2008-03-11,9.15,9.29,8.98,9.27,467300,6.06
2008-03-10,9.10,9.10,8.80,8.91,535700,5.82
2008-03-07,8.84,9.25,8.80,9.07,538800,5.93
2008-03-06,9.17,9.31,8.86,8.88,528300,5.80
2008-03-05,9.18,9.27,9.03,9.20,423100,6.01
2008-03-04,8.99,9.12,8.84,9.12,452000,5.96
2008-03-03,9.20,9.31,8.89,9.10,568000,5.95
2008-02-29,9.42,9.45,9.12,9.23,608900,6.03
2008-02-28,9.54,9.92,9.38,9.52,627700,6.22
2008-02-27,9.68,9.91,9.57,9.58,472100,6.26
2008-02-26,9.80,10.02,9.69,9.88,639700,6.46
2008-02-25,9.51,9.85,9.44,9.85,504000,6.44
2008-02-22,9.78,9.78,9.36,9.53,389700,6.23
2008-02-21,9.97,10.02,9.64,9.77,512200,6.38
2008-02-20,10.08,10.17,9.89,9.92,865200,6.48
2008-02-19,10.13,10.34,10.05,10.13,464600,6.62
2008-02-15,9.99,10.04,9.83,10.00,529600,6.53
2008-02-14,10.15,10.34,9.94,10.08,693200,6.59
2008-02-13,10.62,10.62,9.99,10.23,1044600,6.68
2008-02-12,10.16,10.47,10.16,10.36,708600,6.77
2008-02-11,10.59,10.59,9.84,10.12,1044800,6.61
2008-02-08,9.99,11.08,9.88,10.62,1659700,6.94
2008-02-07,9.37,10.12,9.37,9.96,1401600,6.51
2008-02-06,9.01,9.89,8.84,9.31,1652600,6.08
2008-02-05,8.71,9.09,8.71,8.84,473400,5.78
2008-02-04,9.06,9.17,8.80,8.92,636400,5.83
2008-02-01,9.05,9.49,8.74,9.07,1139200,5.93
2008-01-31,8.81,9.48,8.81,9.00,881800,5.88
2008-01-30,9.52,9.80,8.69,8.84,865600,5.78
2008-01-29,9.43,9.84,9.19,9.61,743800,6.28
2008-01-28,8.94,9.41,8.82,9.39,567600,6.14
2008-01-25,9.26,9.33,8.81,8.94,377100,5.84
2008-01-24,8.82,9.16,8.74,9.12,508000,5.96
2008-01-23,8.21,8.91,8.07,8.79,646400,5.74
2008-01-22,8.05,8.64,8.05,8.29,424300,5.42
2008-01-18,8.66,8.76,8.22,8.27,538200,5.40
2008-01-17,8.59,8.78,8.49,8.68,720100,5.67
2008-01-16,8.33,8.81,8.29,8.66,591200,5.66
2008-01-15,8.29,8.51,8.21,8.37,460700,5.47
2008-01-14,8.36,8.44,8.23,8.29,429800,5.42
2008-01-11,8.43,8.56,8.29,8.29,500100,5.42
2008-01-10,8.46,8.66,8.21,8.48,1146500,5.54
2008-01-09,8.03,8.64,8.03,8.58,1443700,5.61
2008-01-08,8.15,8.28,7.89,8.01,1015300,5.23
2008-01-07,7.83,8.24,7.73,8.10,840800,5.29
2008-01-04,8.04,8.07,7.70,7.78,565000,5.08
2008-01-03,8.22,8.30,8.08,8.09,414400,5.29
2008-01-02,8.18,8.34,8.05,8.20,680400,5.36
2007-12-31,8.30,8.47,8.07,8.21,577200,5.36
2007-12-28,8.52,8.75,8.37,8.38,589300,5.48
2007-12-27,8.80,8.86,8.46,8.47,520900,5.53
2007-12-26,8.96,9.15,8.77,8.90,655000,5.70
2007-12-24,9.05,9.21,8.95,8.96,233200,5.74
2007-12-21,9.18,9.22,9.01,9.03,879100,5.78
2007-12-20,9.10,9.10,8.87,9.03,766200,5.78
2007-12-19,9.06,9.28,8.99,8.99,750300,5.76
2007-12-18,9.19,9.31,9.01,9.06,938900,5.80
2007-12-17,9.23,9.37,9.13,9.13,351800,5.85
2007-12-14,9.40,9.59,9.24,9.25,433800,5.92
2007-12-13,9.33,9.51,9.30,9.51,311100,6.09
2007-12-12,9.85,9.89,9.36,9.40,483300,6.02
2007-12-11,9.92,10.06,9.60,9.60,702300,6.15
2007-12-10,9.94,10.08,9.80,9.89,393500,6.33
2007-12-07,9.63,10.20,9.57,9.90,722400,6.34
2007-12-06,9.58,9.77,9.26,9.57,1026700,6.13
2007-12-05,9.97,10.05,9.53,9.58,590000,6.14
2007-12-04,9.92,10.06,9.77,9.82,442800,6.29
2007-12-03,10.31,10.31,9.86,9.99,857300,6.40
2007-11-30,10.53,10.60,10.31,10.35,1493600,6.63
2007-11-29,10.37,10.55,10.23,10.38,1075100,6.65
2007-11-28,9.91,10.48,9.84,10.40,1433000,6.66
2007-11-27,9.95,10.10,9.71,9.78,510100,6.26
2007-11-26,10.16,10.41,9.87,9.93,448200,6.36
2007-11-23,10.20,10.34,10.14,10.18,275300,6.52
2007-11-21,10.39,10.50,10.07,10.16,595100,6.51
2007-11-20,10.46,10.56,10.17,10.46,790200,6.70
2007-11-19,10.69,10.74,10.38,10.45,651000,6.69
2007-11-16,11.32,11.45,10.74,10.79,1579900,6.91
2007-11-15,11.25,11.41,11.15,11.30,1025000,7.24
2007-11-14,11.32,11.40,11.18,11.30,620600,7.24
2007-11-13,11.32,11.44,11.24,11.26,804300,7.21
2007-11-12,11.25,11.57,11.22,11.26,572500,7.21
2007-11-09,11.25,11.53,11.15,11.24,1042600,7.20
2007-11-08,11.28,11.48,11.20,11.42,802200,7.31
2007-11-07,11.39,11.59,11.18,11.18,730700,7.16
2007-11-06,11.30,11.59,11.17,11.57,678000,7.41
2007-11-05,11.12,11.34,11.12,11.24,1047400,7.20
2007-11-02,11.30,11.47,11.08,11.29,633900,7.23
2007-11-01,11.84,12.07,11.30,11.30,1005000,7.24
2007-10-31,12.11,12.29,11.92,12.04,1246600,7.71
2007-10-30,11.71,12.21,11.63,12.16,818000,7.79
2007-10-29,12.02,12.12,11.62,11.68,665100,7.48
2007-10-26,11.89,12.09,11.73,11.96,441700,7.66
2007-10-25,11.97,12.15,11.68,11.75,700200,7.53
2007-10-24,12.18,12.32,11.97,11.99,736000,7.68
2007-10-23,12.48,12.50,12.13,12.25,481200,7.85
2007-10-22,12.30,12.47,12.16,12.45,642700,7.97
2007-10-19,13.05,13.05,12.24,12.37,621400,7.92
2007-10-18,12.82,13.07,12.68,13.07,243400,8.37
2007-10-17,12.83,13.08,12.71,12.90,697200,8.26
2007-10-16,12.69,12.88,12.60,12.71,730500,8.14
2007-10-15,12.79,12.90,12.63,12.70,841000,8.13
2007-10-12,12.80,13.00,12.73,12.80,736400,8.20
2007-10-11,13.21,13.21,12.68,12.77,424300,8.18
2007-10-10,13.18,13.21,12.90,13.12,411700,8.40
2007-10-09,13.21,13.26,12.97,13.18,533200,8.44
2007-10-08,13.05,13.18,12.89,13.15,358300,8.42
2007-10-05,12.63,13.27,12.63,13.05,558600,8.36
2007-10-04,12.66,12.70,12.38,12.66,304600,8.11
2007-10-03,12.38,12.75,12.38,12.58,385400,8.06
2007-10-02,12.48,12.62,12.40,12.55,314700,8.04
2007-10-01,12.08,12.66,12.00,12.54,487000,8.03
2007-09-28,12.28,12.41,12.00,12.04,304200,7.71
2007-09-27,12.29,12.76,12.13,12.27,760800,7.86
2007-09-26,12.60,12.64,12.05,12.22,935900,7.73
2007-09-25,12.47,12.70,12.38,12.49,612000,7.90
2007-09-24,13.05,13.21,12.42,12.50,348200,7.91
2007-09-21,13.29,13.29,12.79,13.07,624300,8.27
2007-09-20,12.63,13.50,12.55,13.16,1344500,8.33
2007-09-19,12.43,12.98,12.32,12.66,1054200,8.01
2007-09-18,11.61,12.35,11.37,12.33,972400,7.80
2007-09-17,11.83,11.93,11.43,11.52,742800,7.29
2007-09-14,11.93,12.00,11.77,11.86,229300,7.50
2007-09-13,12.19,12.34,12.02,12.07,390400,7.64
2007-09-12,12.28,12.35,11.98,12.10,410000,7.66
2007-09-11,12.15,12.37,12.08,12.28,444100,7.77
2007-09-10,12.16,12.27,11.87,12.08,627700,7.64
2007-09-07,11.89,12.15,11.84,12.11,416200,7.66
2007-09-06,11.91,12.25,11.86,12.06,364500,7.63
2007-09-05,12.26,12.29,11.82,11.85,1123300,7.50
2007-09-04,12.41,12.54,12.32,12.36,411300,7.82
2007-08-31,12.44,12.58,12.25,12.46,419800,7.88
2007-08-30,12.13,12.32,11.92,12.24,392400,7.74
2007-08-29,11.79,12.32,11.79,12.27,570400,7.76
2007-08-28,12.10,12.13,11.63,11.71,565300,7.41
2007-08-27,12.79,12.79,12.17,12.17,722400,7.70
2007-08-24,12.58,12.80,12.08,12.78,742100,8.09
2007-08-23,12.69,12.95,12.45,12.55,820900,7.94
2007-08-22,12.04,12.55,11.91,12.51,1201400,7.91
2007-08-21,11.51,12.09,11.50,11.94,1018600,7.55
2007-08-20,11.50,11.69,11.42,11.55,986300,7.31
2007-08-17,12.48,12.61,11.32,11.44,1305300,7.24
2007-08-16,12.12,12.14,11.53,11.97,1646000,7.57
2007-08-15,12.27,12.41,12.05,12.21,479600,7.72
2007-08-14,12.32,12.57,12.20,12.25,715600,7.75
2007-08-13,12.51,12.70,12.15,12.25,884900,7.75
2007-08-10,12.17,12.72,11.81,12.31,761000,7.79
2007-08-09,12.03,12.40,11.84,12.19,1889500,7.71
2007-08-08,12.50,12.63,12.34,12.60,1842900,7.97
2007-08-07,11.98,12.42,11.87,12.36,1613300,7.82
2007-08-06,12.15,12.23,11.71,12.06,1193500,7.63
2007-08-03,12.23,12.36,11.95,12.07,2482500,7.64
2007-08-02,12.27,12.50,12.03,12.21,1885900,7.72
2007-08-01,12.66,12.91,12.16,12.24,1187900,7.74
2007-07-31,13.50,13.88,13.01,13.04,951100,8.25
2007-07-30,13.23,13.39,12.84,13.36,1352900,8.45
2007-07-27,13.85,13.91,13.05,13.30,920300,8.41
2007-07-26,14.32,14.39,13.47,13.81,1359500,8.74
2007-07-25,14.44,14.55,14.28,14.45,601100,9.14
2007-07-24,14.51,14.63,14.20,14.37,779100,9.09
2007-07-23,14.72,14.87,14.20,14.72,477500,9.31
2007-07-20,14.71,14.79,14.46,14.75,647800,9.33
2007-07-19,15.01,15.05,14.39,14.74,685500,9.33
2007-07-18,14.93,14.98,14.74,14.88,414600,9.41
2007-07-17,14.80,15.12,14.79,15.03,696000,9.51
2007-07-16,14.71,14.80,14.63,14.76,330400,9.34
2007-07-13,14.73,14.84,14.60,14.72,161000,9.31
2007-07-12,14.64,14.84,14.51,14.80,394400,9.36
2007-07-11,14.74,14.87,14.34,14.52,404500,9.19
2007-07-10,14.93,14.99,14.47,14.61,695700,9.24
2007-07-09,15.03,15.17,14.95,15.07,398500,9.53
2007-07-06,14.99,15.15,14.89,15.06,357000,9.53
2007-07-05,14.80,15.04,14.68,15.02,580900,9.50
2007-07-03,14.50,14.90,14.46,14.82,311500,9.38
2007-07-02,14.24,14.84,14.21,14.83,727700,9.38
2007-06-29,14.37,14.58,14.18,14.22,331200,9.00
2007-06-28,14.29,14.55,14.24,14.31,389800,9.05
2007-06-27,14.00,14.29,13.97,14.23,467500,9.00
2007-06-26,14.19,14.32,14.05,14.16,451700,8.86
2007-06-25,14.15,14.43,13.97,14.15,707700,8.86
2007-06-22,14.32,14.57,14.06,14.17,1181700,8.87
2007-06-21,14.49,14.62,14.24,14.33,816400,8.97
2007-06-20,15.22,15.22,14.42,14.54,569800,9.10
2007-06-19,15.04,15.21,14.83,15.12,257200,9.46
2007-06-18,15.09,15.24,14.98,15.12,344800,9.46
2007-06-15,14.94,15.12,14.79,15.11,520700,9.46
2007-06-14,14.88,14.95,14.70,14.73,239900,9.22
2007-06-13,14.57,14.96,14.52,14.84,462400,9.29
2007-06-12,14.94,14.95,14.47,14.55,497200,9.11
2007-06-11,15.05,15.14,14.87,15.00,320900,9.39
2007-06-08,14.76,15.06,14.76,15.03,414100,9.41
2007-06-07,15.35,15.38,14.68,14.81,977400,9.27
2007-06-06,15.39,15.59,15.29,15.46,878400,9.68
2007-06-05,15.44,15.59,15.33,15.41,718900,9.65
2007-06-04,15.38,15.55,15.17,15.55,782200,9.73
2007-06-01,15.34,15.59,15.28,15.50,469600,9.70
2007-05-31,15.32,15.47,15.22,15.32,1069800,9.59
2007-05-30,15.44,15.51,15.30,15.32,659000,9.59
2007-05-29,15.63,15.69,15.41,15.50,382600,9.70
2007-05-25,15.36,15.71,15.36,15.60,584300,9.76
2007-05-24,15.74,15.77,15.29,15.33,837900,9.60
2007-05-23,15.83,15.91,15.62,15.70,571300,9.83
2007-05-22,15.77,16.15,15.59,15.81,1095700,9.90
2007-05-21,15.65,15.85,15.57,15.68,1124800,9.81
2007-05-18,15.08,15.65,14.87,15.58,1162400,9.75
2007-05-17,15.01,15.48,15.01,15.06,1120800,9.43
2007-05-16,14.96,15.14,14.78,15.08,701700,9.44
2007-05-15,14.66,15.00,14.66,14.88,1576800,9.31
2007-05-14,15.60,15.62,14.52,14.63,2172200,9.16
2007-05-11,15.51,15.65,15.28,15.62,808600,9.78
2007-05-10,15.72,15.72,15.26,15.27,680300,9.56
2007-05-09,15.60,15.76,15.45,15.72,713500,9.84
2007-05-08,15.57,15.70,15.40,15.64,915600,9.79
2007-05-07,15.19,15.69,15.11,15.68,776300,9.81
2007-05-04,15.77,15.88,15.02,15.17,1746400,9.50
2007-05-03,15.33,15.85,15.26,15.66,5025700,9.80
2007-05-02,15.85,16.00,15.20,15.33,3357400,9.60
2007-05-01,16.25,16.83,16.22,16.55,618800,10.36
2007-04-30,16.62,16.69,16.14,16.33,1031700,10.22
2007-04-27,16.89,17.05,16.58,16.62,698300,10.40
2007-04-26,17.36,17.36,16.96,16.97,406600,10.62
2007-04-25,17.25,17.41,17.10,17.25,572600,10.80
2007-04-24,17.30,17.42,17.03,17.13,501800,10.72
2007-04-23,17.32,17.42,17.10,17.24,500900,10.79
2007-04-20,17.24,17.30,17.11,17.26,477300,10.80
2007-04-19,17.20,17.30,16.84,17.00,453000,10.64
2007-04-18,17.49,17.67,17.19,17.32,579300,10.84
2007-04-17,17.54,17.63,17.25,17.50,765500,10.95
2007-04-16,17.04,17.50,17.04,17.48,783500,10.94
2007-04-13,16.76,17.03,16.71,17.01,695100,10.65
2007-04-12,16.42,16.71,16.30,16.70,439400,10.45
2007-04-11,16.26,16.65,16.20,16.43,959000,10.28
2007-04-10,16.28,16.43,16.24,16.34,503900,10.23
2007-04-09,16.26,16.50,16.21,16.28,552200,10.19
2007-04-05,16.22,16.26,16.04,16.18,475200,10.13
2007-04-04,16.10,16.20,15.89,16.17,551000,10.12
2007-04-03,15.88,16.20,15.78,16.07,656600,10.06
2007-04-02,15.50,15.82,15.48,15.78,1011000,9.88
2007-03-30,15.53,15.80,15.36,15.45,649200,9.67
2007-03-29,15.65,15.68,15.35,15.46,304000,9.68
2007-03-28,15.60,15.73,15.12,15.55,779300,9.73
2007-03-27,15.59,15.87,15.54,15.65,622100,9.70
2007-03-26,15.20,15.60,15.19,15.54,768200,9.63
2007-03-23,15.35,15.35,15.18,15.23,875400,9.44
2007-03-22,15.38,15.38,15.14,15.29,871200,9.48
2007-03-21,15.10,15.27,15.04,15.25,879800,9.45
2007-03-20,15.14,15.26,14.96,15.08,500500,9.35
2007-03-19,15.47,15.50,15.10,15.18,595900,9.41
2007-03-16,14.99,15.45,14.88,15.30,1063500,9.49
2007-03-15,15.07,15.12,14.74,15.00,737000,9.30
2007-03-14,14.71,14.96,14.63,14.91,719100,9.24
2007-03-13,15.12,15.41,14.58,14.65,943200,9.08
2007-03-12,14.65,15.64,14.64,15.52,1084500,9.62
2007-03-09,14.58,14.68,14.41,14.54,601800,9.01
2007-03-08,14.34,14.65,14.30,14.50,596000,8.99
2007-03-07,14.76,14.83,14.15,14.27,791300,8.85
2007-03-06,14.46,14.77,14.46,14.74,913900,9.14
2007-03-05,14.31,14.67,14.20,14.38,739800,8.91
2007-03-02,14.30,14.58,14.21,14.37,753800,8.91
2007-03-01,14.63,14.82,13.05,14.40,920700,8.93
2007-02-28,14.61,14.68,14.04,14.29,845400,8.86
2007-02-27,14.87,14.95,14.57,14.72,1198700,9.13
2007-02-26,14.74,15.19,14.73,15.15,810600,9.39
2007-02-23,14.86,14.90,14.69,14.71,811400,9.12
2007-02-22,15.09,15.18,14.72,14.86,623700,9.21
2007-02-21,14.69,15.08,14.36,15.04,645600,9.32
2007-02-20,14.50,15.04,14.35,14.70,1108600,9.11
2007-02-16,14.06,14.22,13.99,14.11,632800,8.75
2007-02-15,13.96,14.18,13.90,14.03,828900,8.70
2007-02-14,13.15,14.10,12.76,14.00,897700,8.68
2007-02-13,13.38,13.42,13.20,13.37,307500,8.29
2007-02-12,12.83,13.35,12.73,13.26,487100,8.22
2007-02-09,13.13,13.13,12.65,12.74,253500,7.90
2007-02-08,13.05,13.14,12.80,13.11,426400,8.13
2007-02-07,12.25,13.14,12.25,13.10,918200,8.12
2007-02-06,12.43,12.54,12.15,12.17,271100,7.54
2007-02-05,12.25,12.42,12.06,12.34,329800,7.65
2007-02-02,12.05,12.24,11.88,12.23,307100,7.58
2007-02-01,11.83,12.13,11.72,12.06,606900,7.48
2007-01-31,11.80,11.91,11.67,11.77,228000,7.30
2007-01-30,11.99,11.99,11.76,11.83,219400,7.33
2007-01-29,11.97,12.05,11.74,11.92,545200,7.39
2007-01-26,11.77,11.97,11.59,11.93,211200,7.40
2007-01-25,12.05,12.05,11.60,11.73,227600,7.27
2007-01-24,12.00,12.05,11.91,11.97,394200,7.42
2007-01-23,11.80,12.00,11.73,11.96,392800,7.41
2007-01-22,11.56,11.85,11.52,11.80,525600,7.32
2007-01-19,11.54,11.59,11.40,11.51,122600,7.14
2007-01-18,11.34,11.65,11.26,11.53,299900,7.15
2007-01-17,11.34,11.58,11.27,11.31,703800,7.01
2007-01-16,11.25,11.40,11.25,11.35,329800,7.04
2007-01-12,11.20,11.24,11.10,11.23,196100,6.96
2007-01-11,11.20,11.27,11.10,11.16,582300,6.92
2007-01-10,11.19,11.27,11.10,11.15,387700,6.91
2007-01-09,11.12,11.29,11.04,11.28,1211600,6.99
2007-01-08,10.76,11.14,10.69,11.14,349600,6.91
2007-01-05,11.01,11.06,10.68,10.73,217300,6.65
2007-01-04,10.87,11.07,10.74,11.00,394100,6.82
2007-01-03,10.44,10.90,10.44,10.87,579300,6.74
2006-12-29,10.69,10.86,10.48,10.50,274800,6.51
2006-12-28,10.87,10.91,10.65,10.67,215800,6.61
2006-12-27,10.86,10.97,10.70,10.90,276800,6.76
2006-12-26,10.80,10.97,10.77,10.91,189000,6.69
2006-12-22,10.93,10.93,10.75,10.77,269900,6.60
2006-12-21,10.89,11.00,10.81,10.90,249400,6.68
2006-12-20,10.77,10.99,10.73,10.86,220300,6.66
2006-12-19,10.48,10.80,10.48,10.72,406300,6.57
2006-12-18,10.48,10.62,10.41,10.47,301400,6.42
2006-12-15,10.72,10.72,10.43,10.48,461300,6.42
2006-12-14,10.61,10.80,10.61,10.64,320400,6.52
2006-12-13,10.75,10.85,10.49,10.57,390100,6.48
2006-12-12,10.46,10.82,10.44,10.65,955900,6.53
2006-12-11,10.28,10.53,10.20,10.51,347000,6.44
2006-12-08,10.24,10.27,10.17,10.23,208200,6.27
2006-12-07,10.29,10.30,10.21,10.23,305200,6.27
2006-12-06,10.25,10.34,10.19,10.24,209500,6.28
2006-12-05,10.15,10.43,10.09,10.30,501500,6.31
2006-12-04,9.92,10.22,9.89,10.12,608300,6.20
2006-12-01,9.98,9.98,9.76,9.88,338700,6.05
2006-11-30,9.88,9.98,9.84,9.95,508900,6.10
2006-11-29,9.83,10.01,9.80,9.95,398200,6.10
2006-11-28,9.60,9.85,9.51,9.75,876100,5.98
2006-11-27,9.71,9.82,9.56,9.65,398100,5.91
2006-11-24,9.67,9.82,9.64,9.76,53500,5.98
2006-11-22,9.88,9.88,9.72,9.77,178100,5.99
2006-11-21,9.75,9.90,9.74,9.84,534200,6.03
2006-11-20,9.56,9.78,9.48,9.76,626800,5.98
2006-11-17,9.64,9.64,9.35,9.52,529100,5.83
2006-11-16,9.90,9.91,9.63,9.64,416600,5.91
2006-11-15,9.82,9.95,9.80,9.83,423100,6.02
2006-11-14,9.65,9.84,9.57,9.84,275800,6.03
2006-11-13,9.37,9.63,9.36,9.59,338900,5.88
2006-11-10,9.15,9.46,8.97,9.36,570300,5.74
2006-11-09,9.26,9.30,9.10,9.12,149000,5.59
2006-11-08,9.21,9.35,9.18,9.25,195600,5.67
2006-11-07,9.28,9.50,9.23,9.27,262700,5.68
2006-11-06,9.22,9.28,9.16,9.26,428100,5.67
2006-11-03,9.13,9.21,9.06,9.20,167700,5.64
2006-11-02,9.02,9.18,8.95,9.12,317900,5.59
2006-11-01,9.20,9.44,8.92,9.03,473600,5.53
2006-10-31,8.80,9.02,8.80,9.02,556800,5.53
2006-10-30,8.48,8.86,8.48,8.84,256100,5.42
2006-10-27,8.62,8.64,8.41,8.59,155400,5.26
2006-10-26,8.47,8.71,8.47,8.61,580100,5.28
2006-10-25,8.55,8.82,8.38,8.46,489400,5.18
2006-10-24,8.25,8.33,8.20,8.29,187300,5.08
2006-10-23,8.20,8.32,8.12,8.25,139200,5.06
2006-10-20,8.27,8.30,8.16,8.27,127800,5.07
2006-10-19,8.25,8.30,8.08,8.27,198900,5.07
2006-10-18,8.18,8.25,8.12,8.23,184900,5.04
2006-10-17,8.08,8.15,8.01,8.11,107200,4.97
2006-10-16,8.25,8.25,8.06,8.14,214500,4.99
2006-10-13,8.35,8.39,8.15,8.23,349300,5.04
2006-10-12,8.00,8.39,7.95,8.35,383100,5.12
2006-10-11,7.91,8.00,7.87,7.94,251400,4.87
2006-10-10,8.04,8.05,7.91,7.92,112200,4.85
2006-10-09,7.90,8.05,7.90,8.01,105300,4.91
2006-10-06,7.89,8.00,7.85,7.93,94400,4.86
2006-10-05,7.77,7.97,7.65,7.95,443800,4.87
2006-10-04,7.72,7.83,7.71,7.80,347900,4.78
2006-10-03,7.75,7.84,7.61,7.76,165000,4.76
2006-10-02,7.86,7.98,7.69,7.80,112700,4.78
2006-09-29,8.12,8.19,7.80,7.85,369300,4.81
2006-09-28,8.11,8.20,7.90,8.12,237900,4.98
2006-09-27,8.08,8.21,8.01,8.08,251000,4.95
2006-09-26,8.16,8.18,8.03,8.15,149300,4.92
2006-09-25,7.92,8.15,7.92,8.14,128300,4.91
2006-09-22,7.93,8.01,7.81,7.92,175300,4.78
2006-09-21,8.10,8.21,7.93,7.97,146800,4.81
2006-09-20,8.01,8.15,7.95,8.06,291000,4.86
2006-09-19,7.95,8.02,7.90,7.94,171900,4.79
2006-09-18,7.97,8.00,7.85,7.97,175900,4.81
2006-09-15,7.92,7.98,7.89,7.90,908100,4.77
2006-09-14,7.83,7.89,7.78,7.87,328000,4.75
2006-09-13,7.60,7.82,7.60,7.81,424100,4.71
2006-09-12,7.50,7.65,7.50,7.64,184300,4.61
2006-09-11,7.51,7.60,7.50,7.53,180100,4.54
2006-09-08,7.56,7.65,7.51,7.52,182800,4.54
2006-09-07,7.58,7.67,7.54,7.57,432900,4.57
2006-09-06,7.81,7.87,7.61,7.63,373600,4.60
2006-09-05,7.83,7.91,7.81,7.84,184200,4.73
2006-09-01,7.62,7.85,7.61,7.80,123000,4.71
2006-08-31,7.72,7.78,7.70,7.72,159100,4.66
2006-08-30,7.59,7.74,7.54,7.68,271500,4.63
2006-08-29,7.59,7.59,7.48,7.56,261600,4.56
2006-08-28,7.56,7.62,7.52,7.56,184100,4.56
2006-08-25,7.50,7.60,7.45,7.51,231700,4.53
2006-08-24,7.59,7.69,7.45,7.52,424300,4.54
2006-08-23,7.80,7.98,7.50,7.55,277400,4.56
2006-08-22,7.87,7.87,7.72,7.77,345100,4.69
2006-08-21,7.89,7.94,7.84,7.85,135400,4.74
2006-08-18,7.99,7.99,7.78,7.95,169300,4.80
2006-08-17,7.95,8.06,7.90,7.95,190600,4.80
2006-08-16,7.89,8.00,7.82,8.00,221600,4.83
2006-08-15,7.88,7.94,7.69,7.83,192300,4.72
2006-08-14,7.88,8.00,7.77,7.78,185000,4.69
2006-08-11,7.81,7.88,7.74,7.81,107700,4.71
2006-08-10,7.87,8.01,7.71,7.85,324100,4.74
2006-08-09,8.08,8.08,7.82,7.90,340100,4.77
2006-08-08,8.07,8.15,7.98,8.00,320300,4.83
2006-08-07,8.22,8.22,8.04,8.08,303100,4.88
2006-08-04,8.42,8.55,8.18,8.28,318000,5.00
2006-08-03,8.16,8.43,8.12,8.31,279800,5.01
2006-08-02,8.42,8.54,8.14,8.23,761400,4.97
2006-08-01,8.32,8.53,8.29,8.32,143900,5.02
2006-07-31,8.37,8.55,8.36,8.42,116700,5.08
2006-07-28,8.53,8.53,8.38,8.53,127000,5.15
2006-07-27,8.52,8.60,8.38,8.46,145500,5.11
2006-07-26,8.30,8.53,8.10,8.48,203500,5.12
2006-07-25,8.32,8.45,8.20,8.35,194800,5.04
2006-07-24,8.20,8.30,8.12,8.30,110500,5.01
2006-07-21,8.25,8.27,8.08,8.14,160700,4.91
2006-07-20,8.41,8.47,8.26,8.29,148600,5.00
2006-07-19,8.27,8.55,8.27,8.42,224400,5.08
2006-07-18,8.15,8.31,8.10,8.30,135300,5.01
2006-07-17,8.19,8.28,8.10,8.10,152900,4.89
2006-07-14,8.34,8.34,8.06,8.15,221900,4.92
2006-07-13,8.55,8.65,8.31,8.32,244300,5.02
2006-07-12,8.50,8.70,8.47,8.61,356700,5.20
2006-07-11,8.42,8.54,8.34,8.54,140400,5.15
2006-07-10,8.37,8.60,8.35,8.41,191200,5.07
2006-07-07,8.40,8.64,8.35,8.39,191500,5.06
2006-07-06,8.54,8.59,8.40,8.43,82900,5.09
2006-07-05,8.60,8.71,8.29,8.55,244400,5.16
2006-07-03,8.51,8.68,8.51,8.68,61100,5.24
2006-06-30,8.75,8.75,8.52,8.56,226400,5.17
2006-06-29,8.28,8.73,8.28,8.70,437200,5.25
2006-06-28,8.31,8.46,8.11,8.21,151100,4.95
2006-06-27,8.66,8.72,8.31,8.33,244300,4.97
2006-06-26,8.44,8.70,8.44,8.63,308500,5.15
2006-06-23,8.49,8.53,8.36,8.44,107900,5.03
2006-06-22,8.52,8.60,8.33,8.53,138000,5.09
2006-06-21,8.41,8.63,8.26,8.57,102200,5.11
2006-06-20,8.45,8.47,8.25,8.45,133800,5.04
2006-06-19,8.70,8.70,8.26,8.42,202500,5.02
2006-06-16,8.65,8.74,8.53,8.69,723900,5.18
2006-06-15,8.48,8.69,8.48,8.65,290600,5.16
2006-06-14,8.62,8.74,8.34,8.45,220200,5.04
2006-06-13,8.58,8.81,8.51,8.64,347600,5.15
2006-06-12,8.45,8.75,8.25,8.62,344400,5.14
2006-06-09,8.28,8.54,8.21,8.42,255400,5.02
2006-06-08,8.15,8.44,8.13,8.29,199200,4.94
2006-06-07,8.29,8.53,8.15,8.18,168000,4.88
2006-06-06,8.20,8.35,8.15,8.31,197700,4.95
2006-06-05,8.50,8.54,8.15,8.16,268800,4.86
2006-06-02,8.80,8.80,8.45,8.49,340600,5.06
2006-06-01,8.56,8.74,8.52,8.74,186400,5.21
2006-05-31,8.21,8.54,8.21,8.51,466700,5.07
2006-05-30,8.40,8.43,8.20,8.22,253800,4.90
2006-05-26,8.47,8.49,8.35,8.45,168800,5.04
2006-05-25,8.50,8.52,8.34,8.44,186800,5.03
2006-05-24,8.23,8.53,8.05,8.41,382600,5.01
2006-05-23,8.54,8.55,8.17,8.21,315500,4.89
2006-05-22,8.36,8.56,8.05,8.51,323300,5.07
2006-05-19,8.15,8.44,8.13,8.36,306600,4.98
2006-05-18,8.09,8.23,8.00,8.19,291100,4.88
2006-05-17,8.03,8.10,7.87,8.01,293100,4.78
2006-05-16,7.95,8.22,7.93,8.11,221600,4.84
2006-05-15,8.00,8.05,7.80,7.93,196600,4.73
2006-05-12,8.04,8.14,8.01,8.03,213000,4.79
2006-05-11,8.26,8.35,8.01,8.09,264900,4.82
2006-05-10,8.50,8.54,8.27,8.28,266200,4.94
2006-05-09,8.46,8.54,8.32,8.47,238700,5.05
2006-05-08,8.71,8.76,8.48,8.51,334700,5.07
2006-05-05,8.76,8.95,8.64,8.66,433500,5.16
2006-05-04,8.60,8.76,8.35,8.75,408300,5.22
2006-05-03,7.99,8.65,7.98,8.60,579000,5.13
2006-05-02,7.71,8.04,7.66,7.90,368600,4.71
2006-05-01,7.90,7.99,7.70,7.73,327100,4.61
2006-04-28,7.90,8.07,7.82,7.85,229000,4.68
2006-04-27,7.91,8.05,7.74,7.95,120600,4.74
2006-04-26,7.79,7.98,7.74,7.98,150400,4.76
2006-04-25,7.77,7.84,7.67,7.76,307900,4.63
2006-04-24,7.78,7.86,7.72,7.73,357500,4.61
2006-04-21,7.77,7.86,7.64,7.76,502800,4.63
2006-04-20,7.81,7.87,7.73,7.77,231000,4.63
2006-04-19,7.75,7.91,7.74,7.77,184600,4.63
2006-04-18,7.79,7.86,7.72,7.78,613900,4.64
2006-04-17,7.78,7.78,7.71,7.74,339800,4.61
2006-04-13,7.75,7.87,7.73,7.75,99700,4.62
2006-04-12,7.73,7.91,7.64,7.75,162200,4.62
2006-04-11,7.80,7.93,7.71,7.76,207500,4.63
2006-04-10,7.70,7.88,7.62,7.75,335300,4.62
2006-04-07,7.82,7.92,7.61,7.70,263700,4.59
2006-04-06,7.74,7.86,7.73,7.84,410800,4.67
2006-04-05,7.80,7.90,7.70,7.78,249900,4.64
2006-04-04,7.79,7.91,7.73,7.76,430600,4.63
2006-04-03,8.19,8.19,7.71,7.81,483900,4.66
2006-03-31,7.95,8.21,7.94,8.15,399100,4.86
2006-03-30,7.83,8.02,7.75,7.98,355500,4.76
2006-03-29,7.77,7.85,7.57,7.78,723700,4.64
2006-03-28,7.66,7.89,7.60,7.80,424200,4.59
2006-03-27,7.66,7.69,7.58,7.65,353500,4.50
2006-03-24,7.63,7.67,7.54,7.61,207700,4.48
2006-03-23,7.62,7.63,7.47,7.61,427200,4.48
2006-03-22,7.45,7.62,7.34,7.61,287400,4.48
2006-03-21,7.47,7.53,7.39,7.47,363100,4.40
2006-03-20,7.45,7.47,7.34,7.46,356800,4.39
2006-03-17,7.46,7.47,7.34,7.42,1167800,4.37
2006-03-16,7.43,7.48,7.35,7.42,355800,4.37
2006-03-15,7.63,7.63,7.39,7.44,743400,4.38
2006-03-14,7.49,7.60,7.45,7.59,167000,4.47
2006-03-13,7.62,7.64,7.47,7.49,402000,4.41
2006-03-10,7.55,7.61,7.52,7.60,515100,4.47
2006-03-09,7.40,7.62,7.40,7.59,542800,4.47
2006-03-08,7.41,7.41,7.31,7.36,162700,4.33
2006-03-07,7.53,7.54,7.32,7.38,704700,4.34
2006-03-06,7.39,7.63,7.32,7.51,1142000,4.42
2006-03-03,7.39,7.45,7.30,7.35,369500,4.33
2006-03-02,7.43,7.45,7.31,7.38,290100,4.34
2006-03-01,7.25,7.50,7.24,7.41,458200,4.36
2006-02-28,7.69,7.69,7.18,7.19,854500,4.23
2006-02-27,7.79,7.83,7.69,7.71,213400,4.54
2006-02-24,7.85,7.93,7.73,7.79,373300,4.58
2006-02-23,7.97,8.22,7.88,7.89,758300,4.64
2006-02-22,7.69,7.75,7.58,7.74,389000,4.56
2006-02-21,7.61,7.79,7.55,7.64,298100,4.50
2006-02-17,7.83,7.90,7.63,7.64,394500,4.50
2006-02-16,7.60,7.88,7.59,7.86,473700,4.63
2006-02-15,7.68,7.68,7.54,7.60,202700,4.47
2006-02-14,7.52,7.71,7.46,7.64,393800,4.50
2006-02-13,7.64,7.79,7.44,7.47,328700,4.40
2006-02-10,7.87,7.90,7.55,7.62,353100,4.48
2006-02-09,7.75,8.05,7.74,7.85,391100,4.62
2006-02-08,8.02,8.18,7.75,7.76,519500,4.57
2006-02-07,8.12,8.15,7.90,7.93,179700,4.67
2006-02-06,8.19,8.19,7.97,8.14,447000,4.79
2006-02-03,8.06,8.16,8.00,8.15,405800,4.80
2006-02-02,8.31,8.32,8.02,8.06,276400,4.74
2006-02-01,7.98,8.34,7.96,8.29,566300,4.88
2006-01-31,8.06,8.14,7.95,7.96,461400,4.68
2006-01-30,8.13,8.34,8.07,8.10,417500,4.77
2006-01-27,7.95,8.21,7.85,8.17,643300,4.81
2006-01-26,7.91,8.07,7.84,7.91,736200,4.66
2006-01-25,7.85,8.45,7.80,8.00,1599600,4.71
2006-01-24,8.96,8.96,7.46,7.51,1778900,4.42
2006-01-23,8.84,8.93,8.74,8.91,278600,5.24
2006-01-20,8.93,8.93,8.74,8.78,412500,5.17
2006-01-19,8.80,8.91,8.66,8.88,240800,5.23
2006-01-18,8.70,8.77,8.64,8.77,197500,5.16
2006-01-17,8.79,8.79,8.59,8.71,207100,5.13
2006-01-13,8.75,8.83,8.53,8.80,576600,5.18
2006-01-12,8.87,8.87,8.62,8.66,402200,5.10
2006-01-11,9.03,9.03,8.74,8.84,434400,5.20
2006-01-10,8.87,9.08,8.83,8.96,308100,5.27
2006-01-09,9.17,9.42,8.79,8.89,506100,5.23
2006-01-06,9.50,9.62,9.16,9.20,282600,5.41
2006-01-05,9.55,9.55,9.30,9.37,371500,5.51
2006-01-04,9.29,9.63,9.20,9.56,259300,5.63
2006-01-03,9.31,9.36,9.14,9.24,430900,5.44
2005-12-30,9.35,9.35,9.14,9.20,154200,5.41
2005-12-29,9.28,9.40,9.28,9.33,130500,5.49
2005-12-28,9.39,9.48,9.15,9.21,240700,5.42
2005-12-27,9.37,9.49,9.37,9.46,408800,5.51
2005-12-23,9.45,9.56,9.32,9.36,222200,5.45
2005-12-22,9.50,9.56,9.39,9.43,180700,5.49
2005-12-21,9.63,9.67,9.40,9.43,698300,5.49
2005-12-20,9.64,9.65,9.43,9.63,250000,5.61
2005-12-19,9.95,9.97,9.62,9.64,231500,5.61
2005-12-16,9.76,9.94,9.71,9.88,415400,5.75
2005-12-15,9.73,9.79,9.62,9.72,219200,5.66
2005-12-14,9.64,9.83,9.58,9.83,322700,5.72
2005-12-13,9.93,9.97,9.64,9.64,479400,5.61
2005-12-12,9.62,10.00,9.62,9.98,381400,5.81
2005-12-09,9.66,9.78,9.62,9.66,158500,5.63
2005-12-08,9.84,9.93,9.58,9.71,492800,5.65
2005-12-07,10.00,10.01,9.75,9.85,395100,5.74
2005-12-06,10.00,10.07,9.92,10.00,510900,5.82
2005-12-05,9.90,10.00,9.70,9.99,486200,5.82
2005-12-02,9.70,9.91,9.68,9.83,429300,5.72
2005-12-01,9.66,9.75,9.49,9.63,615000,5.61
2005-11-30,9.27,9.62,9.20,9.62,1024000,5.60
2005-11-29,9.05,9.34,8.99,9.25,802200,5.39
2005-11-28,9.20,9.20,8.99,9.00,291400,5.24
2005-11-25,9.03,9.15,8.99,9.09,110300,5.29
2005-11-23,8.96,9.09,8.96,8.99,500400,5.24
2005-11-22,8.98,9.00,8.93,8.97,490300,5.22
2005-11-21,9.00,9.05,8.93,8.99,440700,5.24
2005-11-18,9.11,9.18,8.95,9.00,425400,5.24
2005-11-17,8.82,9.10,8.71,9.08,314100,5.29
2005-11-16,8.96,9.00,8.70,8.78,177300,5.11
2005-11-15,9.00,9.06,8.87,8.95,262200,5.21
2005-11-14,9.10,9.10,8.95,9.00,367800,5.24
2005-11-11,9.15,9.15,8.98,8.99,324700,5.24
2005-11-10,8.99,9.13,8.90,9.10,398000,5.30
2005-11-09,8.98,9.03,8.93,8.98,451700,5.23
2005-11-08,9.01,9.04,8.94,8.97,762600,5.22
2005-11-07,9.03,9.40,9.03,9.05,728700,5.27
2005-11-04,9.05,9.08,8.92,8.98,426400,5.23
2005-11-03,8.94,9.02,8.82,9.02,324100,5.25
2005-11-02,8.85,8.95,8.53,8.89,481900,5.18
2005-11-01,8.24,8.40,8.24,8.40,423600,4.89
2005-10-31,8.32,8.42,8.25,8.29,525600,4.83
2005-10-28,8.20,8.35,8.20,8.28,346400,4.82
2005-10-27,8.38,8.42,8.21,8.22,497300,4.79
2005-10-26,8.46,8.55,8.38,8.41,397800,4.90
2005-10-25,8.57,8.66,8.44,8.50,436300,4.95
2005-10-24,8.43,8.68,8.42,8.61,457300,5.01
2005-10-21,8.33,8.50,8.33,8.40,606900,4.89
2005-10-20,8.45,8.76,8.30,8.35,524900,4.86
2005-10-19,8.34,8.51,8.20,8.48,338600,4.94
2005-10-18,8.48,8.50,8.32,8.38,498000,4.88
2005-10-17,8.58,8.64,8.34,8.48,1596200,4.94
2005-10-14,8.43,8.56,8.16,8.53,228500,4.97
2005-10-13,8.17,8.43,8.05,8.36,219400,4.87
2005-10-12,8.29,8.36,7.96,8.23,263500,4.79
2005-10-11,8.51,8.65,8.32,8.33,309300,4.85
2005-10-10,8.57,8.65,8.46,8.50,283700,4.95
2005-10-07,8.49,8.65,8.44,8.61,180600,5.01
2005-10-06,8.75,8.87,8.42,8.45,300800,4.92
2005-10-05,8.78,8.94,8.72,8.80,330700,5.12
2005-10-04,8.83,8.92,8.73,8.80,159100,5.12
2005-10-03,8.80,9.00,8.79,8.84,144200,5.15
2005-09-30,8.98,9.02,8.77,8.87,435100,5.17
2005-09-29,8.80,9.04,8.79,9.03,104500,5.26
2005-09-28,8.77,9.03,8.68,8.87,204600,5.17
2005-09-27,9.10,9.21,8.64,8.76,151900,5.06
2005-09-26,9.27,9.35,9.08,9.13,124800,5.27
2005-09-23,9.09,9.21,8.91,9.21,103800,5.32
2005-09-22,8.96,9.11,8.72,9.01,162100,5.20
2005-09-21,9.18,9.26,8.90,8.98,172400,5.18
2005-09-20,9.50,9.52,9.20,9.24,115900,5.33
2005-09-19,9.42,9.50,9.39,9.45,107500,5.46
2005-09-16,9.20,9.40,9.11,9.39,353400,5.42
2005-09-15,8.97,9.13,8.88,9.13,287300,5.27
2005-09-14,9.36,9.45,9.03,9.03,187000,5.21
2005-09-13,9.58,9.58,9.33,9.35,174300,5.40
2005-09-12,9.33,9.75,9.27,9.57,451900,5.53
2005-09-09,9.38,9.46,9.24,9.35,181700,5.40
2005-09-08,9.35,9.50,9.29,9.39,266400,5.42
2005-09-07,9.22,9.40,9.14,9.40,304300,5.43
2005-09-06,9.33,9.42,9.19,9.23,186800,5.33
2005-09-02,9.21,9.41,8.90,9.29,140300,5.36
2005-09-01,9.34,9.45,9.08,9.22,248800,5.32
2005-08-31,9.47,9.51,9.11,9.39,159400,5.42
2005-08-30,9.50,9.56,9.31,9.46,167000,5.46
2005-08-29,9.42,9.56,9.37,9.47,185400,5.47
2005-08-26,9.40,9.57,9.40,9.43,208100,5.44
2005-08-25,9.50,9.56,9.36,9.45,108300,5.46
2005-08-24,9.20,9.57,9.13,9.49,626300,5.48
2005-08-23,9.20,9.37,9.15,9.27,149000,5.35
2005-08-22,9.27,9.35,9.16,9.21,296000,5.32
2005-08-19,9.53,9.53,9.29,9.32,151200,5.38
2005-08-18,9.44,9.55,9.33,9.52,290600,5.50
2005-08-17,9.44,9.54,9.33,9.49,344800,5.48
2005-08-16,9.32,9.49,9.22,9.40,385000,5.43
2005-08-15,9.38,9.41,9.05,9.37,322100,5.41
2005-08-12,9.33,9.42,9.08,9.36,285100,5.40
2005-08-11,9.10,9.35,9.00,9.32,301700,5.38
2005-08-10,8.79,9.21,8.69,9.13,514200,5.27
2005-08-09,8.87,8.87,8.61,8.76,219900,5.06
2005-08-08,8.91,8.91,8.65,8.80,133100,5.08
2005-08-05,9.01,9.06,8.82,8.84,281300,5.10
2005-08-04,9.08,9.09,8.84,9.02,174600,5.21
2005-08-03,9.15,9.20,9.02,9.10,238800,5.25
2005-08-02,9.11,9.20,9.05,9.10,208700,5.25
2005-08-01,9.06,9.20,8.96,9.04,318600,5.22
2005-07-29,8.96,9.05,8.94,9.00,231000,5.20
2005-07-28,9.12,9.16,8.97,9.01,201700,5.20
2005-07-27,9.06,9.20,8.86,9.06,261900,5.23
2005-07-26,8.94,9.10,8.94,8.98,159900,5.18
2005-07-25,9.05,9.14,8.93,8.98,240600,5.18
2005-07-22,8.76,9.18,8.72,9.02,397300,5.21
2005-07-21,8.97,9.08,8.71,8.71,113300,5.03
2005-07-20,8.90,9.08,8.82,9.02,198000,5.21
2005-07-19,9.15,9.15,8.91,8.96,154400,5.17
2005-07-18,8.87,9.17,8.87,9.07,224600,5.24
2005-07-15,8.93,9.07,8.83,8.89,297200,5.13
2005-07-14,9.20,9.20,8.98,9.03,97100,5.21
2005-07-13,9.15,9.21,8.98,9.07,241400,5.24
2005-07-12,9.40,9.40,9.16,9.19,249100,5.31
2005-07-11,9.32,9.53,9.23,9.40,302300,5.43
2005-07-08,9.14,9.30,9.06,9.28,332100,5.36
2005-07-07,9.17,9.34,9.08,9.13,243700,5.27
2005-07-06,9.40,9.50,9.24,9.24,439900,5.33
2005-07-05,9.29,9.40,9.18,9.40,258500,5.43
2005-07-01,9.10,9.26,9.07,9.24,179500,5.33
2005-06-30,9.13,9.35,9.03,9.08,142900,5.24
2005-06-29,9.06,9.34,8.97,9.11,226700,5.26
2005-06-28,8.84,9.13,8.80,9.13,442400,5.23
2005-06-27,8.57,8.80,8.53,8.74,379300,5.00
2005-06-24,8.53,8.77,8.48,8.59,471100,4.92
2005-06-23,8.74,8.87,8.53,8.53,250000,4.88
2005-06-22,8.93,9.00,8.69,8.77,307600,5.02
2005-06-21,8.90,9.00,8.83,8.95,419900,5.12
2005-06-20,8.90,9.00,8.82,8.90,369200,5.10
2005-06-17,8.99,9.00,8.59,8.88,299600,5.08
2005-06-16,8.78,8.93,8.73,8.93,155000,5.11
2005-06-15,8.79,8.87,8.74,8.85,345700,5.07
2005-06-14,8.66,8.80,8.57,8.75,311200,5.01
2005-06-13,8.59,8.62,8.38,8.57,204800,4.91
2005-06-10,8.62,8.66,8.53,8.65,163000,4.95
2005-06-09,8.48,8.62,8.38,8.59,232400,4.92
2005-06-08,8.65,8.70,8.46,8.51,320400,4.87
2005-06-07,8.60,8.70,8.51,8.63,210500,4.94
2005-06-06,8.69,8.69,8.56,8.60,141200,4.92
2005-06-03,8.70,8.75,8.60,8.62,267000,4.94
2005-06-02,8.89,8.89,8.65,8.68,212400,4.97
2005-06-01,8.80,8.90,8.66,8.85,179000,5.07
2005-05-31,8.70,8.88,8.64,8.81,282100,5.04
2005-05-27,8.69,8.75,8.63,8.65,194300,4.95
2005-05-26,8.51,8.85,8.51,8.67,156400,4.96
2005-05-25,8.56,8.71,8.52,8.53,242200,4.88
2005-05-24,8.51,9.00,8.50,8.62,589400,4.94
2005-05-23,8.50,9.03,8.46,8.60,567000,4.92
2005-05-20,8.55,8.55,8.00,8.49,129700,4.86
2005-05-19,8.38,8.50,8.29,8.50,273200,4.87
2005-05-18,8.19,8.43,8.10,8.35,374700,4.78
2005-05-17,7.97,8.16,7.73,8.15,271400,4.67
2005-05-16,8.00,8.13,7.97,8.02,170900,4.59
2005-05-13,8.07,8.20,7.96,8.04,256100,4.60
2005-05-12,8.04,8.16,7.92,7.96,762100,4.56
2005-05-11,8.06,8.28,7.99,7.99,240000,4.58
2005-05-10,8.08,8.33,8.07,8.10,528500,4.64
2005-05-09,8.05,8.20,8.00,8.15,450800,4.67
2005-05-06,8.00,8.10,7.97,7.97,857100,4.56
2005-05-05,8.01,8.02,7.86,8.00,316000,4.58
2005-05-04,7.65,8.10,7.60,8.00,947800,4.58
2005-05-03,7.60,7.62,7.39,7.49,131200,4.29
2005-05-02,7.62,7.76,7.35,7.54,155100,4.32
2005-04-29,7.51,7.67,7.47,7.66,133700,4.39
2005-04-28,7.67,7.67,7.45,7.45,85800,4.27
2005-04-27,7.55,7.77,7.49,7.71,110800,4.41
2005-04-26,7.59,7.73,7.55,7.56,125300,4.33
2005-04-25,7.64,7.74,7.51,7.69,121500,4.40
2005-04-22,7.87,8.00,7.50,7.52,145000,4.31
2005-04-21,7.70,8.01,7.66,7.94,120500,4.55
2005-04-20,7.75,7.84,7.57,7.59,337000,4.35
2005-04-19,7.77,8.06,7.66,7.78,398300,4.45
2005-04-18,7.83,7.97,7.70,7.72,272200,4.42
2005-04-15,7.66,7.95,7.66,7.75,296100,4.44
2005-04-14,7.97,8.00,7.66,7.66,559200,4.39
2005-04-13,8.08,8.21,7.98,8.00,227300,4.58
2005-04-12,8.07,8.19,7.90,8.01,182300,4.59
2005-04-11,8.13,8.22,8.09,8.10,145100,4.64
2005-04-08,8.18,8.18,8.03,8.06,115000,4.62
2005-04-07,8.21,8.23,8.02,8.14,217300,4.66
2005-04-06,8.44,8.44,7.99,8.21,200300,4.70
2005-04-05,7.81,8.41,7.72,8.38,305900,4.80
2005-04-04,7.84,7.86,7.67,7.73,231200,4.43
2005-04-01,8.05,8.05,7.70,7.88,234500,4.51
2005-03-31,7.95,8.03,7.73,8.03,293000,4.60
2005-03-30,7.99,8.11,7.90,8.00,178200,4.58
2005-03-29,7.96,8.07,7.90,8.04,359300,4.58
2005-03-28,7.95,8.12,7.89,8.02,222800,4.56
2005-03-24,7.83,8.02,7.76,8.00,120400,4.55
2005-03-23,7.69,7.88,7.60,7.77,185800,4.42
2005-03-22,7.73,7.86,7.71,7.76,136700,4.42
2005-03-21,7.70,7.84,7.66,7.81,138800,4.44
2005-03-18,7.79,7.84,7.64,7.73,342800,4.40
2005-03-17,7.45,7.82,7.45,7.76,301500,4.42
2005-03-16,7.60,7.70,7.44,7.48,179100,4.26
2005-03-15,7.76,7.86,7.51,7.55,140300,4.30
2005-03-14,7.66,7.78,7.56,7.71,201700,4.39
2005-03-11,7.83,7.83,7.70,7.71,134100,4.39
2005-03-10,7.83,8.03,7.75,7.78,245900,4.43
2005-03-09,7.96,8.08,7.85,7.86,165200,4.47
2005-03-08,8.01,8.24,7.87,7.97,228000,4.54
2005-03-07,7.99,8.18,7.90,7.97,175800,4.54
2005-03-04,8.17,8.22,7.88,8.08,165200,4.60
2005-03-03,7.86,8.23,7.78,8.08,291700,4.60
2005-03-02,7.95,7.95,7.76,7.76,214600,4.42
2005-03-01,7.74,8.01,7.68,7.93,408800,4.51
2005-02-28,7.90,8.04,7.63,7.70,296700,4.38
2005-02-25,7.65,8.02,7.63,8.02,304600,4.56
2005-02-24,7.56,7.76,7.56,7.76,412200,4.42
2005-02-23,7.65,7.73,7.55,7.68,609600,4.37
2005-02-22,7.75,7.89,7.53,7.53,265500,4.28
2005-02-18,7.97,7.97,7.74,7.80,230300,4.44
2005-02-17,7.95,7.96,7.82,7.89,196100,4.49
2005-02-16,7.76,7.90,7.70,7.90,288100,4.50
2005-02-15,7.95,7.95,7.66,7.77,159400,4.42
2005-02-14,7.95,7.95,7.63,7.86,157400,4.47
2005-02-11,7.76,7.93,7.57,7.93,264800,4.51
2005-02-10,7.80,7.90,7.25,7.66,1264900,4.36
2005-02-09,8.00,8.17,7.93,7.93,113500,4.51
2005-02-08,8.15,8.16,7.95,8.08,268200,4.60
2005-02-07,8.05,8.17,8.01,8.09,157000,4.60
2005-02-04,8.33,8.33,8.04,8.15,164500,4.64
2005-02-03,8.35,8.35,8.08,8.16,153000,4.64
2005-02-02,8.18,8.34,8.02,8.26,257900,4.70
2005-02-01,8.31,8.39,8.16,8.22,148200,4.68
2005-01-31,8.29,8.36,8.10,8.23,141000,4.68
2005-01-28,8.21,8.38,8.02,8.11,140200,4.61
2005-01-27,8.11,8.50,8.10,8.32,285700,4.73
2005-01-26,8.16,8.18,7.99,8.18,228700,4.65
2005-01-25,8.19,8.27,8.03,8.14,355600,4.63
2005-01-24,8.29,8.34,8.07,8.07,167700,4.59
2005-01-21,8.28,8.37,8.05,8.24,645400,4.69
2005-01-20,8.43,8.43,8.22,8.32,350200,4.73
2005-01-19,8.52,8.52,8.31,8.31,371400,4.73
2005-01-18,8.44,8.51,8.26,8.42,215500,4.79
2005-01-14,8.36,8.48,8.26,8.44,187700,4.80
2005-01-13,8.57,8.57,8.17,8.31,425600,4.73
2005-01-12,8.37,8.44,8.10,8.22,234300,4.68
2005-01-11,8.86,8.86,8.35,8.37,360100,4.76
2005-01-10,8.87,8.91,8.73,8.73,287200,4.97
2005-01-07,9.01,9.07,8.60,8.72,252600,4.96
2005-01-06,8.89,9.04,8.78,8.91,279700,5.07
2005-01-05,8.86,9.25,8.73,8.86,583400,5.04
2005-01-04,9.16,9.27,8.73,8.81,470700,5.01
2005-01-03,9.29,9.29,9.07,9.14,306100,5.20
2004-12-31,9.30,9.36,9.15,9.21,112000,5.24
2004-12-30,9.08,9.23,9.00,9.19,283800,5.23
2004-12-29,9.28,9.28,9.02,9.04,253000,5.14
2004-12-28,9.18,9.28,8.99,9.21,312900,5.23
2004-12-27,9.00,9.27,8.99,9.12,187900,5.18
2004-12-23,9.03,9.14,8.91,9.10,275700,5.16
2004-12-22,8.80,9.01,8.79,9.01,205300,5.11
2004-12-21,8.82,8.96,8.78,8.91,544400,5.06
2004-12-20,8.79,9.00,8.78,8.88,685100,5.04
2004-12-17,8.90,8.95,8.72,8.90,1053100,5.05
2004-12-16,8.68,9.00,8.67,8.82,1194500,5.01
2004-12-15,8.76,8.86,8.59,8.68,762800,4.93
2004-12-14,8.41,8.75,8.41,8.70,566700,4.94
2004-12-13,8.40,8.48,8.26,8.42,455900,4.78
2004-12-10,8.31,8.45,8.25,8.37,347800,4.75
2004-12-09,8.23,8.49,8.15,8.37,424800,4.75
2004-12-08,8.09,8.26,7.87,8.19,1029500,4.65
2004-12-07,8.37,8.37,8.01,8.12,399000,4.61
2004-12-06,8.32,8.37,8.24,8.25,422400,4.68
2004-12-03,8.50,8.50,8.23,8.32,887200,4.72
2004-12-02,7.48,8.51,7.43,8.41,1915500,4.77
2004-12-01,7.28,7.51,7.19,7.37,711900,4.18
2004-11-30,7.13,7.29,7.07,7.21,660100,4.09
2004-11-29,7.32,7.36,6.97,7.16,995300,4.06
2004-11-26,7.15,7.25,7.05,7.22,357000,4.10
2004-11-24,7.12,7.19,6.97,7.13,858700,4.05
2004-11-23,6.77,7.10,6.70,6.99,850200,3.97
2004-11-22,6.80,6.80,6.65,6.77,1050700,3.84
2004-11-19,6.70,6.78,6.66,6.77,453900,3.84
2004-11-18,6.66,6.74,6.60,6.73,364200,3.82
2004-11-17,6.77,6.82,6.66,6.70,126100,3.80
2004-11-16,6.67,6.83,6.62,6.64,175300,3.77
2004-11-15,6.73,6.82,6.64,6.72,372500,3.81
2004-11-12,6.91,6.92,6.65,6.69,383900,3.80
2004-11-11,6.74,6.90,6.65,6.80,239700,3.86
2004-11-10,6.90,6.90,6.66,6.75,213000,3.83
2004-11-09,6.85,6.93,6.69,6.81,244400,3.86
2004-11-08,6.80,6.92,6.70,6.75,334800,3.83
2004-11-05,7.02,7.02,6.80,6.90,332100,3.92
2004-11-04,7.10,7.10,6.83,7.00,510800,3.97
2004-11-03,7.02,7.23,7.02,7.15,736400,4.06
2004-11-02,7.02,7.07,6.82,6.90,300200,3.92
2004-11-01,7.12,7.12,6.84,6.95,399300,3.94
2004-10-29,6.99,7.05,6.98,7.00,385100,3.97
2004-10-28,6.90,7.12,6.87,6.99,467000,3.97
2004-10-27,7.05,7.14,6.96,7.00,593900,3.97
2004-10-26,7.09,7.15,7.00,7.05,481600,4.00
2004-10-25,7.22,7.23,7.03,7.08,282200,4.02
2004-10-22,7.24,7.25,7.08,7.17,706600,4.07
2004-10-21,7.16,7.25,6.94,7.13,1233400,4.05
2004-10-20,6.50,7.36,6.46,7.05,2545900,4.00
2004-10-19,6.66,6.67,6.12,6.26,1244500,3.55
2004-10-18,7.01,7.07,6.37,6.49,1187400,3.68
2004-10-15,7.20,7.31,6.98,7.04,428600,4.00
2004-10-14,7.15,7.26,7.10,7.11,350100,4.03
2004-10-13,7.30,7.45,7.14,7.14,451000,4.05
2004-10-12,7.37,7.45,7.24,7.29,425600,4.14
2004-10-11,7.58,7.65,7.37,7.38,587100,4.19
2004-10-08,7.59,7.76,7.50,7.50,219000,4.26
2004-10-07,7.84,7.84,7.63,7.71,286200,4.38
2004-10-06,7.70,7.88,7.62,7.82,272200,4.44
2004-10-05,7.61,7.70,7.50,7.62,381800,4.32
2004-10-04,7.40,7.64,6.87,7.61,597500,4.32
2004-10-01,7.36,7.53,7.32,7.43,279100,4.22
2004-09-30,7.27,7.37,7.26,7.30,346300,4.14
2004-09-29,7.27,7.35,7.08,7.34,170000,4.17
2004-09-28,7.29,7.43,7.02,7.22,427100,4.08
2004-09-27,7.55,7.56,7.16,7.16,390100,4.05
2004-09-24,7.65,7.69,7.42,7.55,254200,4.27
2004-09-23,7.58,7.64,7.50,7.60,132800,4.30
2004-09-22,7.72,7.77,7.52,7.57,188100,4.28
2004-09-21,7.48,7.83,7.47,7.83,318700,4.43
2004-09-20,7.97,8.04,7.78,7.81,305600,4.42
2004-09-17,8.11,8.43,7.85,7.94,320900,4.49
2004-09-16,8.06,8.23,7.95,8.07,249800,4.56
2004-09-15,8.00,8.08,7.92,7.99,250700,4.52
2004-09-14,8.04,8.17,7.96,8.00,265600,4.52
2004-09-13,8.00,8.08,7.91,8.01,275800,4.53
2004-09-10,7.99,8.02,7.88,7.96,219900,4.50
2004-09-09,7.83,8.08,7.80,8.00,230100,4.52
2004-09-08,7.95,8.05,7.85,7.85,152700,4.44
2004-09-07,8.00,8.14,7.88,7.90,482400,4.47
2004-09-03,7.89,8.06,7.85,7.95,253000,4.50
2004-09-02,8.02,8.03,7.90,8.00,246600,4.52
2004-09-01,8.04,8.55,7.92,7.98,474400,4.51
2004-08-31,7.92,8.10,7.91,8.00,355600,4.52
2004-08-30,8.00,8.04,7.88,7.94,205300,4.49
2004-08-27,7.91,8.02,7.81,7.99,346600,4.52
2004-08-26,8.00,8.00,7.86,7.92,120100,4.48
2004-08-25,7.94,8.10,7.89,8.00,223600,4.52
2004-08-24,8.20,8.28,7.83,7.90,585800,4.47
2004-08-23,8.23,8.29,8.06,8.07,496900,4.56
2004-08-20,8.02,8.24,7.98,8.16,177900,4.61
2004-08-19,8.14,8.17,7.95,7.98,313600,4.51
2004-08-18,7.97,8.15,7.97,8.08,318900,4.57
2004-08-17,8.10,8.38,7.99,8.03,635200,4.54
2004-08-16,8.17,8.18,7.97,8.03,412900,4.54
2004-08-13,7.85,8.16,7.85,8.05,242800,4.55
2004-08-12,7.87,8.09,7.85,7.86,517100,4.45
2004-08-11,8.00,8.08,7.76,7.92,595200,4.48
2004-08-10,7.89,8.00,7.80,8.00,362200,4.52
2004-08-09,8.28,8.39,7.81,7.89,553400,4.46
2004-08-06,8.79,8.79,7.95,8.15,1619300,4.61
2004-08-05,9.87,9.88,8.67,8.97,726600,5.07
2004-08-04,9.76,9.89,9.54,9.89,160400,5.59
2004-08-03,10.00,10.00,9.80,9.82,103900,5.55
2004-08-02,9.85,10.04,9.79,9.91,112800,5.60
2004-07-30,9.86,10.00,9.72,9.91,108500,5.60
2004-07-29,9.82,10.04,9.68,9.84,112500,5.56
2004-07-28,10.00,10.04,9.65,9.77,615500,5.53
2004-07-27,10.04,10.08,9.85,10.06,217200,5.69
2004-07-26,10.04,10.12,9.89,10.02,202200,5.67
2004-07-23,10.04,10.10,9.79,9.93,128000,5.62
2004-07-22,9.85,10.22,9.85,9.99,175400,5.65
2004-07-21,10.15,10.29,9.91,9.95,167500,5.63
2004-07-20,10.09,10.14,9.98,10.12,317700,5.72
2004-07-19,9.81,10.07,9.68,10.06,262300,5.69
2004-07-16,9.95,10.08,9.75,9.76,399300,5.52
2004-07-15,9.92,10.00,9.79,9.85,144900,5.57
2004-07-14,10.01,10.20,9.69,9.86,303500,5.58
2004-07-13,10.20,10.29,9.90,10.00,271800,5.66
2004-07-12,10.12,10.30,10.01,10.23,265100,5.79
2004-07-09,10.18,10.28,10.03,10.14,125400,5.73
2004-07-08,10.23,10.25,9.99,10.08,288100,5.70
2004-07-07,10.34,10.39,10.09,10.18,219600,5.76
2004-07-06,10.35,10.45,10.13,10.30,274500,5.83
2004-07-02,10.15,10.45,10.05,10.34,470400,5.85
2004-07-01,10.37,10.38,10.08,10.08,736400,5.70
2004-06-30,10.59,10.60,10.26,10.27,2714400,5.81
2004-06-29,10.82,10.84,10.46,10.56,226700,5.97
2004-06-28,10.60,10.78,10.56,10.69,221700,6.03
2004-06-25,10.73,10.90,10.54,10.70,428600,6.04
2004-06-24,10.89,11.05,10.79,10.86,402000,6.13
2004-06-23,10.72,10.93,10.66,10.82,181300,6.10
2004-06-22,10.78,10.82,10.50,10.67,187500,6.02
2004-06-21,10.92,10.96,10.56,10.72,148800,6.05
2004-06-18,10.92,11.00,10.73,10.81,279000,6.10
2004-06-17,10.88,10.92,10.70,10.86,252400,6.13
2004-06-16,10.94,10.97,10.46,10.82,175300,6.10
2004-06-15,10.90,11.01,10.68,10.76,293600,6.07
2004-06-14,11.00,11.02,10.85,10.90,334900,6.15
2004-06-10,10.87,11.01,10.84,10.96,231000,6.18
2004-06-09,10.85,10.90,10.73,10.78,177700,6.08
2004-06-08,10.85,10.95,10.74,10.87,150700,6.13
2004-06-07,10.62,10.93,10.62,10.85,183300,6.12
2004-06-04,10.55,10.76,10.45,10.65,235700,6.01
2004-06-03,10.99,10.99,10.47,10.48,384600,5.91
2004-06-02,11.02,11.12,10.90,10.97,171500,6.19
2004-06-01,10.92,11.10,10.89,11.03,227500,6.22
2004-05-28,11.11,11.12,10.98,11.08,147700,6.25
2004-05-27,11.25,11.31,11.01,11.05,178200,6.23
2004-05-26,11.51,11.52,11.10,11.22,265700,6.33
2004-05-25,11.32,11.52,11.22,11.50,145600,6.49
2004-05-24,11.20,11.49,11.17,11.38,298500,6.42
2004-05-21,11.15,11.20,11.00,11.19,162000,6.31
2004-05-20,10.96,11.19,10.96,11.10,301900,6.26
2004-05-19,11.04,11.20,10.96,11.03,216600,6.22
2004-05-18,10.87,10.99,10.73,10.92,331400,6.16
2004-05-17,11.00,11.00,10.63,10.75,233800,6.07
2004-05-14,10.94,11.20,10.90,11.01,342700,6.21
2004-05-13,11.20,11.31,11.01,11.07,207100,6.25
2004-05-12,11.54,11.55,11.07,11.23,393800,6.34
2004-05-11,11.65,11.71,11.33,11.55,286400,6.52
2004-05-10,11.76,11.80,11.44,11.46,135100,6.47
2004-05-07,12.36,12.37,11.69,11.79,292100,6.65
2004-05-06,12.71,12.77,12.15,12.40,323000,7.00
2004-05-05,12.70,13.00,12.66,12.79,268200,7.22
2004-05-04,12.34,12.88,12.34,12.77,302900,7.20
2004-05-03,12.41,12.50,12.15,12.38,634200,6.98
2004-04-30,12.61,12.85,12.29,12.36,298500,6.97
2004-04-29,12.66,12.97,12.62,12.62,196700,7.12
2004-04-28,13.04,13.07,12.66,12.67,143600,7.15
2004-04-27,13.11,13.22,12.98,13.09,170800,7.39
2004-04-26,12.70,13.11,12.61,13.04,344800,7.36
2004-04-23,12.90,12.97,12.53,12.68,311900,7.15
2004-04-22,12.75,13.13,12.75,12.89,441400,7.27
2004-04-21,13.11,13.18,12.74,12.85,349200,7.25
2004-04-20,13.45,13.45,13.01,13.10,376800,7.39
2004-04-19,13.38,13.50,13.18,13.42,169500,7.57
2004-04-16,13.45,13.60,13.28,13.31,192200,7.51
2004-04-15,13.58,13.58,13.27,13.36,122200,7.54
2004-04-14,13.36,13.70,13.18,13.50,318800,7.62
2004-04-13,13.91,14.20,13.25,13.26,546300,7.48
2004-04-12,13.34,13.76,13.21,13.51,203500,7.62
2004-04-08,13.36,13.49,13.21,13.23,193800,7.46
2004-04-07,13.19,13.36,13.18,13.23,488000,7.46
2004-04-06,13.05,13.30,13.04,13.17,762500,7.43
2004-04-05,13.13,13.21,12.95,13.12,255900,7.40
2004-04-02,12.84,13.38,12.77,13.20,690400,7.45
2004-04-01,12.61,13.05,12.59,12.84,444400,7.24
2004-03-31,12.44,12.77,12.44,12.50,300400,7.05
2004-03-30,12.37,12.50,12.24,12.45,97700,7.02
2004-03-29,12.40,12.40,12.25,12.30,256900,6.94
2004-03-26,12.34,12.43,12.19,12.43,222300,7.01
2004-03-25,12.03,12.43,12.03,12.33,136300,6.96
2004-03-24,12.47,12.47,12.03,12.06,238300,6.80
2004-03-23,12.40,12.55,12.08,12.36,213800,6.97
2004-03-22,12.41,12.41,12.15,12.35,287900,6.97
2004-03-19,12.58,12.84,12.36,12.46,353100,7.03
2004-03-18,12.55,12.58,12.30,12.46,165100,7.03
2004-03-17,12.20,12.61,12.15,12.60,197900,7.11
2004-03-16,12.23,12.50,12.07,12.13,293000,6.84
2004-03-15,12.64,12.67,12.06,12.17,318000,6.87
2004-03-12,12.10,12.75,12.00,12.68,502800,7.15
2004-03-11,12.04,12.44,12.00,12.11,323800,6.83
2004-03-10,12.31,12.40,11.98,12.05,296300,6.80
2004-03-09,12.36,12.45,12.13,12.33,225400,6.96
2004-03-08,12.17,12.52,12.15,12.32,232000,6.95
2004-03-05,12.27,12.59,12.21,12.27,159000,6.92
2004-03-04,12.26,12.42,12.14,12.27,394000,6.92
2004-03-03,12.31,12.40,12.10,12.18,247100,6.87
2004-03-02,12.55,12.87,12.27,12.40,496800,7.00
2004-03-01,12.72,13.05,12.47,12.51,382400,7.06
2004-02-27,12.98,13.07,12.50,12.56,266100,7.09
2004-02-26,12.56,13.04,12.55,12.88,209400,7.27
2004-02-25,12.54,12.82,12.49,12.66,121300,7.14
2004-02-24,12.42,12.85,12.35,12.62,185900,7.12
2004-02-23,13.00,13.14,12.60,12.66,280700,7.14
2004-02-20,13.00,13.12,12.90,13.09,415900,7.39
2004-02-19,13.06,13.24,12.98,12.98,431300,7.32
2004-02-18,13.30,13.30,12.93,13.05,374900,7.36
2004-02-17,13.01,13.38,13.01,13.28,420000,7.49
2004-02-13,13.09,13.27,12.97,12.98,393400,7.32
2004-02-12,13.72,13.72,13.22,13.33,134000,7.52
2004-02-11,13.33,13.78,13.17,13.71,356100,7.74
2004-02-10,13.30,13.39,13.15,13.36,234500,7.54
2004-02-09,13.18,13.52,13.07,13.17,300700,7.43
2004-02-06,13.02,13.33,13.00,13.22,222900,7.46
2004-02-05,13.00,13.28,12.89,13.00,495200,7.33
2004-02-04,13.30,13.30,12.98,13.00,269700,7.33
2004-02-03,13.76,13.76,13.16,13.20,250800,7.45
2004-02-02,13.67,13.75,13.40,13.55,232500,7.65
2004-01-30,13.47,13.68,13.35,13.65,203600,7.70
2004-01-29,13.58,13.84,13.21,13.53,254800,7.63
2004-01-28,14.10,14.33,13.38,13.38,468200,7.55
2004-01-27,14.41,14.45,14.11,14.20,303000,8.01
2004-01-26,14.29,14.42,13.91,14.38,293900,8.11
2004-01-23,14.20,14.46,13.99,14.25,393500,8.04
2004-01-22,14.02,14.47,13.97,14.21,386300,8.02
2004-01-21,14.22,14.31,13.80,14.03,499200,7.92
2004-01-20,14.44,14.44,14.00,14.30,674400,8.07
2004-01-16,14.41,14.52,14.24,14.42,280700,8.14
2004-01-15,14.59,14.69,14.28,14.36,205800,8.10
2004-01-14,14.40,14.62,14.25,14.53,653700,8.20
2004-01-13,14.60,14.67,14.34,14.35,566200,8.10
2004-01-12,14.55,14.91,14.36,14.54,652400,8.20
2004-01-09,14.90,15.15,14.45,14.47,404400,8.16
2004-01-08,14.78,14.95,14.73,14.90,661800,8.41
2004-01-07,14.75,14.95,14.69,14.75,655200,8.32
2004-01-06,14.88,14.93,14.84,14.88,907800,8.40
2004-01-05,15.05,15.09,14.91,14.99,1067600,8.46
2004-01-02,14.86,15.12,14.85,15.03,1069300,8.48
2003-12-31,15.01,15.11,14.82,14.98,469800,8.45
2003-12-30,15.18,15.18,14.84,14.96,495600,8.44
2003-12-29,14.87,15.43,14.81,15.17,862400,8.56
2003-12-26,14.52,14.88,14.52,14.86,296800,8.38
2003-12-24,14.43,14.58,14.28,14.57,540500,8.22
2003-12-23,14.10,14.57,14.06,14.36,1516800,8.10
2003-12-22,14.37,14.37,13.92,14.10,659100,7.96
2003-12-19,14.10,14.23,13.72,14.14,305900,7.98
2003-12-18,13.66,14.06,13.53,14.00,611800,7.90
2003-12-17,13.51,13.77,13.49,13.62,554100,7.68
2003-12-16,13.50,13.89,13.17,13.65,1332100,7.70
2003-12-15,13.04,13.28,12.96,13.05,652900,7.36
2003-12-12,12.73,12.99,12.61,12.99,520400,7.33
2003-12-11,12.50,12.70,12.44,12.68,751400,7.15
2003-12-10,11.94,12.52,11.86,12.48,669200,7.04
2003-12-09,11.95,12.10,11.80,11.92,209100,6.73
2003-12-08,11.75,11.99,11.75,11.97,337100,6.75
2003-12-05,11.69,11.80,11.42,11.76,245900,6.64
2003-12-04,11.71,11.75,11.49,11.58,189600,6.53
2003-12-03,11.59,12.01,11.52,11.69,244200,6.60
2003-12-02,11.67,11.84,11.52,11.54,247200,6.51
2003-12-01,11.58,11.76,11.50,11.65,215500,6.57
2003-11-28,11.57,11.65,11.45,11.60,106300,6.54
2003-11-26,11.67,11.76,11.53,11.59,209300,6.54
2003-11-25,11.40,11.70,11.40,11.61,283600,6.55
2003-11-24,10.99,11.45,10.95,11.38,535600,6.42
2003-11-21,10.84,11.08,10.75,11.00,168700,6.21
2003-11-20,10.78,11.00,10.75,10.83,332900,6.11
2003-11-19,10.76,10.99,10.70,10.75,209700,6.07
2003-11-18,10.73,10.93,10.65,10.75,194200,6.07
2003-11-17,10.93,10.98,10.67,10.75,221100,6.07
2003-11-14,11.09,11.25,10.86,10.95,147800,6.18
2003-11-13,11.00,11.17,10.91,11.02,353200,6.22
2003-11-12,11.00,11.27,10.98,11.06,360900,6.24
2003-11-11,11.20,11.27,10.93,10.95,332900,6.18
2003-11-10,11.47,11.59,11.23,11.27,390200,6.36
2003-11-07,11.78,11.80,11.40,11.61,446300,6.55
2003-11-06,11.31,11.84,11.21,11.75,1301100,6.63
2003-11-05,11.74,12.11,11.63,12.04,366900,6.79
2003-11-04,11.79,11.84,11.58,11.77,278700,6.64
2003-11-03,11.63,11.97,11.60,11.79,322700,6.65
2003-10-31,11.64,11.72,11.60,11.63,195100,6.56
2003-10-30,11.80,11.80,11.40,11.65,360600,6.57
2003-10-29,11.70,11.80,11.51,11.70,240200,6.60
2003-10-28,11.26,11.70,11.26,11.69,269200,6.60
2003-10-27,11.11,11.40,11.11,11.26,393400,6.35
2003-10-24,10.87,11.18,10.85,11.18,445900,6.31
2003-10-23,11.02,11.08,10.94,10.99,279300,6.20
2003-10-22,11.10,11.17,10.89,11.02,400300,6.22
2003-10-21,11.14,11.32,11.08,11.16,622300,6.30
2003-10-20,11.23,11.38,10.93,11.16,840400,6.30
2003-10-17,11.26,11.49,11.22,11.25,316100,6.35
2003-10-16,10.99,11.41,10.97,11.26,438800,6.35
2003-10-15,11.02,11.10,10.90,11.03,280100,6.22
2003-10-14,10.94,11.03,10.94,10.99,159500,6.20
2003-10-13,11.06,11.16,10.85,11.03,379000,6.22
2003-10-10,11.00,11.10,10.90,11.10,359800,6.26
2003-10-09,10.70,11.09,10.70,11.02,790500,6.22
2003-10-08,10.34,10.70,10.30,10.62,464800,5.99
2003-10-07,10.16,10.50,10.16,10.50,184200,5.92
2003-10-06,10.55,10.57,10.39,10.42,233900,5.88
2003-10-03,10.26,10.61,10.21,10.45,394500,5.90
2003-10-02,10.41,10.50,10.15,10.19,337900,5.75
2003-10-01,10.12,10.47,10.12,10.41,604600,5.87
2003-09-30,10.05,10.27,9.98,10.23,676400,5.77
2003-09-29,9.95,10.05,9.84,10.05,426800,5.67
2003-09-26,10.12,10.37,9.88,9.90,603800,5.59
2003-09-25,10.33,10.62,10.15,10.18,438300,5.74
2003-09-24,10.38,10.79,10.35,10.35,281200,5.84
2003-09-23,11.08,11.08,10.70,10.79,469100,6.09
2003-09-22,11.18,11.22,11.00,11.17,943800,6.30
2003-09-19,11.00,11.24,11.00,11.19,669700,6.31
2003-09-18,10.98,11.14,10.82,11.10,451600,6.26
2003-09-17,10.95,11.00,10.68,10.90,254300,6.15
2003-09-16,10.56,11.05,10.56,10.95,398800,6.18
2003-09-15,10.56,10.67,10.50,10.64,194600,6.00
2003-09-12,10.94,10.94,10.50,10.59,284000,5.98
2003-09-11,10.70,10.92,10.70,10.90,442800,6.15
2003-09-10,10.80,10.85,10.64,10.70,1083300,6.04
2003-09-09,10.95,11.04,10.71,10.98,304300,6.20
2003-09-08,10.38,10.95,10.38,10.93,933700,6.17
2003-09-05,10.59,10.60,10.39,10.40,755600,5.87
2003-09-04,11.08,11.10,10.49,10.50,1406800,5.92
2003-09-03,11.31,11.38,11.05,11.12,709200,6.27
2003-09-02,11.10,11.45,10.94,11.35,605400,6.40
2003-08-29,10.87,11.13,10.63,11.12,626400,6.27
2003-08-28,10.92,10.92,10.61,10.70,218100,6.04
2003-08-27,11.00,11.03,10.81,10.92,231800,6.16
2003-08-26,11.01,11.12,10.78,11.02,718100,6.22
2003-08-25,11.25,11.25,11.00,11.05,317200,6.23
2003-08-22,11.10,11.34,11.10,11.25,773400,6.35
2003-08-21,10.85,11.15,10.70,11.01,524000,6.21
2003-08-20,10.30,10.84,10.27,10.84,870500,6.12
2003-08-19,10.08,10.55,9.85,10.36,636100,5.85
2003-08-18,9.91,10.05,9.88,10.05,303800,5.67
2003-08-15,9.98,10.05,9.85,9.91,87000,5.59
2003-08-14,9.98,10.00,9.84,9.97,222600,5.63
2003-08-13,10.01,10.01,9.83,9.94,384500,5.61
2003-08-12,9.81,10.08,9.80,10.05,355500,5.67
2003-08-11,9.82,9.92,9.63,9.85,567500,5.56
2003-08-08,10.32,10.33,9.65,9.76,891100,5.51
2003-08-07,9.97,10.04,9.69,9.81,320900,5.53
2003-08-06,10.01,10.07,9.76,9.93,486900,5.60
2003-08-05,10.31,10.36,10.00,10.05,323800,5.67
2003-08-04,10.36,10.45,10.01,10.26,440100,5.79
2003-08-01,10.37,10.37,10.20,10.30,479100,5.81
2003-07-31,10.11,10.39,10.06,10.35,709800,5.84
2003-07-30,10.30,10.46,10.01,10.11,710700,5.70
2003-07-29,10.65,10.85,10.18,10.35,1003300,5.84
2003-07-28,10.80,10.95,10.49,10.56,620300,5.96
2003-07-25,10.77,10.89,10.52,10.80,469000,6.09
2003-07-24,10.90,11.07,10.59,10.74,412000,6.06
2003-07-23,11.23,11.26,10.83,10.94,441700,6.17
2003-07-22,11.11,11.49,11.11,11.18,313500,6.31
2003-07-21,11.56,11.65,11.00,11.21,988500,6.32
2003-07-18,11.69,11.85,11.49,11.59,363500,6.54
2003-07-17,12.00,12.00,11.70,11.70,473000,6.60
2003-07-16,12.11,12.13,11.75,11.95,231300,6.74
2003-07-15,12.05,12.20,11.90,12.10,265100,6.83
2003-07-14,11.51,11.90,11.44,11.90,367600,6.71
2003-07-11,11.85,11.96,11.35,11.43,326300,6.45
2003-07-10,12.06,12.08,11.70,11.78,288200,6.65
2003-07-09,11.64,12.06,11.49,12.05,319200,6.80
2003-07-08,11.88,11.88,11.46,11.65,367400,6.57
2003-07-07,11.53,11.93,11.51,11.85,301500,6.69
2003-07-03,11.61,11.82,11.44,11.44,123100,6.45
2003-07-02,11.55,11.74,10.83,11.68,364400,6.59
2003-07-01,11.59,11.60,11.18,11.49,601600,6.48
2003-06-30,11.51,11.87,11.06,11.62,855600,6.56
2003-06-27,11.99,12.20,11.50,11.57,619800,6.53
2003-06-26,11.97,12.10,11.80,12.10,341600,6.83
2003-06-25,11.95,12.02,11.80,11.97,301600,6.75
2003-06-24,11.79,12.10,11.79,11.90,694600,6.71
2003-06-23,12.15,12.31,11.63,11.88,363000,6.70
2003-06-20,12.04,12.42,12.04,12.27,428800,6.92
2003-06-19,12.66,12.73,12.07,12.10,445100,6.83
2003-06-18,12.58,13.03,12.37,12.71,475000,7.17
2003-06-17,12.56,12.71,12.45,12.66,491400,7.14
2003-06-16,12.66,12.71,12.48,12.52,374100,7.06
2003-06-13,12.49,12.79,12.43,12.52,556800,7.06
2003-06-12,12.48,12.63,12.40,12.52,332100,7.06
2003-06-11,12.50,12.53,12.19,12.46,648200,7.03
2003-06-10,12.01,12.60,11.90,12.49,715300,7.05
2003-06-09,12.27,12.39,11.96,12.00,426300,6.77
2003-06-06,12.62,13.00,12.33,12.33,261900,6.96
2003-06-05,12.69,12.78,12.37,12.61,793400,7.11
2003-06-04,12.81,13.24,12.75,12.85,893200,7.25
2003-06-03,12.38,12.70,12.23,12.53,437800,7.07
2003-06-02,12.30,12.81,12.25,12.34,1085400,6.96
2003-05-30,12.34,12.36,11.95,12.15,603900,6.86
2003-05-29,12.53,12.60,12.21,12.28,480700,6.93
2003-05-28,12.73,12.75,12.41,12.50,568600,7.05
2003-05-27,12.20,12.75,12.19,12.54,689100,7.08
2003-05-23,11.99,12.28,11.95,12.16,582900,6.86
2003-05-22,11.77,12.05,11.70,11.95,1075700,6.74
2003-05-21,11.50,11.74,11.50,11.74,280700,6.62
2003-05-20,11.51,11.74,11.36,11.52,841800,6.50
2003-05-19,11.61,11.69,11.38,11.56,918000,6.52
2003-05-16,11.00,11.81,10.98,11.62,1456300,6.56
2003-05-15,10.99,11.99,10.87,11.17,2849300,6.30
2003-05-14,11.50,11.50,10.93,11.02,2379800,6.22
2003-05-13,12.17,12.18,11.91,11.96,283700,6.75
2003-05-12,11.65,12.33,11.60,12.14,803700,6.85
2003-05-09,11.50,12.31,11.38,11.48,940400,6.48
2003-05-08,10.59,10.71,10.47,10.68,185200,6.03
2003-05-07,10.77,10.82,10.52,10.65,115900,6.01
2003-05-06,10.63,10.81,10.52,10.77,136400,6.08
2003-05-05,10.62,10.71,10.43,10.60,255500,5.98
2003-05-02,10.68,10.89,10.41,10.65,198200,6.01
2003-05-01,10.63,10.70,10.41,10.64,309900,6.00
2003-04-30,10.68,10.73,10.47,10.60,214700,5.98
2003-04-29,10.62,10.74,10.49,10.63,216100,6.00
2003-04-28,10.20,10.68,10.20,10.56,231600,5.96
2003-04-25,10.36,10.49,10.12,10.32,180900,5.82
2003-04-24,10.69,10.73,10.14,10.35,435000,5.84
2003-04-23,9.95,10.95,9.72,10.69,764200,6.03
2003-04-22,9.34,9.80,9.26,9.65,176800,5.44
2003-04-21,9.49,9.56,9.20,9.34,227000,5.27
2003-04-17,9.45,9.64,9.24,9.47,209900,5.34
2003-04-16,9.24,9.42,9.20,9.25,242600,5.22
2003-04-15,9.12,9.23,9.02,9.17,514800,5.17
2003-04-14,8.60,9.16,8.59,9.10,374000,5.13
2003-04-11,8.56,8.70,8.38,8.67,508500,4.89
2003-04-10,8.33,8.54,8.31,8.43,298600,4.76
2003-04-09,8.41,8.63,8.25,8.36,139100,4.72
2003-04-08,8.55,8.56,8.25,8.34,145500,4.71
2003-04-07,8.51,8.81,8.50,8.55,342000,4.82
2003-04-04,8.30,8.61,8.24,8.38,495900,4.73
2003-04-03,7.85,8.33,7.84,8.30,442200,4.68
2003-04-02,7.95,8.27,7.95,7.97,290200,4.50
2003-04-01,7.76,8.11,7.76,7.96,238100,4.49
2003-03-31,7.80,8.02,7.68,7.86,281500,4.43
2003-03-28,8.10,8.10,7.79,7.79,208200,4.40
2003-03-27,7.90,8.31,7.86,8.03,197900,4.53
2003-03-26,7.82,8.00,7.79,7.87,213400,4.44
2003-03-25,7.76,7.95,7.76,7.81,368000,4.41
2003-03-24,7.96,8.09,7.76,7.85,186000,4.43
2003-03-21,8.21,8.21,7.95,8.07,385000,4.55
2003-03-20,7.98,8.12,7.96,7.97,189700,4.50
2003-03-19,8.48,8.48,7.95,8.18,255400,4.62
2003-03-18,8.20,8.31,8.00,8.13,374400,4.59
2003-03-17,8.08,8.58,8.08,8.29,301000,4.68
2003-03-14,8.08,8.25,8.00,8.13,149300,4.59
2003-03-13,7.83,8.14,7.83,7.95,232500,4.49
2003-03-12,7.77,7.91,7.76,7.88,117000,4.45
2003-03-11,7.80,8.02,7.75,7.84,210600,4.42
2003-03-10,8.09,8.23,7.75,7.80,257700,4.40
2003-03-07,8.26,8.43,8.03,8.16,386500,4.60
2003-03-06,8.48,8.50,8.25,8.27,198900,4.67
2003-03-05,8.40,8.63,8.30,8.41,295700,4.75
2003-03-04,8.80,8.80,8.36,8.36,306400,4.72
2003-03-03,8.88,8.98,8.68,8.73,305000,4.93
2003-02-28,8.56,8.89,8.47,8.74,292700,4.93
2003-02-27,8.42,8.73,8.35,8.49,314100,4.79
2003-02-26,8.65,8.80,8.33,8.47,305600,4.78
2003-02-25,8.53,8.78,8.49,8.64,524200,4.87
2003-02-24,9.44,9.45,8.39,8.41,1482200,4.75
2003-02-21,9.49,9.51,9.28,9.42,194400,5.31
2003-02-20,9.50,9.55,9.37,9.50,303900,5.36
2003-02-19,9.87,9.96,9.37,9.46,1172100,5.34
2003-02-18,9.84,10.04,9.75,9.83,415600,5.55
2003-02-14,9.99,10.00,9.65,9.83,476800,5.55
2003-02-13,9.95,10.20,9.90,10.15,238000,5.73
2003-02-12,10.15,10.15,9.87,9.95,309900,5.61
2003-02-11,10.25,10.50,10.06,10.07,225000,5.68
2003-02-10,10.45,10.70,10.18,10.36,365500,5.85
2003-02-07,10.96,11.08,10.54,10.63,165300,6.00
2003-02-06,10.65,11.21,10.53,10.96,299900,6.18
2003-02-05,10.73,11.09,10.55,10.58,228300,5.97
2003-02-04,11.26,11.29,10.70,10.78,280100,6.08
2003-02-03,11.36,11.43,11.20,11.25,111700,6.35
2003-01-31,11.18,11.56,11.09,11.32,153500,6.39
2003-01-30,11.58,11.60,11.10,11.18,85800,6.31
2003-01-29,11.35,11.61,11.23,11.57,130900,6.53
2003-01-28,11.40,11.59,11.29,11.44,180100,6.45
2003-01-27,11.70,11.95,11.23,11.36,315400,6.41
2003-01-24,11.93,12.00,11.56,11.69,518100,6.60
2003-01-23,11.49,11.65,11.26,11.39,574600,6.43
2003-01-22,11.48,11.59,11.25,11.40,358300,6.43
2003-01-21,11.67,11.81,11.37,11.40,385600,6.43
2003-01-17,11.98,11.98,11.36,11.65,307600,6.57
2003-01-16,11.84,11.98,11.71,11.98,199200,6.76
2003-01-15,12.02,12.02,11.73,11.80,231400,6.66
2003-01-14,11.73,12.02,11.60,12.00,1587500,6.77
2003-01-13,11.87,11.95,11.44,11.76,277000,6.64
2003-01-10,11.95,12.00,11.71,11.80,310600,6.66
2003-01-09,11.95,12.02,11.72,11.91,434200,6.72
2003-01-08,11.96,12.00,11.80,11.84,283400,6.68
2003-01-07,12.00,12.00,11.88,11.99,375400,6.76
2003-01-06,11.87,12.00,11.75,12.00,398900,6.77
2003-01-03,12.01,12.02,11.74,11.77,334700,6.64
2003-01-02,11.70,12.00,11.66,12.00,340200,6.77
2002-12-31,11.80,12.00,11.52,11.63,524600,6.56
2002-12-30,11.65,11.91,11.60,11.80,206200,6.66
2002-12-27,11.32,11.77,11.32,11.65,249100,6.57
2002-12-26,11.58,11.75,11.08,11.40,1271900,6.43
2002-12-24,13.60,13.64,11.16,11.49,3310100,6.48
2002-12-23,13.75,13.91,13.60,13.83,198000,7.80
2002-12-20,13.71,13.98,13.50,13.91,426800,7.85
2002-12-19,13.76,13.98,13.46,13.62,280700,7.68
2002-12-18,13.84,13.84,13.50,13.67,271700,7.71
2002-12-17,13.80,13.83,13.57,13.83,323800,7.80
2002-12-16,13.62,13.79,13.34,13.72,230000,7.74
2002-12-13,13.57,13.77,13.37,13.54,165200,7.64
2002-12-12,13.85,13.88,13.43,13.76,165800,7.76
2002-12-11,13.71,14.06,13.61,13.81,213200,7.79
2002-12-10,13.62,13.91,13.42,13.84,219000,7.81
2002-12-09,13.99,14.10,13.37,13.52,198700,7.63
2002-12-06,13.72,14.11,13.55,14.11,178200,7.96
2002-12-05,13.70,13.94,13.49,13.83,135600,7.80
2002-12-04,13.55,13.87,13.24,13.71,163800,7.74
2002-12-03,13.98,14.15,13.45,13.58,271000,7.66
2002-12-02,13.90,14.16,13.80,14.15,394700,7.98
2002-11-29,13.89,14.01,13.83,13.87,161200,7.83
2002-11-27,13.40,13.89,13.31,13.87,489200,7.83
2002-11-26,13.25,13.64,13.10,13.40,381600,7.56
2002-11-25,13.28,13.48,13.20,13.35,384500,7.53
2002-11-22,13.16,13.73,12.80,13.28,1101000,7.49
2002-11-21,12.00,12.80,11.95,12.80,413300,7.22
2002-11-20,11.58,12.01,11.45,11.94,288500,6.74
2002-11-19,11.40,11.82,11.18,11.60,408500,6.54
2002-11-18,11.70,11.91,11.40,11.48,396600,6.48
2002-11-15,11.30,11.91,11.26,11.68,389100,6.59
2002-11-14,11.61,11.87,11.17,11.30,1470400,6.38
2002-11-13,11.07,11.62,10.98,11.61,501200,6.55
2002-11-12,11.02,11.26,10.83,11.25,656800,6.35
2002-11-11,11.15,11.16,10.56,11.00,728500,6.21
2002-11-08,11.87,11.98,10.73,11.15,785600,6.29
2002-11-07,12.48,12.52,10.86,11.99,938100,6.76
2002-11-06,10.91,12.45,10.85,12.37,1174800,6.98
2002-11-05,10.95,11.13,10.35,10.84,1199900,6.12
2002-11-04,10.72,12.10,10.71,10.91,1057400,6.16
2002-11-01,11.74,12.00,10.43,10.60,939400,5.98
2002-10-31,12.60,12.75,11.50,11.83,1136900,6.67
2002-10-30,12.60,12.95,12.11,12.70,450300,7.17
2002-10-29,12.54,12.64,12.00,12.56,246700,7.09
2002-10-28,13.00,13.17,12.54,12.61,131300,7.11
2002-10-25,12.91,13.02,12.37,12.91,240500,7.28
2002-10-24,13.00,13.20,12.65,12.99,169700,7.33
2002-10-23,12.89,13.00,12.64,13.00,306200,7.33
2002-10-22,12.79,13.74,12.68,12.88,528600,7.27
2002-10-21,12.65,12.98,12.61,12.80,348200,7.22
2002-10-18,12.92,13.10,12.49,12.71,413700,7.17
2002-10-17,12.48,13.39,12.48,12.84,487200,7.24
2002-10-16,12.63,12.75,12.14,12.48,550700,7.04
2002-10-15,12.41,13.00,12.40,12.57,505400,7.09
2002-10-14,12.17,12.33,11.81,12.26,213100,6.92
2002-10-11,11.75,12.65,11.75,12.15,253900,6.86
2002-10-10,11.94,12.10,11.37,11.80,596800,6.66
2002-10-09,12.35,12.48,11.85,11.95,736000,6.74
2002-10-08,11.95,12.63,11.95,12.45,549600,7.02
2002-10-07,13.29,13.34,12.23,12.45,189600,7.02
2002-10-04,13.39,13.58,13.06,13.30,385800,7.50
2002-10-03,13.72,13.74,13.17,13.58,207900,7.66
2002-10-02,13.51,13.94,13.29,13.75,420800,7.76
2002-10-01,13.60,13.80,13.14,13.60,443700,7.67
2002-09-30,13.86,13.93,13.45,13.70,780400,7.73
2002-09-27,14.84,14.84,13.36,13.86,346600,7.82
2002-09-26,14.26,14.97,14.14,14.89,635600,8.40
2002-09-25,13.13,14.09,13.13,14.05,873100,7.93
2002-09-24,12.40,13.42,12.30,13.05,449600,7.36
2002-09-23,12.77,12.84,12.19,12.59,109600,7.10
2002-09-20,12.81,13.19,12.72,12.85,311700,7.25
2002-09-19,13.04,13.23,12.68,12.68,126400,7.15
2002-09-18,12.61,13.29,12.47,13.06,105100,7.37
2002-09-17,13.00,13.20,12.57,12.61,134700,7.11
2002-09-16,13.04,13.26,13.00,13.04,76400,7.36
2002-09-13,13.21,13.43,13.01,13.09,165200,7.39
2002-09-12,13.90,13.90,13.22,13.38,170300,7.55
2002-09-11,13.77,13.91,13.67,13.90,138600,7.84
2002-09-10,13.76,13.96,13.52,13.74,300800,7.75
2002-09-09,13.79,13.99,13.28,13.76,205300,7.76
2002-09-06,12.54,13.77,12.54,13.73,522200,7.75
2002-09-05,12.61,12.68,11.97,12.36,440300,6.97
2002-09-04,11.88,12.66,11.88,12.62,351800,7.12
2002-09-03,12.58,12.62,11.70,11.76,216200,6.64
2002-08-30,12.36,12.87,12.30,12.63,401800,7.13
2002-08-29,12.75,12.76,12.09,12.14,542800,6.85
2002-08-28,13.10,13.11,12.42,12.52,127200,7.06
2002-08-27,13.98,13.98,13.02,13.27,233900,7.49
2002-08-26,13.55,13.97,13.18,13.92,248200,7.85
2002-08-23,14.07,14.18,13.33,13.63,507400,7.69
2002-08-22,13.75,14.35,13.70,14.35,153600,8.10
2002-08-21,13.24,14.00,13.17,13.73,311400,7.75
2002-08-20,13.19,13.32,12.90,13.10,559100,7.39
2002-08-19,12.53,13.25,12.52,13.13,321600,7.41
2002-08-16,12.04,12.63,11.85,12.53,218200,7.07
2002-08-15,11.95,12.24,11.67,12.11,216600,6.83
2002-08-14,11.26,12.05,11.26,11.99,162700,6.76
2002-08-13,12.14,12.19,11.30,11.40,317100,6.43
2002-08-12,12.32,12.50,11.96,12.15,473200,6.86
2002-08-09,12.53,13.15,12.33,12.35,345000,6.97
2002-08-08,11.81,12.77,11.62,12.77,378700,7.20
2002-08-07,11.39,11.84,11.05,11.79,133300,6.65
2002-08-06,10.86,11.40,10.86,11.40,220400,6.43
2002-08-05,11.55,11.55,10.51,10.66,266900,6.01
2002-08-02,11.38,11.70,11.00,11.48,244900,6.48
2002-08-01,11.67,12.22,11.14,11.28,326900,6.36
2002-07-31,12.10,12.10,11.43,11.75,281600,6.63
2002-07-30,12.40,12.49,11.73,12.00,559300,6.77
2002-07-29,10.85,12.46,10.80,12.39,261100,6.99
2002-07-26,11.06,11.43,10.85,10.85,137600,6.12
2002-07-25,10.90,11.48,10.78,11.25,122300,6.35
2002-07-24,10.84,11.25,9.97,10.93,845100,6.17
2002-07-23,12.12,12.25,10.65,10.85,525400,6.12
2002-07-22,12.51,12.51,11.70,12.11,269800,6.83
2002-07-19,12.75,12.77,12.31,12.42,225800,7.01
2002-07-18,12.73,12.95,12.40,12.77,476900,7.20
2002-07-17,12.30,12.98,12.15,12.95,466200,7.31
2002-07-16,12.08,12.42,11.90,12.25,332000,6.91
2002-07-15,12.00,12.28,11.65,12.09,201900,6.82
2002-07-12,12.14,12.47,11.94,11.97,237900,6.75
2002-07-11,12.27,12.40,12.02,12.07,214500,6.81
2002-07-10,12.74,13.00,12.27,12.41,214900,7.00
2002-07-09,12.94,13.16,12.65,12.83,262400,7.24
2002-07-08,13.30,13.45,12.80,13.00,278900,7.33
2002-07-05,13.35,13.76,13.05,13.30,259800,7.50
2002-07-03,12.50,13.46,12.40,13.19,296100,7.44
2002-07-02,13.80,13.80,12.36,12.49,372800,7.05
2002-07-01,14.66,14.66,13.65,13.86,425500,7.82
2002-06-28,13.67,14.66,13.36,14.56,861900,8.21
2002-06-27,14.20,14.40,12.67,13.77,858800,7.77
2002-06-26,13.27,14.20,12.85,14.05,515700,7.93
2002-06-25,14.73,14.85,13.70,13.79,492400,7.78
2002-06-24,14.77,14.95,14.44,14.81,277800,8.36
2002-06-21,15.10,15.10,14.50,14.77,286800,8.33
2002-06-20,15.51,15.70,14.71,14.80,378700,8.35
2002-06-19,15.74,15.79,15.27,15.50,596700,8.75
2002-06-18,15.50,16.16,15.46,15.79,1046800,8.91
2002-06-17,15.38,15.74,15.38,15.50,250900,8.75
2002-06-14,15.60,15.66,15.01,15.34,391500,8.66
2002-06-13,16.32,16.32,15.40,15.61,396800,8.81
2002-06-12,16.40,16.91,15.88,16.30,527400,9.20
2002-06-11,16.94,17.01,15.55,16.44,701900,9.28
2002-06-10,17.15,17.36,16.80,16.98,856000,9.58
2002-06-07,16.90,17.40,16.28,17.14,1050600,9.67
2002-06-06,16.81,17.75,15.90,17.10,1278100,9.65
2002-06-05,15.85,17.17,15.41,16.57,3009100,9.35
2002-06-04,15.16,15.50,14.80,15.45,378100,8.72
2002-06-03,14.65,15.49,14.65,15.30,668700,8.63
2002-05-31,14.47,14.83,14.47,14.82,153300,8.36
2002-05-30,14.38,14.84,14.36,14.47,444800,8.16
2002-05-29,14.19,14.56,14.10,14.38,180800,8.11
2002-05-28,14.72,14.73,14.00,14.06,87300,7.93
2002-05-24,13.90,14.66,13.81,14.54,191600,8.20
2002-05-23,14.49,14.59,13.80,13.98,317200,7.89
2002-05-22,14.29,14.70,14.23,14.56,168700,8.21
2002-05-21,14.78,14.98,14.27,14.30,86700,8.07
2002-05-20,14.99,14.99,14.30,14.60,202900,8.24
2002-05-17,14.58,15.12,14.50,15.06,205500,8.50
2002-05-16,14.73,14.73,14.35,14.52,346900,8.19
2002-05-15,14.36,15.10,14.30,14.55,276000,8.21
2002-05-14,14.45,14.50,14.33,14.33,153100,8.09
2002-05-13,14.35,14.45,14.26,14.39,179900,8.12
2002-05-10,14.42,14.51,14.30,14.35,146700,8.10
2002-05-09,14.25,14.58,14.21,14.40,456800,8.12
2002-05-08,14.20,14.43,14.16,14.40,390100,8.12
2002-05-07,13.70,14.31,13.68,14.15,814800,7.98
2002-05-06,13.99,14.00,13.21,13.51,253700,7.62
2002-05-03,14.03,14.69,13.80,14.00,1332000,7.90
2002-05-02,12.90,13.44,12.90,13.15,180100,7.42
2002-05-01,13.24,13.33,12.86,13.06,504000,7.37
2002-04-30,12.75,13.36,12.20,13.35,377600,7.53
2002-04-29,12.67,12.80,12.36,12.77,211200,7.20
2002-04-26,13.20,13.30,12.55,12.74,468100,7.19
2002-04-25,12.60,13.25,12.56,13.20,266600,7.45
2002-04-24,12.56,12.86,12.50,12.60,217000,7.11
2002-04-23,12.54,12.60,12.31,12.56,433000,7.09
2002-04-22,13.35,13.58,11.95,12.50,870500,7.05
2002-04-19,13.90,14.10,13.00,13.31,2284600,7.51
2002-04-18,14.14,14.14,13.60,13.60,194500,7.67
2002-04-17,13.99,14.32,13.92,14.00,274700,7.90
2002-04-16,13.65,14.20,13.65,14.00,207800,7.90
2002-04-15,13.70,13.87,13.50,13.69,226100,7.72
2002-04-12,13.57,13.88,13.40,13.70,283300,7.73
2002-04-11,13.58,14.08,13.37,13.60,380800,7.67
2002-04-10,13.77,13.86,13.59,13.62,168200,7.68
2002-04-09,13.68,13.79,13.62,13.72,194700,7.74
2002-04-08,13.60,14.00,13.30,13.75,180000,7.76
2002-04-05,13.75,13.75,13.24,13.55,414300,7.65
2002-04-04,13.70,13.79,13.20,13.73,287200,7.75
2002-04-03,13.26,13.83,13.22,13.80,344500,7.79
2002-04-02,13.05,13.29,12.84,13.25,635800,7.48
2002-04-01,13.41,13.44,13.00,13.07,744800,7.37
2002-03-28,12.99,13.78,12.80,13.55,365900,7.65
2002-03-27,12.45,13.03,12.44,12.89,330200,7.27
2002-03-26,12.45,12.67,12.15,12.52,232500,7.06
2002-03-25,12.55,12.75,12.44,12.60,190300,7.11
2002-03-22,13.03,13.05,12.36,12.70,193500,7.17
2002-03-21,13.05,13.15,12.72,13.08,139300,7.38
2002-03-20,13.31,13.31,13.00,13.20,278400,7.45
2002-03-19,13.64,13.69,13.28,13.32,214000,7.52
2002-03-18,13.15,13.72,13.03,13.50,1120900,7.62
2002-03-15,12.95,13.46,12.91,13.02,422000,7.35
2002-03-14,13.01,13.30,12.50,13.11,155800,7.40
2002-03-13,13.23,13.23,12.80,13.00,335200,7.33
2002-03-12,12.66,13.35,12.57,13.29,389800,7.50
2002-03-11,12.80,12.85,12.33,12.71,318700,7.17
2002-03-08,13.01,13.10,12.77,12.80,568400,7.22
2002-03-07,13.28,13.28,12.61,12.95,758400,7.31
2002-03-06,12.62,13.35,12.55,13.24,1295000,7.47
2002-03-05,12.08,12.75,12.00,12.60,421900,7.11
2002-03-04,11.68,12.34,11.66,12.26,521400,6.92
2002-03-01,11.55,11.68,11.47,11.63,391600,6.56
2002-02-28,11.33,11.55,11.29,11.51,556900,6.49
2002-02-27,11.63,11.65,11.18,11.32,202700,6.39
2002-02-26,11.46,11.83,11.40,11.52,379600,6.50
2002-02-25,11.20,11.68,11.20,11.48,388900,6.48
2002-02-22,11.54,11.54,11.16,11.36,131100,6.41
2002-02-21,10.97,11.90,10.97,11.58,1606000,6.53
2002-02-20,9.97,11.04,9.97,10.95,636700,6.18
2002-02-19,9.91,10.07,9.40,10.01,365200,5.65
2002-02-15,10.25,10.25,9.83,9.94,132400,5.61
2002-02-14,10.30,10.52,9.99,10.25,245000,5.78
2002-02-13,10.33,10.60,10.30,10.57,435300,5.96
2002-02-12,10.30,10.42,10.12,10.34,72000,5.83
2002-02-11,10.00,10.30,9.78,10.25,169400,5.78
2002-02-08,9.93,10.00,9.89,9.97,93900,5.63
2002-02-07,9.90,10.03,9.77,9.78,108400,5.52
2002-02-06,9.90,10.03,9.85,9.95,203400,5.61
2002-02-05,10.00,10.06,9.90,9.99,112000,5.64
2002-02-04,10.08,10.09,9.90,9.99,391900,5.64
2002-02-01,10.04,10.08,9.94,9.98,155300,5.63
2002-01-31,9.79,10.03,9.79,10.00,511000,5.64
2002-01-30,9.95,9.96,9.64,9.93,52900,5.60
2002-01-29,9.95,10.10,9.80,9.92,138900,5.60
2002-01-28,9.98,10.03,9.89,10.02,152500,5.65
2002-01-25,10.00,10.00,9.86,9.95,106600,5.61
2002-01-24,9.82,10.02,9.80,10.01,218000,5.65
2002-01-23,9.75,9.86,9.60,9.86,211100,5.56
2002-01-22,9.72,9.83,9.71,9.75,91900,5.50
2002-01-18,9.95,9.95,9.70,9.76,156100,5.51
2002-01-17,9.85,10.08,9.60,9.94,88400,5.61
2002-01-16,9.86,10.00,9.69,9.73,148500,5.49
2002-01-15,10.00,10.00,9.80,9.97,150700,5.63
2002-01-14,9.91,10.11,9.90,9.95,224700,5.61
2002-01-11,10.00,10.07,9.90,9.95,165600,5.61
2002-01-10,10.00,10.09,9.83,10.06,291200,5.68
2002-01-09,10.11,10.15,9.00,10.03,143700,5.66
2002-01-08,10.00,10.19,10.00,10.15,319600,5.73
2002-01-07,10.00,10.19,9.94,10.00,1388500,5.64
2002-01-04,9.58,10.14,9.58,9.99,1524600,5.64
2002-01-03,9.37,9.78,9.37,9.60,247400,5.42
2002-01-02,9.30,9.47,9.26,9.37,198800,5.29
2001-12-31,9.54,9.55,9.26,9.46,395900,5.34
2001-12-28,9.45,9.54,9.34,9.40,186700,5.30
2001-12-27,9.43,9.55,9.35,9.43,312800,5.32
2001-12-26,9.20,9.67,9.20,9.44,244400,5.33
2001-12-24,9.40,9.59,9.19,9.25,173500,5.22
2001-12-21,9.50,9.64,9.31,9.39,281000,5.30
2001-12-20,9.50,9.58,9.16,9.18,269300,5.18
2001-12-19,8.80,9.74,8.76,9.60,1045800,5.42
2001-12-18,8.94,9.03,8.70,8.85,661500,4.99
2001-12-17,8.94,9.10,8.90,8.99,426500,5.07
2001-12-14,8.85,9.24,8.84,9.00,409200,5.08
2001-12-13,9.00,9.08,8.74,8.85,310100,4.99
2001-12-12,9.25,9.25,8.90,9.16,419000,5.17
2001-12-11,9.23,9.33,9.11,9.25,431000,5.22
2001-12-10,9.02,9.36,8.95,9.12,185300,5.15
2001-12-07,8.65,9.13,8.65,9.10,1121000,5.13
2001-12-06,8.54,8.75,8.54,8.75,434600,4.94
2001-12-05,8.47,8.70,8.40,8.70,160300,4.91
2001-12-04,8.08,8.50,8.05,8.45,369800,4.77
2001-12-03,7.90,8.10,7.88,8.05,458600,4.54
2001-11-30,7.69,8.22,7.69,7.91,448400,4.46
2001-11-29,7.35,7.86,7.35,7.86,482000,4.43
2001-11-28,7.30,7.54,7.03,7.40,191500,4.18
2001-11-27,7.23,7.50,7.00,7.30,2452600,4.12
2001-11-26,7.00,7.29,6.97,7.20,149300,4.06
2001-11-23,7.35,7.39,6.98,7.00,123200,3.95
2001-11-21,7.29,7.49,7.10,7.21,113700,4.07
2001-11-20,7.51,7.59,7.20,7.33,113600,4.14
2001-11-19,7.95,7.95,7.52,7.64,171800,4.31
2001-11-16,7.89,7.99,7.84,7.90,93700,4.46
2001-11-15,7.80,7.86,7.69,7.82,311400,4.41
2001-11-14,7.85,7.90,7.69,7.75,72900,4.37
2001-11-13,7.99,8.02,7.76,7.90,435900,4.46
2001-11-12,7.89,8.00,7.60,8.00,203100,4.51
2001-11-09,7.61,7.88,7.31,7.88,172100,4.45
2001-11-08,7.33,7.72,7.33,7.60,432500,4.29
2001-11-07,7.45,7.54,7.20,7.26,101400,4.10
2001-11-06,7.50,7.54,7.26,7.50,170800,4.23
2001-11-05,7.30,7.55,7.26,7.50,79200,4.23
2001-11-02,7.20,7.42,6.96,7.40,81800,4.18
2001-11-01,7.39,7.39,6.96,7.19,450800,4.06
2001-10-31,7.48,7.52,7.13,7.38,336800,4.16
2001-10-30,7.43,7.55,7.25,7.28,144000,4.11
2001-10-29,7.59,7.64,7.33,7.55,277900,4.26
2001-10-26,7.89,7.90,7.48,7.49,142400,4.23
2001-10-25,7.73,8.00,7.65,7.78,380500,4.39
2001-10-24,7.83,7.90,7.60,7.73,251000,4.36
2001-10-23,8.09,8.10,7.65,7.65,76400,4.32
2001-10-22,8.05,8.12,7.92,7.92,184600,4.47
2001-10-19,7.35,8.66,7.30,8.09,583500,4.56
2001-10-18,7.45,7.80,7.23,7.28,548200,4.11
2001-10-17,7.77,8.15,7.45,7.54,149200,4.25
2001-10-16,7.75,8.02,7.66,8.00,77700,4.51
2001-10-15,7.78,8.15,7.66,7.75,103000,4.37
2001-10-12,8.05,8.09,7.78,7.96,303300,4.49
2001-10-11,8.00,8.20,7.78,8.00,93800,4.51
2001-10-10,7.81,8.09,7.81,8.05,183300,4.54
2001-10-09,7.58,7.88,7.58,7.88,387500,4.45
2001-10-08,7.55,7.80,7.55,7.74,52800,4.37
2001-10-05,8.05,8.08,7.31,7.79,700400,4.40
2001-10-04,7.95,8.38,7.80,8.38,114100,4.73
2001-10-03,7.85,8.00,7.63,7.90,120200,4.46
2001-10-02,8.00,8.05,7.80,7.91,36100,4.46
2001-10-01,8.05,8.10,7.90,7.99,53100,4.51
2001-09-28,7.75,8.08,7.59,8.06,297200,4.55
2001-09-27,8.02,8.20,7.63,7.80,276800,4.40
2001-09-26,8.11,8.15,7.95,8.05,203100,4.54
2001-09-25,8.02,8.12,7.89,8.12,149800,4.58
2001-09-24,8.07,8.23,7.56,8.04,402900,4.54
2001-09-21,8.70,8.85,8.16,8.22,172400,4.64
2001-09-20,8.83,8.90,8.69,8.90,132200,5.02
2001-09-19,8.54,8.88,8.20,8.88,147000,5.01
2001-09-18,9.00,9.16,8.34,8.75,123400,4.94
2001-09-17,9.37,9.50,9.02,9.02,80200,5.09
2001-09-10,9.87,9.87,9.75,9.87,74900,5.57
2001-09-07,9.54,9.95,9.52,9.87,162700,5.57
2001-09-06,9.49,9.70,9.29,9.70,65200,5.47
2001-09-05,9.78,9.78,9.05,9.46,307800,5.34
2001-09-04,9.90,10.28,9.86,9.89,126300,5.58
2001-08-31,10.20,10.34,9.90,9.90,221700,5.59
2001-08-30,10.25,10.30,10.15,10.19,334700,5.75
2001-08-29,10.28,10.35,10.15,10.28,143400,5.80
2001-08-28,10.30,10.54,10.10,10.22,418000,5.77
2001-08-27,10.43,10.54,10.27,10.27,98100,5.79
2001-08-24,10.43,10.49,10.35,10.49,180200,5.92
2001-08-23,10.57,10.57,10.41,10.41,89700,5.87
2001-08-22,10.35,10.60,10.35,10.46,233000,5.90
2001-08-21,10.52,10.62,10.22,10.22,109100,5.77
2001-08-20,10.33,10.60,10.27,10.42,237000,5.88
2001-08-17,10.30,10.50,10.30,10.33,31500,5.83
2001-08-16,10.29,10.52,10.20,10.48,95900,5.91
2001-08-15,10.15,10.79,10.05,10.36,379400,5.85
2001-08-14,10.05,10.24,9.91,10.20,507900,5.75
2001-08-13,10.23,10.25,10.01,10.01,42700,5.65
2001-08-10,10.01,10.20,9.95,10.10,56300,5.70
2001-08-09,10.29,10.29,9.95,10.12,30500,5.71
2001-08-08,10.35,10.43,10.07,10.25,128100,5.78
2001-08-07,10.09,10.32,10.01,10.30,357700,5.81
2001-08-06,10.05,10.29,10.01,10.14,94000,5.72
2001-08-03,10.00,10.20,9.78,10.05,173300,5.67
2001-08-02,9.89,10.20,9.85,9.87,273300,5.57
2001-08-01,10.00,10.05,9.41,9.95,258200,5.61
2001-07-31,10.79,10.79,9.81,9.81,442900,5.53
2001-07-30,10.70,10.78,10.60,10.65,469300,6.01
2001-07-27,10.75,10.80,10.65,10.76,344200,6.07
2001-07-26,10.49,10.73,10.42,10.72,66500,6.05
2001-07-25,10.35,10.55,10.27,10.52,64200,5.94
2001-07-24,10.46,10.60,10.35,10.35,51500,5.84
2001-07-23,10.56,10.60,10.40,10.47,123600,5.91
2001-07-20,10.38,10.56,10.20,10.47,68600,5.91
2001-07-19,10.40,10.45,10.23,10.26,67600,5.79
2001-07-18,10.69,10.75,10.40,10.41,657600,5.87
2001-07-17,10.30,11.25,10.28,10.70,980600,6.04
2001-07-16,10.25,10.44,10.21,10.29,191000,5.81
2001-07-13,10.65,10.70,10.11,10.26,223800,5.79
2001-07-12,10.61,10.94,10.52,10.61,130300,5.99
2001-07-11,10.35,10.67,10.35,10.60,167300,5.98
2001-07-10,10.45,10.54,10.24,10.35,120900,5.84
2001-07-09,10.58,10.61,10.45,10.59,90900,5.98
2001-07-06,10.51,10.51,10.37,10.49,164500,5.92
2001-07-05,9.93,10.51,9.85,10.43,89500,5.88
2001-07-03,10.10,10.42,9.81,10.00,65200,5.64
2001-07-02,10.12,10.70,9.95,10.12,502000,5.71
2001-06-29,10.35,10.55,10.19,10.30,1079500,5.81
2001-06-28,9.54,10.40,9.43,10.32,537800,5.82
2001-06-27,8.97,9.73,8.87,9.53,250600,5.38
2001-06-26,8.40,9.04,8.40,8.99,153500,5.07
2001-06-25,8.90,9.10,8.50,8.50,150800,4.80
2001-06-22,8.95,9.04,8.82,8.86,97500,5.00
2001-06-21,8.90,9.15,8.75,8.95,282400,5.05
2001-06-20,8.85,9.00,8.56,8.70,181600,4.91
2001-06-19,8.71,9.00,8.70,8.91,66600,5.03
2001-06-18,8.95,9.05,8.44,8.63,73200,4.87
2001-06-15,9.00,9.08,8.75,8.94,238600,5.04
2001-06-14,9.41,9.41,8.95,9.08,81500,5.12
2001-06-13,9.41,9.66,9.30,9.45,209700,5.33
2001-06-12,9.40,9.60,9.10,9.35,148800,5.28
2001-06-11,9.85,9.95,9.35,9.37,269000,5.29
2001-06-08,9.70,9.84,9.37,9.71,866200,5.48
2001-06-07,9.46,9.65,9.05,9.11,56000,5.14
2001-06-06,9.33,9.66,9.30,9.55,237400,5.39
2001-06-05,8.99,9.49,8.99,9.29,252000,5.24
2001-06-04,8.60,8.95,8.13,8.95,627700,5.05
2001-06-01,8.95,8.95,8.40,8.54,120500,4.82
2001-05-31,8.90,9.20,8.90,8.96,144300,5.06
2001-05-30,8.90,8.95,8.84,8.90,155200,5.02
2001-05-29,9.14,9.14,8.65,8.97,119000,5.06
2001-05-25,9.00,9.20,9.00,9.02,215100,5.09
2001-05-24,9.23,9.23,9.00,9.04,666300,5.10
2001-05-23,9.00,9.55,8.95,9.25,593500,5.22
2001-05-22,9.02,9.10,8.90,9.05,413000,5.11
2001-05-21,9.01,9.05,8.80,8.95,780700,5.05
2001-05-18,8.58,9.00,8.51,9.00,867100,5.08
2001-05-17,8.11,8.70,8.10,8.54,863800,4.82
2001-05-16,8.14,8.25,8.06,8.14,209300,4.59
2001-05-15,8.25,8.26,8.13,8.18,284400,4.62
2001-05-14,8.20,8.34,8.15,8.16,67800,4.60
2001-05-11,8.28,8.28,8.16,8.23,647100,4.64
2001-05-10,8.20,8.28,8.12,8.22,212000,4.64
2001-05-09,8.25,8.29,8.10,8.15,267800,4.60
2001-05-08,8.30,8.38,8.12,8.29,464200,4.68
2001-05-07,8.38,8.38,8.15,8.18,236100,4.62
2001-05-04,8.07,8.35,8.00,8.34,171000,4.71
2001-05-03,8.26,8.33,8.06,8.15,397100,4.60
2001-05-02,8.31,8.40,8.08,8.30,221800,4.68
2001-05-01,8.23,8.46,8.15,8.37,1212400,4.72
2001-04-30,8.11,8.40,7.95,8.17,542700,4.61
2001-04-27,7.25,8.35,7.00,8.14,935500,4.59
2001-04-26,7.00,7.37,6.95,7.28,497400,4.11
2001-04-25,6.58,7.65,6.50,6.95,224300,3.92
2001-04-24,6.61,6.72,6.25,6.62,254700,3.74
2001-04-23,6.74,6.78,6.57,6.60,168400,3.72
2001-04-20,6.25,6.75,6.20,6.66,276900,3.76
2001-04-19,6.58,6.73,6.25,6.25,490400,3.53
2001-04-18,6.10,6.84,6.00,6.51,327600,3.67
2001-04-17,5.89,6.10,5.89,6.05,343700,3.41
2001-04-16,5.90,6.19,5.75,6.05,807000,3.41
2001-04-12,5.88,5.90,5.66,5.66,398400,3.19
2001-04-11,6.24,6.24,5.88,5.88,329800,3.32
2001-04-10,5.71,6.45,5.71,6.30,673600,3.55
2001-04-09,6.35,6.35,4.95,5.74,568600,3.24
2001-04-06,6.31,6.56,6.12,6.25,1036300,3.53
2001-04-05,6.50,6.50,6.19,6.38,376400,3.60
2001-04-04,6.88,7.19,6.25,6.38,282600,3.60
2001-04-03,7.00,7.28,6.38,6.72,1052900,3.79
2001-04-02,7.25,7.44,7.00,7.19,126300,4.06
2001-03-30,7.31,7.56,7.00,7.25,231100,4.09
2001-03-29,7.56,7.62,7.31,7.38,98200,4.16
2001-03-28,7.62,7.72,7.50,7.59,228300,4.28
2001-03-27,7.56,7.66,7.38,7.62,367700,4.30
2001-03-26,7.94,8.00,7.22,7.38,428500,4.16
2001-03-23,8.00,8.00,7.88,7.91,172900,4.46
2001-03-22,8.25,8.31,7.56,8.00,226500,4.51
2001-03-21,8.44,8.56,7.69,8.53,776800,4.81
2001-03-20,8.75,8.75,8.31,8.31,112900,4.69
2001-03-19,8.27,8.81,8.27,8.81,218800,4.97
2001-03-16,8.75,8.77,8.19,8.38,128700,4.73
2001-03-15,8.75,8.94,8.50,8.75,76700,4.94
2001-03-14,8.88,9.06,8.28,8.75,346100,4.94
2001-03-13,8.75,9.06,8.50,9.06,99000,5.11
2001-03-12,8.86,8.94,8.31,8.81,125600,4.97
2001-03-09,8.44,9.12,8.44,8.97,90900,5.06
2001-03-08,8.97,8.97,8.50,8.50,84700,4.80
2001-03-07,8.84,9.00,8.62,8.84,345700,4.99
2001-03-06,8.44,8.88,8.44,8.75,60100,4.94
2001-03-05,8.75,8.83,8.44,8.47,273400,4.78
2001-03-02,8.94,9.00,8.56,8.69,464800,4.90
2001-03-01,9.00,9.31,8.88,9.06,424800,5.11
2001-02-28,9.25,9.25,8.94,9.06,74500,5.11
2001-02-27,9.25,9.50,9.16,9.22,54900,5.20
2001-02-26,9.00,9.67,9.00,9.31,66700,5.25
2001-02-23,8.88,9.22,8.75,9.06,163700,5.11
2001-02-22,9.06,9.12,8.62,9.00,146900,5.08
2001-02-21,9.38,9.50,9.12,9.12,87400,5.15
2001-02-20,9.47,9.56,9.25,9.25,168400,5.22
2001-02-16,9.12,9.69,8.94,9.47,134900,5.34
2001-02-15,9.31,9.56,8.88,9.44,135100,5.32
2001-02-14,9.61,9.62,9.12,9.19,133000,5.18
2001-02-13,9.56,9.75,9.38,9.56,58700,5.40
2001-02-12,9.06,9.81,9.06,9.53,168200,5.38
2001-02-09,9.50,9.75,9.12,9.16,268700,5.17
2001-02-08,9.50,9.81,9.47,9.69,78500,5.47
2001-02-07,9.50,9.75,9.38,9.69,152900,5.47
2001-02-06,8.67,9.88,8.62,9.81,363800,5.54
2001-02-05,9.06,9.12,8.50,8.81,400600,4.97
2001-02-02,9.34,9.88,8.94,9.06,657600,5.11
2001-02-01,11.12,11.38,10.38,10.50,190300,5.92
2001-01-31,11.00,11.38,10.81,11.19,843500,6.31
2001-01-30,10.69,11.00,10.62,10.88,142100,6.14
2001-01-29,10.56,10.88,10.50,10.88,413800,6.14
2001-01-26,11.31,11.56,10.62,10.75,432800,6.07
2001-01-25,11.56,11.69,11.25,11.50,335900,6.49
2001-01-24,11.56,11.56,11.19,11.50,296800,6.49
2001-01-23,11.50,11.50,10.62,11.44,439900,6.45
2001-01-22,11.75,11.75,11.31,11.44,476000,6.45
2001-01-19,11.75,12.12,11.75,12.06,115200,6.81
2001-01-18,12.00,12.06,11.50,12.00,164500,6.77
2001-01-17,12.62,12.81,11.75,12.06,333300,6.81
2001-01-16,12.44,12.81,12.38,12.69,385900,7.16
2001-01-12,12.12,13.06,12.00,12.50,597400,7.05
2001-01-11,11.69,12.06,11.38,11.94,451100,6.74
2001-01-10,11.31,11.88,11.31,11.62,272000,6.56
2001-01-09,10.81,11.56,10.69,11.50,597900,6.49
2001-01-08,11.25,11.25,10.75,10.81,240500,6.10
2001-01-05,11.19,11.50,10.19,11.19,710800,6.31
2001-01-04,10.44,11.62,10.00,11.31,903500,6.38
2001-01-03,10.00,10.50,9.56,10.50,745700,5.92
2001-01-02,10.19,10.19,9.44,9.75,81200,5.50
2000-12-29,10.02,10.25,9.88,10.03,738800,5.66
2000-12-28,10.19,10.31,10.00,10.06,167700,5.68
2000-12-27,9.53,10.25,9.53,10.25,278000,5.78
2000-12-26,9.50,10.06,9.38,9.91,493500,5.59
2000-12-22,9.44,10.12,9.44,9.75,541700,5.50
2000-12-21,9.25,9.62,9.19,9.62,449300,5.43
2000-12-20,9.44,9.62,9.25,9.31,366600,5.25
2000-12-19,9.45,9.94,9.44,9.56,1158000,5.40
2000-12-18,9.31,9.53,9.25,9.44,589100,5.32
2000-12-15,9.42,9.56,9.06,9.34,345400,5.27
2000-12-14,9.25,9.62,9.00,9.56,366800,5.40
2000-12-13,9.38,9.38,9.06,9.06,195200,5.11
2000-12-12,9.00,9.38,9.00,9.25,50700,5.22
2000-12-11,9.38,9.44,9.00,9.38,203800,5.29
2000-12-08,8.94,9.31,8.94,9.12,132500,5.15
2000-12-07,8.78,9.38,8.75,9.03,226200,5.10
2000-12-06,9.31,9.38,8.75,8.75,1056800,4.94
2000-12-05,8.88,9.42,8.88,9.31,899200,5.25
2000-12-04,8.94,9.06,8.88,8.88,443100,5.01
2000-12-01,8.81,9.25,8.75,8.88,472100,5.01
2000-11-30,8.81,8.94,8.69,8.75,282100,4.94
2000-11-29,8.81,8.83,8.66,8.81,615200,4.97
2000-11-28,8.88,9.00,8.75,8.75,475300,4.94
2000-11-27,8.75,8.88,8.56,8.62,848100,4.87
2000-11-24,8.62,8.69,8.31,8.44,136100,4.76
2000-11-22,9.00,9.00,8.38,8.38,246500,4.73
2000-11-21,8.94,9.06,8.94,9.06,309900,5.11
2000-11-20,8.88,9.06,8.75,8.75,565900,4.94
2000-11-17,8.88,9.12,8.69,9.12,160600,5.15
2000-11-16,8.69,9.00,8.69,8.88,90300,5.01
2000-11-15,8.86,9.00,8.69,8.69,201400,4.90
2000-11-14,8.59,8.94,8.53,8.88,306200,5.01
2000-11-13,8.50,8.66,8.25,8.59,139100,4.85
2000-11-10,8.94,8.94,8.50,8.50,76500,4.80
2000-11-09,8.81,9.12,8.50,9.12,488100,5.15
2000-11-08,8.75,9.00,8.75,8.88,128900,5.01
2000-11-07,8.62,8.88,8.62,8.81,134200,4.97
2000-11-06,9.19,9.25,8.62,8.88,131600,5.01
2000-11-03,9.25,9.25,8.94,9.19,92000,5.18
2000-11-02,9.25,9.31,9.12,9.25,70600,5.22
2000-11-01,9.19,9.22,8.94,9.19,1229000,5.18
2000-10-31,8.88,9.31,8.75,9.22,2726100,5.20
2000-10-30,8.69,8.88,8.62,8.75,1530500,4.94
2000-10-27,8.50,9.06,8.38,8.62,1687500,4.87
2000-10-26,8.38,9.25,8.38,9.25,201500,5.22
2000-10-25,9.09,9.09,8.12,8.56,465300,4.83
2000-10-24,9.44,9.44,9.06,9.09,121400,5.13
2000-10-23,9.12,9.44,9.00,9.25,185700,5.22
2000-10-20,8.95,9.44,8.88,9.00,1398400,5.08
2000-10-19,8.81,9.06,8.81,8.81,273300,4.97
2000-10-18,9.00,9.12,8.38,9.06,160700,5.11
2000-10-17,9.56,9.56,8.75,9.00,479800,5.08
2000-10-16,9.75,9.75,9.50,9.50,276000,5.36
2000-10-13,9.64,9.88,9.62,9.62,357500,5.43
2000-10-12,9.88,10.00,9.50,9.62,139500,5.43
2000-10-11,10.00,10.25,9.75,9.94,256800,5.61
2000-10-10,10.00,10.31,10.00,10.12,208600,5.71
2000-10-09,10.44,10.50,10.06,10.06,93300,5.68
2000-10-06,10.19,10.62,10.16,10.56,489400,5.96
2000-10-05,10.50,10.69,10.00,10.00,335500,5.64
2000-10-04,10.44,10.94,9.94,10.69,257500,6.03
2000-10-03,10.00,10.62,9.95,10.56,488800,5.96
2000-10-02,10.69,10.88,9.75,9.81,300900,5.54
2000-09-29,9.94,10.94,9.75,10.94,714100,6.17
2000-09-28,9.81,10.05,9.75,9.94,242900,5.61
2000-09-27,10.00,10.19,9.81,9.88,213200,5.57
2000-09-26,10.94,11.06,9.88,9.97,485600,5.62
2000-09-25,11.06,11.12,10.88,11.06,79300,6.24
2000-09-22,11.31,11.31,10.50,10.94,283500,6.17
2000-09-21,11.44,11.56,11.25,11.38,67200,6.42
2000-09-20,11.44,11.62,11.38,11.56,120000,6.52
2000-09-19,11.38,11.62,11.38,11.50,101800,6.49
2000-09-18,11.62,11.62,11.38,11.56,166400,6.52
2000-09-15,11.69,12.00,11.38,11.50,249800,6.49
2000-09-14,11.66,12.12,11.56,11.94,90500,6.74
2000-09-13,11.50,11.62,11.50,11.62,59100,6.56
2000-09-12,11.50,11.75,11.50,11.56,45900,6.52
2000-09-11,11.84,11.88,11.38,11.38,257900,6.42
2000-09-08,11.94,12.12,11.69,11.75,633300,6.63
2000-09-07,11.94,12.19,11.81,12.06,173400,6.81
2000-09-06,12.06,12.19,11.94,11.94,429600,6.74
2000-09-05,12.00,12.19,12.00,12.12,374900,6.84
2000-09-01,12.19,12.25,11.94,12.00,105500,6.77
2000-08-31,11.94,12.12,11.50,12.06,353700,6.81
2000-08-30,12.00,12.12,11.81,11.94,74200,6.74
2000-08-29,12.00,12.12,11.75,11.81,90400,6.66
2000-08-28,12.50,12.50,11.88,12.00,164800,6.77
2000-08-25,12.12,12.50,12.00,12.50,427800,7.05
2000-08-24,12.06,12.25,12.00,12.12,546500,6.84
2000-08-23,11.88,12.25,11.88,12.00,90900,6.77
2000-08-22,12.31,12.38,11.88,12.12,255800,6.84
2000-08-21,12.31,12.50,12.25,12.25,165100,6.91
2000-08-18,11.69,12.31,11.69,12.31,300400,6.95
2000-08-17,12.50,12.56,11.56,11.56,533500,6.52
2000-08-16,12.12,12.56,12.00,12.50,467600,7.05
2000-08-15,12.25,12.56,12.00,12.25,285000,6.91
2000-08-14,12.38,12.56,11.75,12.00,738500,6.77
2000-08-11,11.22,13.00,11.19,12.19,1375600,6.88
2000-08-10,11.31,11.44,11.12,11.25,221300,6.35
2000-08-09,11.25,11.56,11.19,11.31,173000,6.38
2000-08-08,11.31,11.50,11.19,11.25,290900,6.35
2000-08-07,11.12,11.44,11.00,11.25,271000,6.35
2000-08-04,10.88,11.31,10.88,11.31,451500,6.38
2000-08-03,10.81,11.31,10.69,10.94,1841900,6.17
2000-08-02,11.06,11.12,10.88,11.00,449000,6.21
2000-08-01,11.00,11.12,10.83,11.00,288300,6.21
2000-07-31,10.62,11.06,10.44,10.94,225800,6.17
2000-07-28,10.75,11.12,10.38,10.44,251600,5.89
2000-07-27,11.34,11.34,10.75,10.75,282000,6.07
2000-07-26,10.97,11.38,10.44,11.31,392900,6.38
2000-07-25,11.69,11.94,10.88,10.94,456800,6.17
2000-07-24,10.81,11.44,10.69,11.31,251200,6.38
2000-07-21,11.00,11.00,10.50,10.56,216200,5.96
2000-07-20,11.56,11.56,10.50,10.92,427800,6.16
2000-07-19,11.75,11.75,11.56,11.56,485600,6.52
2000-07-18,12.00,12.12,11.38,12.00,126500,6.77
2000-07-17,12.12,12.19,11.50,12.12,185400,6.84
2000-07-14,12.25,12.38,11.50,12.12,308800,6.84
2000-07-13,12.50,12.62,12.00,12.44,263200,7.02
2000-07-12,12.44,12.75,12.44,12.56,362200,7.09
2000-07-11,12.19,13.75,12.19,12.50,580900,7.05
2000-07-10,12.72,12.75,12.19,12.19,578800,6.88
2000-07-07,12.88,13.12,12.38,12.75,930600,7.19
2000-07-06,11.81,13.12,11.75,13.00,1287500,7.33
2000-07-05,10.88,12.06,10.62,12.06,830000,6.81
2000-07-03,10.94,11.00,10.38,10.97,365800,6.19
2000-06-30,10.56,11.25,10.38,11.00,1105500,6.21
2000-06-29,9.88,11.38,9.81,11.38,995400,6.42
2000-06-28,9.56,9.94,9.44,9.81,1943700,5.54
2000-06-27,9.19,10.00,9.19,9.62,268500,5.43
2000-06-26,9.12,9.25,9.00,9.19,189600,5.18
2000-06-23,9.19,9.25,9.00,9.12,400400,5.15
2000-06-22,9.56,10.06,9.12,9.19,1048900,5.18
2000-06-21,9.06,9.25,9.00,9.16,547600,5.17
2000-06-20,9.16,9.17,8.94,9.12,383800,5.15
2000-06-19,8.88,9.22,8.81,9.12,643200,5.15
2000-06-16,9.00,9.06,8.81,9.00,194000,5.08
2000-06-15,8.88,9.00,8.50,9.00,167600,5.08
2000-06-14,8.75,8.88,8.69,8.75,147200,4.94
2000-06-13,8.75,8.75,8.50,8.69,234600,4.90
2000-06-12,9.12,9.12,8.56,8.62,408800,4.87
2000-06-09,9.00,9.25,9.00,9.06,126700,5.11
2000-06-08,9.00,9.25,8.88,9.06,107100,5.11
2000-06-07,8.75,9.25,8.62,8.94,899300,5.04
2000-06-06,9.06,9.12,8.62,8.81,198300,4.97
2000-06-05,9.31,9.44,8.94,9.00,233300,5.08
2000-06-02,9.06,9.50,8.94,9.38,639400,5.29
2000-06-01,8.59,9.12,8.44,9.00,733300,5.08
2000-05-31,7.94,8.50,7.94,8.25,545200,4.65
2000-05-30,7.31,7.94,7.25,7.94,160600,4.48
2000-05-26,7.23,7.50,7.06,7.50,379400,4.23
2000-05-25,7.62,7.62,7.00,7.06,718600,3.98
2000-05-24,7.19,7.62,7.06,7.56,239300,4.27
2000-05-23,7.75,7.94,7.25,7.50,272300,4.23
2000-05-22,8.00,8.00,7.38,7.88,92400,4.44
2000-05-19,8.00,8.12,7.94,8.06,178400,4.55
2000-05-18,8.12,8.31,8.00,8.19,214500,4.62
2000-05-17,8.12,8.25,7.75,8.06,408800,4.55
2000-05-16,8.06,8.62,8.00,8.12,536700,4.58
2000-05-15,7.50,8.25,7.50,8.06,585200,4.55
2000-05-12,7.56,7.69,7.50,7.62,206500,4.30
2000-05-11,7.56,7.88,7.50,7.56,161600,4.27
2000-05-10,7.75,7.88,7.50,7.62,405800,4.30
2000-05-09,7.81,8.00,7.75,7.81,566500,4.41
2000-05-08,7.88,7.94,7.69,7.81,308600,4.41
2000-05-05,8.00,8.00,7.69,7.88,691000,4.44
2000-05-04,7.94,8.06,7.88,7.88,1111400,4.44
2000-05-03,7.62,8.00,7.62,8.00,504900,4.51
2000-05-02,7.56,7.94,7.44,7.69,144000,4.34
2000-05-01,7.88,8.06,7.38,7.44,343800,4.20
2000-04-28,7.56,7.81,7.44,7.81,1064600,4.41
2000-04-27,7.12,7.62,7.12,7.50,207500,4.23
2000-04-26,7.69,7.88,7.19,7.19,705500,4.06
2000-04-25,7.81,7.88,7.56,7.75,169300,4.37
2000-04-24,7.81,7.94,7.62,7.69,318100,4.34
2000-04-20,8.00,8.19,7.69,7.94,288800,4.48
2000-04-19,8.25,8.31,7.94,8.00,298600,4.51
2000-04-18,7.50,8.47,7.38,8.31,274700,4.69
2000-04-17,8.12,8.19,7.38,7.56,146100,4.27
2000-04-14,8.31,8.41,7.69,8.19,450800,4.62
2000-04-13,8.31,8.50,8.19,8.44,669200,4.76
2000-04-12,8.50,8.62,8.19,8.25,328600,4.65
2000-04-11,8.50,8.62,8.50,8.56,150100,4.83
2000-04-10,8.94,8.94,8.50,8.50,234600,4.80
2000-04-07,8.84,9.06,8.75,8.75,219900,4.94
2000-04-06,8.75,8.94,8.69,8.75,226000,4.94
2000-04-05,8.69,8.88,8.69,8.69,161500,4.90
2000-04-04,8.75,8.94,8.62,8.75,310900,4.94
2000-04-03,9.00,9.00,8.69,8.75,141500,4.94
2000-03-31,9.00,9.06,8.88,8.94,506600,5.04
2000-03-30,9.12,9.25,8.88,9.00,389300,5.08
2000-03-29,8.75,9.31,8.75,9.12,329700,5.15
2000-03-28,9.31,9.31,8.69,8.75,330900,4.94
2000-03-27,9.12,9.44,9.12,9.38,335600,5.29
2000-03-24,9.12,9.31,9.06,9.25,664000,5.22
2000-03-23,9.00,9.31,8.97,9.19,350800,5.18
2000-03-22,8.97,9.12,8.88,8.97,686500,5.06
2000-03-21,8.94,9.00,8.88,8.94,390100,5.04
2000-03-20,9.06,9.06,8.94,9.00,677100,5.08
2000-03-17,9.00,9.19,9.00,9.09,475400,5.13
2000-03-16,9.12,9.50,8.94,9.06,807100,5.11
2000-03-15,8.94,9.19,8.88,9.12,1013200,5.15
2000-03-14,8.91,9.00,8.88,8.94,202200,5.04
2000-03-13,8.78,9.06,8.50,8.94,774700,5.04
2000-03-10,9.31,9.44,8.69,8.88,454600,5.01
2000-03-09,9.19,9.50,9.12,9.31,502800,5.25
2000-03-08,9.12,9.25,8.88,9.19,473800,5.18
2000-03-07,9.31,9.50,8.75,8.94,716200,5.04
2000-03-06,9.75,9.75,9.25,9.25,417700,5.22
2000-03-03,9.44,10.22,9.38,9.75,609900,5.50
2000-03-02,9.69,9.84,9.38,9.50,263400,5.36
2000-03-01,9.50,9.62,9.38,9.62,279000,5.43
2000-02-29,9.28,9.50,9.25,9.50,511900,5.36
2000-02-28,9.38,9.56,9.00,9.25,341800,5.22
2000-02-25,9.56,9.62,9.38,9.50,399600,5.36
2000-02-24,9.59,9.88,9.44,9.44,339200,5.32
2000-02-23,9.25,9.75,9.12,9.56,636200,5.40
2000-02-22,9.84,9.88,9.00,9.19,733900,5.18
2000-02-18,9.88,9.94,9.69,9.75,979300,5.50
2000-02-17,9.25,10.12,9.12,9.81,766400,5.54
2000-02-16,9.06,9.75,9.00,9.19,975100,5.18
2000-02-15,9.28,9.31,8.88,9.19,845400,5.18
2000-02-14,9.25,9.38,9.19,9.31,392800,5.25
2000-02-11,8.94,9.38,8.88,9.25,455900,5.22
2000-02-10,8.69,9.50,8.62,8.91,818000,5.03
2000-02-09,8.50,9.06,8.50,8.62,1138000,4.87
2000-02-08,8.94,9.12,8.38,8.50,1175700,4.80
2000-02-07,9.12,9.38,8.75,8.94,961400,5.04
2000-02-04,9.25,9.31,8.28,8.92,996300,5.03
2000-02-03,8.50,9.75,8.25,9.06,1074900,5.11
2000-02-02,8.19,8.69,8.00,8.25,378100,4.65
2000-02-01,8.14,8.25,8.00,8.06,548100,4.55
2000-01-31,8.38,8.38,7.75,8.00,398800,4.51
2000-01-28,8.50,8.50,7.88,8.00,582000,4.51
2000-01-27,7.94,8.50,7.88,8.28,1534600,4.67
2000-01-26,8.12,8.50,7.75,7.88,1276300,4.44
2000-01-25,8.84,9.00,8.44,8.50,1288800,4.80
2000-01-24,9.72,9.81,8.47,8.88,993100,5.01
2000-01-21,9.50,9.75,9.50,9.69,1119400,5.47
2000-01-20,10.00,10.06,9.12,9.38,917500,5.29
2000-01-19,10.00,10.25,9.88,10.00,2044900,5.64
2000-01-18,10.31,10.62,9.94,10.25,743900,5.78
2000-01-14,10.62,10.75,10.00,10.50,435400,5.92
2000-01-13,10.50,11.06,10.31,10.38,285400,5.85
2000-01-12,10.81,11.00,10.19,10.50,414300,5.92
2000-01-11,11.16,11.19,10.88,10.94,150200,6.17
2000-01-10,11.19,11.28,10.62,11.06,309900,6.24
2000-01-07,10.88,11.38,10.75,11.31,245900,6.38
2000-01-06,10.62,11.25,10.31,11.25,308400,6.35
2000-01-05,10.38,10.94,9.94,10.75,1482400,6.07
2000-01-04,11.25,11.25,10.31,11.06,480900,6.24
2000-01-03,12.41,12.44,11.50,11.50,276500,6.49
1999-12-31,11.75,12.56,11.25,12.20,312100,6.89
1999-12-30,11.62,12.12,11.62,11.81,177000,6.66
1999-12-29,11.75,12.00,11.12,12.00,331500,6.77
1999-12-28,11.38,12.06,10.62,12.00,627400,6.77
1999-12-27,11.44,11.88,11.06,11.62,427500,6.56
1999-12-23,11.56,11.69,11.06,11.62,615600,6.56
1999-12-22,11.25,11.81,10.62,11.50,447200,6.49
1999-12-21,10.75,11.81,10.62,11.69,655800,6.59
1999-12-20,10.38,11.50,10.38,10.81,1216200,6.10
1999-12-17,10.00,11.50,9.88,10.38,1700300,5.85
1999-12-16,11.62,12.38,11.31,12.06,1125000,6.81
1999-12-15,10.81,12.00,10.75,11.88,1186600,6.70
1999-12-14,11.00,11.12,10.69,10.88,610600,6.14
1999-12-13,11.25,11.25,10.69,11.00,1561400,6.21
1999-12-10,11.06,11.38,11.00,11.25,481300,6.35
1999-12-09,10.88,11.12,10.81,11.06,1011300,6.24
1999-12-08,11.88,11.88,10.38,11.25,1149200,6.35
1999-12-07,11.38,11.94,11.31,11.88,787200,6.70
1999-12-06,11.19,12.00,11.06,11.38,509500,6.42
1999-12-03,11.94,12.00,11.19,11.31,206100,6.38
1999-12-02,12.00,12.06,11.38,11.59,269400,6.54
1999-12-01,11.50,12.06,11.25,12.00,600600,6.77
1999-11-30,10.75,11.75,10.75,11.50,577000,6.49
1999-11-29,11.12,11.25,10.69,11.06,226900,6.24
1999-11-26,11.38,11.88,10.75,11.00,177500,6.21
1999-11-24,11.12,11.62,10.94,11.31,622900,6.38
1999-11-23,11.00,11.56,10.38,11.00,430800,6.21
1999-11-22,11.12,11.12,10.38,10.88,1238600,6.14
1999-11-19,12.31,12.31,11.00,11.06,864100,6.24
1999-11-18,12.53,12.56,11.88,12.25,285200,6.91
1999-11-17,12.62,12.62,12.12,12.12,413800,6.84
1999-11-16,11.50,12.88,11.38,12.44,2365600,7.02
1999-11-15,10.38,11.50,10.00,11.25,920900,6.35
1999-11-12,10.31,10.44,10.12,10.31,451400,5.82
1999-11-11,10.81,10.88,10.00,10.44,636600,5.89
1999-11-10,10.50,11.06,10.38,10.75,283900,6.07
1999-11-09,11.19,11.38,10.44,10.50,575800,5.92
1999-11-08,10.50,11.00,10.38,10.94,516100,6.17
1999-11-05,9.75,10.56,9.75,10.50,1851500,5.92
1999-11-04,9.91,10.00,9.50,9.75,975800,5.50
1999-11-03,10.12,10.25,9.75,9.94,881000,5.61
1999-11-02,10.06,10.25,9.94,10.06,896800,5.68
1999-11-01,10.06,10.50,9.88,9.94,1058600,5.61
1999-10-29,10.00,10.06,9.25,10.00,1229500,5.64
1999-10-28,9.19,10.25,9.19,9.94,825200,5.61
1999-10-27,9.12,9.25,9.00,9.19,1022600,5.18
1999-10-26,9.69,9.72,9.00,9.06,923200,5.11
1999-10-25,9.88,10.00,9.12,9.62,703500,5.43
1999-10-22,9.88,10.12,9.75,9.75,466100,5.50
1999-10-21,10.31,10.31,9.88,9.88,433600,5.57
1999-10-20,10.75,10.75,10.25,10.31,957300,5.82
1999-10-19,10.50,11.06,10.38,10.62,1081300,5.99
1999-10-18,10.62,10.62,10.19,10.31,239900,5.82
1999-10-15,10.06,10.75,9.88,10.50,610500,5.92
1999-10-14,10.56,10.81,10.25,10.56,1238300,5.96
1999-10-13,10.09,10.75,10.06,10.56,1401800,5.96
1999-10-12,10.00,10.06,9.88,9.94,830800,5.61
1999-10-11,9.50,10.00,9.47,10.00,721200,5.64
1999-10-08,9.00,9.56,9.00,9.50,864700,5.36
1999-10-07,9.25,9.56,8.81,8.81,839100,4.97
1999-10-06,8.25,9.12,8.12,9.06,1230000,5.11
1999-10-05,8.31,8.44,7.94,8.19,2020200,4.62
1999-10-04,8.31,8.81,8.19,8.25,1373800,4.65
1999-10-01,9.12,9.12,8.06,8.12,3025600,4.58
1999-09-30,9.56,9.62,9.00,9.06,2691500,5.11
1999-09-29,9.88,9.88,9.00,9.50,1912900,5.36
1999-09-28,10.56,10.56,9.62,9.75,2648500,5.50
1999-09-27,10.25,10.69,10.25,10.56,1358800,5.96
1999-09-24,10.06,10.38,9.75,10.36,2476700,5.84
1999-09-23,10.94,11.00,10.00,10.06,2155700,5.68
1999-09-22,10.19,10.75,9.75,10.50,11332300,5.92
1999-09-21,14.88,14.88,14.38,14.69,459600,8.29
1999-09-20,15.56,15.62,14.75,15.00,528500,8.46
1999-09-17,16.28,16.38,15.50,15.56,676700,8.78
1999-09-16,16.75,16.75,15.38,16.00,658400,9.03
1999-09-15,17.50,17.75,16.12,16.25,528700,9.17
1999-09-14,18.12,18.12,17.44,17.56,156500,9.91
1999-09-13,18.25,18.62,18.12,18.12,484800,10.23
1999-09-10,18.25,18.50,18.25,18.44,614600,10.40
1999-09-09,18.50,18.88,18.00,18.19,1234000,10.26
1999-09-08,18.62,19.50,18.38,18.56,1934700,10.47
1999-09-07,16.59,18.81,16.56,18.56,1250400,10.47
1999-09-03,15.44,16.62,15.31,16.62,1673100,9.38
1999-09-02,16.00,16.12,15.25,15.31,767100,8.64
1999-09-01,16.38,16.50,16.00,16.06,806300,9.06
1999-08-31,16.50,16.69,15.88,16.25,1014900,9.17
1999-08-30,16.81,17.31,16.12,16.38,636300,9.24
1999-08-27,17.12,17.19,16.69,16.81,505400,9.49
1999-08-26,17.38,17.38,16.75,17.12,1123200,9.66
1999-08-25,16.56,17.50,16.50,17.31,1581400,9.77
1999-08-24,17.38,17.38,16.25,16.31,686700,9.20
1999-08-23,18.00,18.06,17.12,17.50,517400,9.87
1999-08-20,17.88,18.12,17.75,17.88,959400,10.09
1999-08-19,17.88,18.06,17.62,17.81,358600,10.05
1999-08-18,19.31,19.31,17.81,17.94,612200,10.12
1999-08-17,18.81,19.38,18.44,19.25,413000,10.86
1999-08-16,20.38,20.38,18.12,18.50,863200,10.44
1999-08-13,19.75,20.50,19.31,20.50,438100,11.57
1999-08-12,20.38,20.50,19.12,19.75,915800,11.14
1999-08-11,21.12,21.19,20.19,20.50,1492200,11.57
1999-08-10,21.50,21.50,20.50,21.06,2596900,11.88
1999-08-09,20.44,21.50,20.38,21.44,3821600,12.10
1999-08-06,19.00,20.38,19.00,20.31,3673900,11.46
1999-08-05,18.81,19.25,18.81,19.06,2464000,10.76
1999-08-04,19.19,19.19,18.50,19.00,478800,10.72
1999-08-03,19.50,19.62,18.25,19.06,448000,10.76
1999-08-02,19.00,19.50,18.62,19.50,1434200,11.00
1999-07-30,17.75,19.12,17.75,18.94,661700,10.68
1999-07-29,17.44,17.62,17.00,17.62,367700,9.94
1999-07-28,17.50,17.62,16.88,17.50,614400,9.87
1999-07-27,17.69,18.06,16.50,17.50,1888000,9.87
1999-07-26,17.81,18.00,17.12,17.38,421600,9.80
1999-07-23,18.19,18.19,17.62,17.88,482200,10.09
1999-07-22,19.00,19.00,18.00,18.19,796300,10.26
1999-07-21,18.12,19.12,18.00,18.88,2781000,10.65
1999-07-20,18.09,18.50,18.00,18.00,867900,10.16
1999-07-19,18.50,18.50,17.62,18.06,372100,10.19
1999-07-16,18.62,18.62,18.25,18.50,1103900,10.44
1999-07-15,17.31,18.75,17.25,18.62,2860200,10.51
1999-07-14,17.12,17.25,17.00,17.19,1040200,9.70
1999-07-13,17.38,17.50,17.12,17.12,339000,9.66
1999-07-12,17.00,17.50,16.62,17.50,893400,9.87
1999-07-09,17.25,17.50,16.75,17.25,530400,9.73
1999-07-08,17.50,17.50,17.19,17.25,510000,9.73
1999-07-07,17.38,17.50,17.25,17.50,255800,9.87
1999-07-06,17.56,17.62,17.25,17.44,678400,9.84
1999-07-02,16.81,17.88,16.81,17.56,2177000,9.91
1999-07-01,16.25,17.12,15.88,16.88,1636900,9.52
1999-06-30,15.62,16.38,15.56,16.38,1319800,9.24
1999-06-29,15.75,15.88,15.06,15.62,1207700,8.82
1999-06-28,15.12,15.12,14.88,15.00,262900,8.46
1999-06-25,14.50,15.12,14.50,14.94,500500,8.43
1999-06-24,15.06,15.06,14.25,14.56,322500,8.22
1999-06-23,14.50,15.50,14.50,15.00,1269600,8.46
1999-06-22,14.81,15.12,14.56,14.62,380900,8.25
1999-06-21,15.38,15.50,15.00,15.03,108900,8.48
1999-06-18,15.44,15.56,15.25,15.31,208800,8.64
1999-06-17,15.47,15.62,15.38,15.50,421700,8.75
1999-06-16,15.62,15.75,15.50,15.50,638500,8.75
1999-06-15,15.12,15.62,15.06,15.62,236800,8.82
1999-06-14,16.00,16.00,15.12,15.25,916400,8.60
1999-06-11,15.88,16.06,15.88,16.00,772700,9.03
1999-06-10,16.22,16.31,15.62,16.00,293000,9.03
1999-06-09,16.25,17.00,16.12,16.25,2159800,9.17
1999-06-08,14.62,15.62,14.62,15.62,1113100,8.82
1999-06-07,14.44,14.75,14.25,14.75,180500,8.32
1999-06-04,14.12,14.50,14.12,14.38,795500,8.11
1999-06-03,14.38,14.38,14.12,14.19,408400,8.00
1999-06-02,14.12,14.38,13.88,14.12,441600,7.97
1999-06-01,13.62,14.12,13.62,14.06,331800,7.93
1999-05-28,13.12,14.25,13.00,13.88,87100,7.83
1999-05-27,13.25,13.38,12.75,13.12,273300,7.41
1999-05-26,13.38,13.62,12.25,13.25,408200,7.48
1999-05-25,13.75,13.88,13.25,13.25,47400,7.48
1999-05-24,14.19,14.25,13.75,13.75,83200,7.76
1999-05-21,14.25,14.25,14.19,14.19,173500,8.00
1999-05-20,14.12,14.25,14.12,14.19,619700,8.00
1999-05-19,14.19,14.25,14.19,14.19,231900,8.00
1999-05-18,14.00,14.25,14.00,14.25,184800,8.04
1999-05-17,14.06,14.25,14.00,14.00,174000,7.90
1999-05-14,14.25,14.25,13.94,14.00,50000,7.90
1999-05-13,14.19,14.25,14.00,14.19,611200,8.00
1999-05-12,14.00,14.06,13.94,14.06,436400,7.93
1999-05-11,13.62,14.06,13.62,13.94,143500,7.86
1999-05-10,13.69,13.88,13.62,13.62,55700,7.69
1999-05-07,13.62,13.81,13.62,13.75,102900,7.76
1999-05-06,13.81,13.88,13.62,13.62,241400,7.69
1999-05-05,13.75,13.88,13.62,13.81,131800,7.79
1999-05-04,13.81,14.19,13.75,13.88,310200,7.83
1999-05-03,14.12,14.12,13.69,13.75,236000,7.76
1999-04-30,14.06,14.25,14.00,14.00,396600,7.90
1999-04-29,14.00,14.25,13.94,14.06,300800,7.93
1999-04-28,13.12,14.44,13.00,14.25,253600,8.04
1999-04-27,13.06,13.12,13.00,13.06,284800,7.37
1999-04-26,12.50,13.19,12.50,13.06,553500,7.37
1999-04-23,13.38,13.38,12.56,12.69,374000,7.16
1999-04-22,12.88,13.62,12.88,13.12,406100,7.41
1999-04-21,12.88,13.19,12.75,12.75,800400,7.19
1999-04-20,12.38,13.12,12.38,12.94,287700,7.30
1999-04-19,11.81,12.56,11.69,12.44,528100,7.02
1999-04-16,11.06,12.12,11.06,11.81,314300,6.66
1999-04-15,11.62,11.62,10.88,11.06,338400,6.24
1999-04-14,11.62,11.69,11.38,11.62,185800,6.56
1999-04-13,11.75,11.88,11.44,11.44,174300,6.45
1999-04-12,11.75,12.00,11.25,11.88,395300,6.70
1999-04-09,12.00,12.50,11.75,11.94,1017000,6.74
1999-04-08,14.00,14.00,9.25,11.06,5618300,6.24
1999-04-07,14.00,14.38,13.88,14.38,293900,8.11
1999-04-06,13.94,14.19,13.75,14.03,472800,7.92
1999-04-05,14.38,14.50,13.62,14.19,724000,8.00
1999-04-01,14.69,14.69,14.19,14.50,200600,8.18
1999-03-31,13.88,14.69,13.81,14.56,1123800,8.22
1999-03-30,13.62,13.94,13.56,13.88,297700,7.83
1999-03-29,13.56,14.00,13.44,13.75,405400,7.76
1999-03-26,13.88,14.00,13.56,13.56,243000,7.65
1999-03-25,13.69,14.00,13.69,14.00,153200,7.90
1999-03-24,14.44,14.44,13.56,13.62,112600,7.69
1999-03-23,14.75,14.75,14.25,14.50,1158300,8.18
1999-03-22,14.50,14.88,14.25,14.81,368000,8.36
1999-03-19,14.38,14.88,14.38,14.69,2076700,8.29
1999-03-18,15.25,15.25,14.38,14.44,1071100,8.15
1999-03-17,14.88,15.12,14.50,15.00,397800,8.46
1999-03-16,14.75,14.88,14.50,14.75,250500,8.32
1999-03-15,14.56,14.75,14.50,14.62,88000,8.25
1999-03-12,14.56,14.88,14.50,14.62,496400,8.25
1999-03-11,14.44,14.88,14.38,14.62,546800,8.25
1999-03-10,14.50,14.62,14.19,14.47,129100,8.16
1999-03-09,14.12,14.19,13.69,14.12,141800,7.97
1999-03-08,14.50,14.50,13.38,14.12,1055200,7.97
1999-03-05,14.50,14.62,14.25,14.50,505000,8.18
1999-03-04,14.38,14.62,14.00,14.25,279800,8.04
1999-03-03,14.50,14.75,14.38,14.38,875200,8.11
1999-03-02,14.50,14.69,14.31,14.47,608200,8.16
1999-03-01,14.75,14.75,14.44,14.44,191600,8.15
1999-02-26,15.12,15.12,14.62,14.81,149000,8.36
1999-02-25,14.12,15.25,14.06,15.25,478000,8.60
1999-02-24,14.75,15.00,14.25,14.25,523200,8.04
1999-02-23,14.25,15.00,13.94,14.69,436000,8.29
1999-02-22,13.88,14.25,13.75,14.25,422400,8.04
1999-02-19,13.69,13.75,13.56,13.69,298900,7.72
1999-02-18,13.56,14.00,13.56,13.69,779800,7.72
1999-02-17,13.62,13.75,13.38,13.56,541900,7.65
1999-02-16,13.62,13.88,13.38,13.50,799500,7.62
1999-02-12,13.62,13.62,13.38,13.50,1315100,7.62
1999-02-11,13.50,13.88,13.25,13.50,1616100,7.62
1999-02-10,14.62,15.25,13.25,13.50,3963700,7.62
1999-02-09,17.38,17.75,16.75,16.75,180200,9.45
1999-02-08,17.12,17.31,16.88,17.12,245700,9.66
1999-02-05,17.25,17.56,16.88,17.06,304600,9.63
1999-02-04,17.69,17.75,16.88,17.06,100800,9.63
1999-02-03,17.31,18.00,17.12,17.88,76000,10.09
1999-02-02,17.88,17.88,17.00,17.38,151100,9.80
1999-02-01,18.88,18.88,17.62,17.75,150000,10.01
1999-01-29,19.06,19.12,18.19,18.88,174600,10.65
1999-01-28,17.25,19.25,17.25,18.88,490100,10.65
1999-01-27,17.38,17.38,17.12,17.38,634700,9.80
1999-01-26,17.31,17.50,17.12,17.31,1156300,9.77
1999-01-25,17.62,17.62,17.25,17.44,177100,9.84
1999-01-22,17.88,17.88,17.38,17.56,203100,9.91
1999-01-21,18.12,18.31,17.88,17.88,320400,10.09
1999-01-20,18.62,18.75,18.12,18.25,348400,10.30
1999-01-19,18.62,18.75,18.06,18.50,424200,10.44
1999-01-15,18.50,18.75,18.38,18.62,241900,10.51
1999-01-14,19.75,19.75,18.38,18.38,257200,10.37
1999-01-13,17.25,19.50,16.75,19.50,726600,11.00
1999-01-12,18.94,19.00,17.62,18.25,512300,10.30
1999-01-11,18.56,20.12,18.50,18.97,470900,10.70
1999-01-08,18.38,19.00,18.38,18.50,661200,10.44
1999-01-07,17.75,18.56,17.50,18.44,1746800,10.40
1999-01-06,17.50,18.25,17.44,17.50,674900,9.87
1999-01-05,18.50,18.62,17.19,17.31,445900,9.77
1999-01-04,20.00,20.12,18.12,18.12,395700,10.23
1998-12-31,16.88,20.00,16.88,19.56,761500,11.04
1998-12-30,17.88,17.88,16.94,16.94,111600,9.56
1998-12-29,16.25,18.12,16.25,17.88,482900,10.09
1998-12-28,15.88,16.62,15.88,16.25,180700,9.17
1998-12-24,16.00,16.12,15.62,15.75,104100,8.89
1998-12-23,15.62,16.38,15.25,16.00,815200,9.03
1998-12-22,14.75,15.50,14.62,15.38,662100,8.67
1998-12-21,14.50,14.75,14.25,14.56,399400,8.22
1998-12-18,14.38,14.62,14.19,14.25,209000,8.04
1998-12-17,14.25,14.38,13.75,14.25,492800,8.04
1998-12-16,14.50,14.62,14.25,14.50,517400,8.18
1998-12-15,14.50,14.64,14.25,14.44,599400,8.15
1998-12-14,14.69,14.75,13.75,14.38,204700,8.11
1998-12-11,15.31,15.50,14.50,14.81,449400,8.36
1998-12-10,15.25,15.62,15.25,15.25,742900,8.60
1998-12-09,15.12,15.44,15.00,15.31,603400,8.64
1998-12-08,15.00,15.62,15.00,15.12,1503700,8.53
1998-12-07,13.62,15.12,13.50,15.06,948900,8.50
1998-12-04,13.25,13.56,13.06,13.56,710200,7.65
1998-12-03,13.25,13.50,12.88,13.00,1457300,7.33
1998-12-02,12.00,13.12,11.50,12.88,1301600,7.26
1998-12-01,12.00,12.12,11.81,12.12,451400,6.84
1998-11-30,12.38,12.62,12.25,12.31,505800,6.95
1998-11-27,12.00,12.50,12.00,12.38,638300,6.98
1998-11-25,12.00,12.25,11.88,12.12,761500,6.84
1998-11-24,12.50,12.50,11.88,12.00,668500,6.77
1998-11-23,11.75,12.69,11.62,12.50,1443500,7.05
1998-11-20,11.25,11.69,11.12,11.56,766300,6.52
1998-11-19,11.44,11.52,11.19,11.19,1169100,6.31
1998-11-18,12.56,12.75,11.25,11.50,1558500,6.49
1998-11-17,13.62,13.88,12.62,12.75,916900,7.19
1998-11-16,13.50,14.12,13.50,13.62,661200,7.69
1998-11-13,13.44,13.75,13.44,13.69,523300,7.72
1998-11-12,13.50,13.75,13.38,13.50,328700,7.62
1998-11-11,13.50,13.88,13.50,13.69,733700,7.72
1998-11-10,13.62,13.62,13.00,13.50,1299600,7.62
1998-11-09,14.12,14.31,13.38,13.56,1069500,7.65
1998-11-06,13.44,13.81,13.31,13.75,951700,7.76
1998-11-05,13.25,13.44,12.75,13.30,595300,7.50
1998-11-04,13.50,13.50,13.00,13.25,694300,7.48
1998-11-03,13.19,13.56,12.62,13.50,713700,7.62
1998-11-02,13.25,14.25,13.00,13.58,677500,7.66
1998-10-30,13.12,14.25,12.88,13.00,887300,7.33
1998-10-29,13.94,13.94,12.38,12.56,916200,7.09
1998-10-28,13.62,14.06,13.38,13.88,219300,7.83
1998-10-27,13.94,14.62,13.75,14.19,302400,8.00
1998-10-26,13.25,14.12,13.00,13.56,606600,7.65
1998-10-23,13.31,13.31,12.38,12.69,641200,7.16
1998-10-22,14.12,16.00,13.12,13.38,1278200,7.55
1998-10-21,12.75,14.50,12.38,13.97,585100,7.88
1998-10-20,10.75,13.38,10.75,12.75,844200,7.19
1998-10-19,10.56,10.81,10.44,10.50,136000,5.92
1998-10-16,10.75,10.75,10.44,10.58,544600,5.97
1998-10-15,10.50,10.75,10.38,10.44,713900,5.89
1998-10-14,10.25,10.62,10.25,10.31,872900,5.82
1998-10-13,10.06,10.38,9.12,10.25,918700,5.78
1998-10-12,11.38,13.00,10.31,10.38,659600,5.85
1998-10-09,9.00,12.00,8.75,11.31,1848700,6.38
1998-10-08,8.94,9.00,6.75,8.00,4442400,4.51
1998-10-07,11.00,11.00,8.00,9.94,1698800,5.61
1998-10-06,11.62,12.25,10.38,10.56,1350100,5.96
1998-10-05,13.00,13.00,11.25,11.56,934200,6.52
1998-10-02,13.50,13.75,13.25,13.56,550100,7.65
1998-10-01,16.00,16.00,13.00,13.38,894500,7.55
1998-09-30,18.00,18.12,16.00,16.25,265500,9.17
1998-09-29,18.75,18.75,17.62,18.50,265100,10.44
1998-09-28,18.62,19.25,18.38,18.38,344400,10.37
1998-09-25,19.25,19.50,18.38,18.75,332100,10.58
1998-09-24,18.50,19.88,18.50,19.75,445100,11.14
1998-09-23,17.06,18.62,17.06,18.62,509100,10.51
1998-09-22,16.19,17.12,16.12,17.06,691500,9.63
1998-09-21,17.31,17.31,16.06,16.16,489200,9.12
1998-09-18,18.00,18.00,17.31,17.38,654800,9.80
1998-09-17,18.38,18.38,17.50,17.62,347800,9.94
1998-09-16,18.75,18.81,18.38,18.56,211200,10.47
1998-09-15,18.44,18.81,17.75,18.81,356900,10.61
1998-09-14,18.12,18.75,17.56,18.50,497800,10.44
1998-09-11,17.69,17.88,17.06,17.38,1846600,9.80
1998-09-10,17.75,18.00,17.38,17.69,1061100,9.98
1998-09-09,18.00,18.38,17.88,18.06,1390000,10.19
1998-09-08,19.19,19.88,17.62,18.12,266600,10.23
1998-09-04,18.50,19.00,18.25,18.44,107400,10.40
1998-09-03,18.75,18.88,18.50,18.69,226000,10.54
1998-09-02,18.38,19.16,18.12,18.94,504200,10.68
1998-09-01,16.00,19.38,15.88,18.50,1609500,10.44
1998-08-31,18.75,18.88,15.94,16.06,755300,9.06
1998-08-28,18.62,19.88,17.88,18.75,737200,10.58
1998-08-27,20.75,20.75,17.62,18.50,991700,10.44
1998-08-26,21.62,21.62,20.25,20.69,457200,11.67
1998-08-25,22.00,22.50,20.75,22.00,543300,12.41
1998-08-24,22.50,23.25,21.62,21.81,445500,12.31
1998-08-21,24.12,24.62,22.62,22.75,268400,12.84
1998-08-20,25.38,25.38,24.25,24.88,119900,14.03
1998-08-19,25.38,25.94,25.25,25.75,190200,14.53
1998-08-18,25.62,26.25,25.25,25.38,207900,14.32
1998-08-17,25.00,25.62,24.75,25.50,117500,14.39
1998-08-14,25.12,25.62,25.00,25.50,112300,14.39
1998-08-13,25.81,25.94,24.56,24.75,108300,13.96
1998-08-12,25.12,26.12,24.75,25.69,318900,14.49
1998-08-11,24.75,25.00,24.38,24.75,146500,13.96
1998-08-10,25.25,25.50,24.31,25.12,116400,14.18
1998-08-07,24.62,25.56,24.38,25.12,106600,14.18
1998-08-06,23.38,25.88,23.38,24.75,324400,13.96
1998-08-05,23.88,24.50,22.81,23.38,159800,13.19
1998-08-04,25.75,26.12,23.38,23.38,315300,13.19
1998-08-03,26.19,26.25,25.69,25.94,608400,14.63
1998-07-31,25.94,26.19,25.62,26.19,613100,14.78
1998-07-30,27.12,28.12,25.88,25.94,596300,14.63
1998-07-29,23.38,27.62,23.00,27.25,1190200,15.37
1998-07-28,23.50,23.62,22.50,22.81,1359900,12.87
1998-07-27,25.50,25.50,24.00,24.06,387500,13.58
1998-07-24,25.56,25.88,25.38,25.38,158900,14.32
1998-07-23,25.75,25.88,25.38,25.38,72900,14.32
1998-07-22,25.12,26.38,24.75,26.00,496100,14.67
1998-07-21,26.00,26.50,25.25,25.25,979200,14.25
1998-07-20,27.88,27.88,26.00,26.25,671900,14.81
1998-07-17,27.88,28.12,27.62,27.62,109400,15.59
1998-07-16,28.62,28.75,27.75,28.00,458200,15.80
1998-07-15,28.62,28.88,28.50,28.62,215400,16.15
1998-07-14,28.12,29.12,28.12,28.50,414600,16.08
1998-07-13,29.12,29.12,28.12,28.31,190700,15.97
1998-07-10,29.12,29.12,28.75,28.94,44600,16.33
1998-07-09,29.38,29.50,28.88,29.00,502900,16.36
1998-07-08,28.00,29.50,28.00,29.06,494400,16.40
1998-07-07,29.56,29.56,28.12,28.12,610400,15.87
1998-07-06,30.00,30.00,29.38,29.56,369300,16.68
1998-07-02,30.00,30.12,29.62,29.62,1349400,16.71
1998-07-01,28.75,30.00,28.62,29.94,1004300,16.89
1998-06-30,28.62,29.19,28.00,28.75,473200,16.22
1998-06-29,27.50,28.81,27.12,28.69,938500,16.19
1998-06-26,26.88,27.50,26.88,27.06,216200,15.27
1998-06-25,27.25,27.31,26.50,26.94,398600,15.20
1998-06-24,26.50,27.50,26.50,27.31,507200,15.41
1998-06-23,26.50,27.50,26.12,26.25,284300,14.81
1998-06-22,27.19,27.50,26.25,26.75,301400,15.09
1998-06-19,26.75,27.31,26.38,27.12,554200,15.30
1998-06-18,27.62,27.62,26.38,26.62,332500,15.02
1998-06-17,27.06,28.25,27.06,27.38,300600,15.45
1998-06-16,27.00,27.25,26.62,27.12,217300,15.30
1998-06-15,27.25,27.50,26.75,26.75,312000,15.09
1998-06-12,26.88,27.50,26.88,27.50,261600,15.52
1998-06-11,28.12,28.25,26.94,26.94,337800,15.20
1998-06-10,28.50,28.62,27.75,28.00,276600,15.80
1998-06-09,27.88,28.88,27.00,28.88,812000,16.29
1998-06-08,25.44,28.06,25.38,28.00,884600,15.80
1998-06-05,24.75,25.75,24.25,25.50,287300,14.39
1998-06-04,25.50,25.50,23.31,24.50,292000,13.82
1998-06-03,25.62,26.00,25.00,25.00,163800,14.11
1998-06-02,25.62,26.00,25.38,25.56,276600,14.42
1998-06-01,25.62,25.88,25.38,25.69,481200,14.49
1998-05-29,25.75,25.75,25.38,25.44,417200,14.35
1998-05-28,50.38,52.25,50.38,51.06,935400,14.41
1998-05-27,48.75,50.75,48.50,50.75,781400,14.32
1998-05-26,51.00,51.50,49.12,49.50,519800,13.96
1998-05-22,52.25,52.50,50.88,51.25,256800,14.46
1998-05-21,52.50,52.62,52.25,52.25,296800,14.74
1998-05-20,52.25,52.62,52.25,52.38,357600,14.78
1998-05-19,51.25,53.38,51.25,52.31,773400,14.76
1998-05-18,52.38,52.38,50.31,50.50,385800,14.25
1998-05-15,52.38,52.75,52.00,52.12,132400,14.70
1998-05-14,53.25,53.62,51.88,52.38,615600,14.78
1998-05-13,54.12,54.12,53.00,53.00,859800,14.95
1998-05-12,53.75,54.38,53.50,53.75,506400,15.16
1998-05-11,52.62,53.94,52.50,53.50,811600,15.09
1998-05-08,52.88,52.88,50.88,52.62,778800,14.85
1998-05-07,52.62,53.38,52.50,52.81,238800,14.90
1998-05-06,54.12,54.12,52.62,52.75,488400,14.88
1998-05-05,54.25,54.38,53.38,54.12,600600,15.27
1998-05-04,54.75,56.06,54.25,54.50,711600,15.37
1998-05-01,52.50,55.88,52.25,54.69,1302400,15.43
1998-04-30,52.94,53.00,51.88,51.88,738200,14.63
1998-04-29,53.12,53.75,51.62,52.25,1638600,14.74
1998-04-28,49.88,53.50,49.50,53.31,1774200,15.04
1998-04-27,50.75,50.75,48.75,49.50,793800,13.96
1998-04-24,52.12,52.38,51.25,51.56,1517400,14.55
1998-04-23,52.12,52.75,51.38,52.38,1103200,14.78
1998-04-22,53.62,53.88,52.00,52.12,678800,14.70
1998-04-21,53.75,54.12,53.12,53.69,582600,15.15
1998-04-20,53.88,54.75,53.25,53.38,1082800,15.06
1998-04-17,54.69,54.75,52.88,53.88,2171000,15.20
1998-04-16,57.12,57.12,54.62,54.62,1141000,15.41
1998-04-15,58.00,58.00,57.00,57.00,592200,16.08
1998-04-14,57.00,58.12,56.88,57.75,1415800,16.29
1998-04-13,58.00,58.00,56.75,57.00,851800,16.08
1998-04-09,56.88,58.06,56.88,57.75,2077400,16.29
1998-04-08,58.31,58.75,56.50,56.56,12042600,15.96
1998-04-07,60.25,61.00,58.50,59.12,506200,16.68
1998-04-06,60.00,62.25,59.88,60.50,634600,17.07
1998-04-03,58.50,60.00,58.50,59.62,336400,16.82
1998-04-02,58.12,58.44,57.06,58.44,276400,16.49
1998-04-01,57.75,59.00,57.75,58.12,554600,16.40
1998-03-31,56.50,58.25,56.38,57.62,263400,16.26
1998-03-30,56.25,57.25,56.00,56.12,111000,15.83
1998-03-27,57.25,57.38,56.25,56.50,349200,15.94
1998-03-26,55.75,57.00,55.00,56.62,208200,15.97
1998-03-25,54.25,56.38,54.25,56.38,214400,15.90
1998-03-24,55.38,55.50,54.00,54.44,539400,15.36
1998-03-23,57.38,57.38,55.38,55.56,277400,15.67
1998-03-20,58.00,58.19,56.25,56.88,241600,16.04
1998-03-19,57.88,58.50,57.25,58.25,167800,16.43
1998-03-18,55.88,58.38,55.88,57.75,472000,16.29
1998-03-17,55.75,56.25,54.69,55.88,463000,15.76
1998-03-16,56.75,57.38,55.62,55.94,296600,15.78
1998-03-13,54.75,57.00,54.44,56.12,572000,15.83
1998-03-12,55.00,55.00,53.50,54.62,173400,15.41
1998-03-11,55.00,55.25,54.50,54.88,279400,15.48
1998-03-10,55.75,57.12,54.88,55.12,711800,15.55
1998-03-09,54.75,56.38,54.62,55.38,863000,15.62
1998-03-06,54.25,55.75,54.00,55.25,522000,15.59
1998-03-05,55.75,55.75,54.00,54.00,383800,15.23
1998-03-04,56.12,56.50,55.75,56.12,280000,15.83
1998-03-03,55.50,57.00,55.00,56.62,680400,15.97
1998-03-02,56.62,56.75,55.62,55.75,446200,15.73
1998-02-27,56.88,56.88,56.06,56.56,828800,15.96
1998-02-26,58.00,58.25,55.88,56.88,639800,16.04
1998-02-25,55.75,58.00,55.50,57.50,1301600,16.22
1998-02-24,55.50,57.88,54.69,55.25,703000,15.59
1998-02-23,56.44,56.44,55.25,55.88,120000,15.76
1998-02-20,56.12,56.81,56.00,56.44,486200,15.92
1998-02-19,53.75,56.62,53.75,56.50,669200,15.94
1998-02-18,52.06,54.25,51.69,54.00,444800,15.23
1998-02-17,52.75,52.88,51.69,52.06,205600,14.69
1998-02-13,52.38,53.25,52.03,52.25,408200,14.74
1998-02-12,52.88,53.38,52.00,52.00,364800,14.67
1998-02-11,51.75,53.69,51.25,53.62,1082000,15.13
1998-02-10,49.00,51.88,49.00,51.75,2146800,14.60
1998-02-09,47.88,48.38,47.00,48.25,396200,13.61
1998-02-06,47.12,48.12,47.00,47.69,491400,13.45
1998-02-05,46.50,47.12,46.38,46.81,343800,13.21
1998-02-04,47.12,47.50,46.50,46.50,124400,13.12
1998-02-03,48.12,48.12,47.00,47.12,173800,13.29
1998-02-02,48.00,48.19,47.25,48.00,722200,13.54
1998-01-30,47.38,48.00,47.25,47.25,424800,13.33
1998-01-29,47.50,48.06,46.75,47.38,402400,13.36
1998-01-28,47.50,48.00,47.38,48.00,463400,13.54
1998-01-27,47.50,47.50,47.00,47.50,163600,13.40
1998-01-26,47.75,47.75,47.00,47.38,92200,13.36
1998-01-23,46.75,47.56,46.75,47.50,253800,13.40
1998-01-22,46.88,47.38,46.75,47.00,245600,13.26
1998-01-21,47.00,47.88,47.00,47.25,831200,13.33
1998-01-20,48.38,48.88,47.00,47.25,1438200,13.33
1998-01-16,48.75,49.62,48.62,49.31,2036800,13.91
1998-01-15,48.12,48.50,47.88,47.88,280800,13.51
1998-01-14,49.00,49.00,48.00,48.50,416800,13.68
1998-01-13,45.00,49.25,45.00,49.00,959400,13.82
1998-01-12,44.81,45.50,44.50,45.50,785400,12.84
1998-01-09,43.62,46.00,43.62,45.88,677200,12.94
1998-01-08,43.62,43.75,43.38,43.69,444000,12.32
1998-01-07,44.00,44.50,43.75,44.06,276400,12.43
1998-01-06,44.38,44.50,44.00,44.12,473600,12.45
1998-01-05,43.00,44.75,43.00,44.62,306400,12.59
1998-01-02,46.00,46.00,42.88,42.88,217200,12.10
1997-12-31,46.75,47.00,45.25,46.62,374600,13.15
1997-12-30,45.75,46.50,45.25,46.38,345400,13.08
1997-12-29,44.50,45.88,43.50,45.75,428200,12.91
1997-12-26,43.25,43.75,43.19,43.75,157200,12.34
1997-12-24,43.69,43.75,42.75,43.00,158800,12.13
1997-12-23,43.25,44.25,42.88,43.69,645800,12.32
1997-12-22,41.62,42.50,40.50,41.75,314400,11.78
1997-12-19,41.25,42.88,40.12,41.88,378600,11.81
1997-12-18,41.50,42.12,41.00,41.88,290000,11.81
1997-12-17,40.00,41.88,39.50,41.06,433800,11.58
1997-12-16,39.75,40.00,39.00,39.62,211800,11.18
1997-12-15,39.25,40.62,39.25,39.88,150600,11.25
1997-12-12,38.88,39.75,38.50,39.75,84200,11.21
1997-12-11,38.75,39.00,37.62,38.25,206800,10.79
1997-12-10,39.62,39.75,39.00,39.12,200200,11.04
1997-12-09,38.88,40.00,38.25,39.62,311800,11.18
1997-12-08,39.75,39.75,38.50,38.69,227800,10.91
1997-12-05,39.00,39.50,38.75,39.50,218400,11.14
1997-12-04,37.88,40.56,37.44,39.50,1285600,11.14
1997-12-03,36.56,36.56,35.25,36.25,316600,10.23
1997-12-02,37.25,37.62,35.62,36.25,266800,10.23
1997-12-01,37.00,37.88,36.75,37.25,217400,10.51
1997-11-28,35.00,37.50,34.75,37.38,265800,10.54
1997-11-26,34.62,35.00,34.25,34.88,174400,9.84
1997-11-25,34.50,34.50,33.75,34.50,158800,9.73
1997-11-24,34.12,34.50,33.75,33.88,103800,9.56
1997-11-21,34.12,35.00,34.12,34.12,68400,9.63
1997-11-20,33.88,35.12,33.88,34.12,315800,9.63
1997-11-19,33.62,34.75,32.69,33.88,315200,9.56
1997-11-18,36.00,36.00,33.25,33.62,197800,9.49
1997-11-17,36.00,36.50,35.50,36.00,96200,10.16
1997-11-14,35.75,36.00,35.62,35.81,80400,10.10
1997-11-13,35.75,36.50,35.62,35.88,80800,10.12
1997-11-12,35.88,36.00,35.50,35.62,101200,10.05
1997-11-11,37.75,37.75,35.50,35.88,215200,10.12
1997-11-10,37.50,38.25,37.00,37.50,155400,10.58
1997-11-07,38.25,39.00,37.50,38.12,230000,10.76
1997-11-06,38.00,38.62,37.75,38.25,234800,10.79
1997-11-05,37.38,38.25,37.38,38.25,127200,10.79
1997-11-04,37.25,38.38,36.62,38.00,386600,10.72
1997-11-03,37.75,38.00,36.75,37.88,312200,10.68
1997-10-31,36.88,37.62,35.75,36.50,229800,10.30
1997-10-30,35.50,37.75,35.25,37.12,300400,10.47
1997-10-29,36.25,37.12,35.50,36.75,200600,10.37
1997-10-28,33.50,37.00,33.38,36.75,490000,10.37
1997-10-27,36.12,36.12,34.75,34.75,252600,9.80
1997-10-24,37.62,37.62,36.50,36.50,132200,10.30
1997-10-23,36.00,37.38,35.88,37.25,275400,10.51
1997-10-22,36.88,37.25,36.75,37.00,88400,10.44
1997-10-21,36.75,37.38,36.50,36.81,84400,10.39
1997-10-20,36.62,37.25,36.00,37.12,185600,10.47
1997-10-17,36.25,36.75,36.00,36.34,309800,10.25
1997-10-16,38.75,38.75,36.00,36.50,248600,10.30
1997-10-15,38.38,39.00,38.25,38.25,231800,10.79
1997-10-14,39.00,40.38,38.00,38.38,466200,10.83
1997-10-13,38.38,39.62,38.38,38.50,275400,10.86
1997-10-10,39.25,39.50,38.25,38.50,252000,10.86
1997-10-09,39.50,39.62,38.00,39.38,328400,11.11
1997-10-08,39.25,40.00,37.62,39.62,439600,11.18
1997-10-07,39.38,40.25,38.75,39.25,362400,11.07
1997-10-06,40.50,40.50,38.75,38.75,417800,10.93
1997-10-03,41.44,41.75,39.50,40.25,936800,11.35
1997-10-02,41.62,41.75,40.88,41.25,1198200,11.64
1997-10-01,40.25,41.88,40.25,41.38,590200,11.67
1997-09-30,39.50,41.50,39.50,40.38,989800,11.39
1997-09-29,38.12,40.50,38.12,39.50,1003200,11.14
1997-09-26,38.38,39.00,37.88,38.12,214200,10.76
1997-09-25,38.12,38.75,38.12,38.50,698800,10.86
1997-09-24,38.12,38.50,38.00,38.25,643600,10.79
1997-09-23,38.00,38.19,37.50,38.00,908400,10.72
1997-09-22,37.50,38.00,36.88,37.88,979600,10.68
1997-09-19,37.00,38.50,36.88,37.38,2001600,10.54
1997-09-18,36.56,37.25,36.50,37.12,8198400,10.47
1997-09-17,40.00,40.00,36.62,36.62,556400,10.33
1997-09-16,39.12,39.88,39.12,39.62,224800,11.18
1997-09-15,38.00,39.50,37.75,39.12,430200,11.04
1997-09-12,36.94,38.00,36.50,37.50,176400,10.58
1997-09-11,37.12,37.12,35.75,37.12,349600,10.47
1997-09-10,35.00,37.12,35.00,37.12,196200,10.47
1997-09-09,35.25,35.25,34.50,35.00,55800,9.87
1997-09-08,35.75,36.25,34.75,34.75,72200,9.80
1997-09-05,35.62,36.00,35.25,35.75,56200,10.09
1997-09-04,36.25,36.62,35.62,35.62,55400,10.05
1997-09-03,37.25,37.25,36.25,36.25,243600,10.23
1997-09-02,36.50,37.25,36.50,36.50,14800,10.30
1997-08-29,37.12,37.75,36.50,37.25,301400,10.51
1997-08-28,37.12,37.12,36.50,37.12,40600,10.47
1997-08-27,37.12,37.12,36.50,37.12,42200,10.47
1997-08-26,36.50,37.50,35.75,37.12,111000,10.47
1997-08-25,36.25,37.12,35.50,36.50,174600,10.30
1997-08-22,35.00,35.75,33.00,35.75,190600,10.09
1997-08-21,36.75,37.25,35.75,36.00,45600,10.16
1997-08-20,37.00,38.00,36.56,37.00,110200,10.44
1997-08-19,37.00,37.50,36.50,36.62,15600,10.33
1997-08-18,38.00,38.00,36.75,36.75,30600,10.37
1997-08-15,38.25,38.25,37.38,37.75,176000,10.65
1997-08-14,38.62,39.00,37.38,38.25,191000,10.79
1997-08-13,38.00,38.25,37.25,38.00,156000,10.72
1997-08-12,37.88,38.62,37.00,37.38,245000,10.54
1997-08-11,37.25,38.25,37.00,38.25,246200,10.79
1997-08-08,37.25,38.12,36.62,37.25,147800,10.51
1997-08-07,38.25,38.25,37.50,37.88,113600,10.68
1997-08-06,38.25,38.25,37.25,37.50,380000,10.58
1997-08-05,33.75,38.12,33.25,38.00,858600,10.72
1997-08-04,33.25,33.75,32.75,33.38,157400,9.42
1997-08-01,35.00,35.25,32.00,32.88,535200,9.27
1997-07-31,33.75,34.75,32.75,34.75,163600,9.80
1997-07-30,33.75,34.75,33.25,33.75,86400,9.52
1997-07-29,33.75,34.50,33.25,33.75,351800,9.52
1997-07-28,37.75,37.75,32.88,33.25,520000,9.38
1997-07-25,35.00,38.00,35.00,37.00,505400,10.44
1997-07-24,35.75,36.00,35.00,35.62,80800,10.05
1997-07-23,35.00,36.25,35.00,35.38,394600,9.98
1997-07-22,33.75,35.75,33.25,35.00,426000,9.87
1997-07-21,35.25,35.38,33.25,33.25,439000,9.38
1997-07-18,34.50,35.25,33.00,35.25,354600,9.94
1997-07-17,32.75,35.25,31.75,34.75,1585600,9.80
1997-07-16,30.25,30.25,29.50,29.75,52800,8.39
1997-07-15,30.00,30.75,29.38,29.62,221800,8.36
1997-07-14,28.75,30.50,28.00,29.50,434800,8.32
1997-07-11,29.00,29.50,28.75,29.38,88200,8.29
1997-07-10,28.50,28.75,27.50,28.50,148400,8.04
1997-07-09,30.50,30.50,28.50,28.50,85200,8.04
1997-07-08,30.50,31.50,30.00,30.00,325000,8.46
1997-07-07,31.25,31.25,30.50,30.50,63800,8.60
1997-07-03,30.50,31.25,30.12,31.25,36000,8.82
1997-07-02,30.50,30.50,30.00,30.00,123400,8.46
1997-07-01,30.25,30.50,28.44,30.25,436800,8.53
1997-06-30,29.50,31.75,29.25,30.88,515000,8.71
1997-06-27,29.00,29.50,28.50,29.50,437800,8.32
1997-06-26,30.00,31.50,28.50,29.00,766800,8.18
1997-06-25,27.12,30.00,27.12,30.00,666600,8.46
1997-06-24,25.62,27.50,25.62,27.25,378200,7.69
1997-06-23,26.75,27.12,25.62,25.62,167800,7.23
1997-06-20,25.50,27.25,25.50,26.50,301000,7.48
1997-06-19,24.25,26.00,23.75,25.50,211800,7.19
1997-06-18,25.25,25.25,24.00,24.25,72400,6.84
1997-06-17,25.50,26.00,25.25,25.25,30000,7.12
1997-06-16,26.25,26.75,25.62,25.62,74600,7.23
1997-06-13,26.75,27.25,26.50,26.50,29400,7.48
1997-06-12,27.00,27.25,26.50,26.56,354800,7.49
1997-06-11,27.00,27.25,26.50,27.25,97600,7.69
1997-06-10,26.50,27.25,26.50,26.50,120600,7.48
1997-06-09,26.50,27.25,26.25,26.56,85600,7.49
1997-06-06,24.88,26.50,24.75,26.50,270400,7.48
1997-06-05,24.06,24.56,24.00,24.56,2600,6.93
1997-06-04,24.75,25.00,24.25,24.75,128600,6.98
1997-06-03,24.75,25.00,24.50,25.00,86400,7.05
1997-06-02,24.75,25.25,24.75,24.81,3600,7.00
1997-05-30,25.25,25.50,24.75,24.75,9000,6.98
1997-05-29,25.50,26.00,25.50,26.00,5200,7.33
1997-05-28,26.75,26.75,25.50,25.75,55800,7.26
1997-05-27,25.75,27.00,25.75,26.25,90000,7.41
1997-05-23,24.50,26.25,24.50,26.25,79400,7.41
1997-05-22,24.50,25.00,24.50,25.00,44400,7.05
1997-05-21,25.00,25.50,24.50,25.00,68000,7.05
1997-05-20,24.50,25.00,24.50,25.00,15400,7.05
1997-05-19,24.88,24.88,24.50,24.50,13200,6.91
1997-05-16,24.75,24.88,24.50,24.88,12800,7.02
1997-05-15,25.75,25.75,24.50,24.56,49000,6.93
1997-05-14,26.00,26.00,25.50,25.75,90200,7.26
1997-05-13,26.50,27.25,26.00,26.75,130800,7.55
1997-05-12,23.38,26.12,23.38,26.12,231000,7.37
1997-05-09,23.38,24.12,23.38,24.12,202000,6.81
1997-05-08,24.12,24.12,23.50,24.00,18200,6.77
1997-05-07,23.75,25.00,23.25,24.50,127200,6.91
1997-05-06,23.25,23.62,22.88,23.62,108800,6.66
1997-05-05,23.50,23.50,22.88,23.25,93600,6.56
1997-05-02,23.50,23.50,23.00,23.50,393000,6.63
1997-05-01,23.50,23.50,22.75,23.38,357800,6.59
1997-04-30,23.50,24.50,23.00,23.25,184200,6.56
1997-04-29,24.25,24.25,23.50,23.50,16200,6.63
1997-04-28,24.25,24.25,23.50,23.94,144600,6.75
1997-04-25,24.25,24.25,23.75,23.75,36400,6.70
1997-04-24,24.50,24.50,24.00,24.00,30800,6.77
1997-04-23,24.88,25.25,24.06,24.50,53200,6.91
1997-04-22,24.50,25.38,24.50,25.25,294000,7.12
1997-04-21,27.50,28.75,24.50,25.00,301000,7.05
1997-04-18,27.50,28.25,27.50,27.50,66000,7.76
1997-04-17,28.50,28.50,27.50,27.62,254400,7.79
1997-04-16,28.00,29.25,27.75,28.25,151800,7.97
1997-04-15,26.25,28.12,26.25,28.12,233400,7.93
1997-04-14,25.25,26.25,25.25,26.06,758400,7.35
1997-04-11,24.50,25.75,24.50,25.75,177600,7.26
1997-04-10,24.50,25.25,24.50,24.50,165200,6.91
1997-04-09,25.00,25.25,24.50,24.50,64600,6.91
1997-04-08,24.75,25.00,24.50,25.00,230200,7.05
1997-04-07,24.00,25.50,24.00,25.12,195600,7.09
1997-04-04,24.00,24.75,24.00,24.75,334200,6.98
1997-04-03,25.00,25.25,24.50,24.62,28000,6.95
1997-04-02,26.25,26.38,25.00,25.00,119400,7.05
1997-04-01,26.00,26.75,25.25,25.50,166800,7.19
1997-03-31,26.25,27.00,26.25,26.25,60200,7.41
1997-03-27,26.75,27.25,26.75,27.00,106000,7.62
1997-03-26,26.81,27.25,26.75,27.25,41800,7.69
1997-03-25,26.31,27.25,26.25,26.81,68200,7.56
1997-03-24,26.50,27.00,26.25,27.00,71200,7.62
1997-03-21,26.75,27.25,26.00,27.25,66000,7.69
1997-03-20,27.00,27.75,26.25,26.75,100600,7.55
1997-03-19,24.75,27.88,24.75,26.75,400400,7.55
1997-03-18,24.88,25.50,23.75,24.75,140800,6.98
1997-03-17,22.88,25.00,22.88,24.50,135800,6.91
1997-03-14,23.25,23.75,22.88,23.00,257400,6.49
1997-03-13,25.50,25.50,22.75,23.75,108200,6.70
1997-03-12,26.00,26.00,25.00,25.00,54200,7.05
1997-03-11,27.00,27.25,26.00,26.00,84200,7.33
1997-03-10,25.75,27.00,25.75,27.00,77800,7.62
1997-03-07,26.50,27.75,26.00,26.06,174600,7.35
1997-03-06,27.25,28.00,26.50,27.12,250600,7.65
1997-03-05,25.50,27.25,25.00,27.25,468200,7.69
1997-03-04,24.75,25.50,24.75,25.25,300200,7.12
1997-03-03,24.75,25.00,24.75,24.88,51400,7.02
1997-02-28,24.81,25.25,24.75,24.75,84400,6.98
1997-02-27,25.50,25.50,24.75,24.75,130000,6.98
1997-02-26,25.50,25.50,24.88,25.50,318800,7.19
1997-02-25,25.00,25.50,25.00,25.12,145000,7.09
1997-02-24,25.62,25.62,25.00,25.25,49000,7.12
1997-02-21,25.38,25.75,25.38,25.50,45400,7.19
1997-02-20,25.75,25.75,25.00,25.50,166800,7.19
1997-02-19,25.25,26.00,25.25,25.75,85200,7.26
1997-02-18,26.25,26.25,25.25,25.31,36200,7.14
1997-02-14,25.75,26.25,25.25,25.75,26600,7.26
1997-02-13,25.50,25.75,25.25,25.75,21000,7.26
1997-02-12,25.25,26.50,24.75,25.75,222400,7.26
1997-02-11,24.75,25.25,24.75,25.00,430600,7.05
1997-02-10,25.00,25.00,24.00,24.38,50000,6.88
1997-02-07,25.00,25.25,24.50,24.50,161600,6.91
1997-02-06,25.00,25.00,24.38,24.50,117800,6.91
1997-02-05,25.50,26.00,24.88,25.00,427800,7.05
1997-02-04,26.00,26.00,25.50,26.00,17800,7.33
1997-02-03,25.75,26.00,25.50,25.88,189000,7.30
1997-01-31,25.00,26.00,25.00,25.50,78200,7.19
1997-01-30,25.50,26.25,25.00,25.25,136600,7.12
1997-01-29,25.75,26.50,24.75,25.25,244000,7.12
1997-01-28,27.50,27.50,26.25,26.25,160200,7.41
1997-01-27,28.00,28.00,27.25,28.00,31400,7.90
1997-01-24,28.12,28.25,27.75,27.75,163200,7.83
1997-01-23,27.62,29.00,27.62,28.00,142200,7.90
1997-01-22,30.25,30.25,27.62,27.75,138600,7.83
1997-01-21,30.25,30.25,29.25,29.25,12600,8.25
1997-01-20,30.25,30.25,29.25,29.50,78200,8.32
1997-01-17,29.50,31.00,29.50,30.25,249200,8.53
1997-01-16,30.75,31.00,29.50,30.25,181400,8.53
1997-01-15,31.00,31.00,30.25,30.75,112200,8.67
1997-01-14,31.25,32.00,30.50,31.00,330000,8.75
1997-01-13,30.12,31.25,29.88,30.50,113400,8.60
1997-01-10,29.25,30.50,29.00,30.00,373000,8.46
1997-01-09,26.75,29.75,26.50,29.25,336800,8.25
1997-01-08,26.53,26.75,26.25,26.75,141600,7.55
1997-01-07,26.50,27.00,26.25,26.62,185400,7.51
1997-01-06,26.25,26.75,26.25,26.75,74600,7.55
1997-01-03,26.25,26.75,26.00,26.25,112200,7.41
1997-01-02,26.50,26.50,25.75,25.75,193200,7.26
1996-12-31,26.00,26.50,26.00,26.00,101400,7.33
1996-12-30,26.00,26.50,26.00,26.00,90800,7.33
1996-12-27,26.00,26.50,26.00,26.00,39400,7.33
1996-12-26,26.50,26.50,26.25,26.25,31600,7.41
1996-12-24,26.00,26.50,26.00,26.25,130000,7.41
1996-12-23,27.25,27.25,26.00,26.00,184200,7.33
1996-12-20,26.75,27.50,26.50,27.12,451200,7.65
1996-12-19,26.75,26.75,26.00,26.00,28200,7.33
1996-12-18,27.00,27.75,26.00,26.75,286600,7.55
1996-12-17,24.75,27.25,24.75,26.50,320400,7.48
1996-12-16,25.75,25.75,24.50,25.25,129000,7.12
1996-12-13,24.75,25.75,24.50,25.75,84600,7.26
1996-12-12,26.00,27.50,25.25,25.25,316000,7.12
1996-12-11,25.75,26.25,24.25,25.38,448200,7.16
1996-12-10,23.25,28.75,23.00,26.25,721800,7.41
1996-12-09,22.50,23.25,22.50,23.00,271600,6.49
1996-12-06,22.75,23.00,22.25,23.00,77000,6.49
1996-12-05,24.75,24.75,23.50,23.75,150600,6.70
1996-12-04,24.25,24.75,23.75,24.75,348000,6.98
1996-12-03,24.25,24.50,23.75,24.12,394200,6.81
1996-12-02,24.75,24.75,23.75,24.00,56600,6.77
1996-11-29,24.50,24.75,24.25,24.25,132000,6.84
1996-11-27,24.75,25.00,23.50,23.88,203200,6.74
1996-11-26,24.50,25.25,24.50,24.88,119600,7.02
1996-11-25,26.38,26.62,24.00,24.75,459200,6.98
1996-11-22,28.00,28.00,25.75,26.25,168400,7.41
1996-11-21,28.50,28.50,27.50,27.50,46600,7.76
1996-11-20,28.50,28.75,27.75,28.00,100200,7.90
1996-11-19,29.25,29.25,27.50,28.50,190200,8.04
1996-11-18,30.50,30.50,29.00,29.00,100400,8.18
1996-11-15,30.75,30.81,29.75,29.88,102200,8.43
1996-11-14,32.00,32.50,30.62,31.25,101400,8.82
1996-11-13,32.50,32.50,32.00,32.00,41400,9.03
1996-11-12,32.25,32.50,32.00,32.50,15400,9.17
1996-11-11,32.75,32.75,32.00,32.75,27400,9.24
1996-11-08,32.50,32.75,32.00,32.25,405400,9.10
1996-11-07,31.00,32.50,31.00,32.50,328200,9.17
1996-11-06,31.25,31.50,30.50,31.00,97000,8.75
1996-11-05,31.62,32.00,30.50,30.62,188600,8.64
1996-11-04,33.00,33.25,31.25,31.62,137800,8.92
1996-11-01,30.75,31.75,29.75,31.75,427600,8.96
1996-10-31,29.50,30.75,29.38,30.50,429600,8.60
1996-10-30,28.50,29.25,25.75,28.88,1117200,8.15
1996-10-29,30.00,30.25,27.75,27.88,402000,7.86
1996-10-28,34.00,34.00,29.25,29.25,851200,8.25
1996-10-25,34.25,34.25,33.50,34.00,34600,9.59
1996-10-24,34.25,34.25,33.75,33.75,40400,9.52
1996-10-23,34.25,34.25,33.75,34.25,36400,9.66
1996-10-22,35.25,35.75,33.50,34.25,568000,9.66
1996-10-21,43.00,43.00,32.75,34.75,2469800,9.80
1996-10-18,43.00,44.00,43.00,43.75,7000,12.34
1996-10-17,43.75,44.00,43.00,43.62,40400,12.31
1996-10-16,41.50,43.88,41.50,43.50,175000,12.27
1996-10-15,40.25,42.25,40.00,41.50,108800,11.71
1996-10-14,39.50,40.00,39.50,40.00,5200,11.28
1996-10-11,39.75,39.81,39.50,39.50,8600,11.14
1996-10-10,40.00,40.00,39.50,39.88,9400,11.25
1996-10-09,38.75,40.00,38.75,40.00,95200,11.28
1996-10-08,39.88,39.88,38.88,39.50,85400,11.14
1996-10-07,39.88,40.75,39.88,39.94,6400,11.27
1996-10-04,39.88,40.75,39.88,40.75,3400,11.50
1996-10-03,39.88,40.75,39.88,40.75,1200,11.50
1996-10-02,40.75,40.75,40.50,40.50,3800,11.43
1996-10-01,40.75,40.75,39.88,40.00,18800,11.28
1996-09-30,40.00,41.25,39.50,39.88,88600,11.25
1996-09-27,39.50,40.00,38.50,39.25,27800,11.07
1996-09-26,38.25,39.50,38.25,39.50,29000,11.14
1996-09-25,38.75,38.75,38.75,38.75,200,10.93
1996-09-24,38.25,39.00,38.25,38.75,34800,10.93
1996-09-23,38.25,38.50,38.00,38.50,164000,10.86
1996-09-20,38.00,38.50,38.00,38.50,56400,10.86
1996-09-19,39.50,39.50,38.00,38.50,72800,10.86
1996-09-18,39.50,39.50,38.75,39.00,250200,11.00
1996-09-17,38.50,39.50,38.50,39.50,86400,11.14
1996-09-16,39.00,39.25,38.50,39.25,176600,11.07
1996-09-13,38.00,38.00,37.75,37.88,140200,10.68
1996-09-12,37.75,38.75,37.50,38.00,579200,10.72
1996-09-11,36.50,38.00,36.50,37.50,55600,10.58
1996-09-10,37.75,37.75,36.75,37.75,52000,10.65
1996-09-09,37.75,39.00,37.00,38.12,198400,10.76
1996-09-06,36.50,37.75,36.50,37.38,243800,10.54
1996-09-05,36.50,36.50,36.50,36.50,12000,10.30
1996-09-04,37.50,37.50,36.50,36.50,14000,10.30
1996-09-03,37.50,37.50,36.50,37.00,2200,10.44
1996-08-30,37.50,37.50,37.50,37.50,5400,10.58
1996-08-29,37.00,37.12,36.50,37.00,65800,10.44
1996-08-28,37.00,37.00,36.50,37.00,21600,10.44
1996-08-27,37.00,37.00,36.50,36.75,30200,10.37
1996-08-26,37.00,37.00,36.25,36.50,48400,10.30
1996-08-23,38.50,38.50,37.00,37.00,52800,10.44
1996-08-22,38.75,38.75,37.62,37.75,36800,10.65
1996-08-21,38.75,38.75,38.12,38.12,6800,10.76
1996-08-20,38.50,39.00,37.75,38.25,81800,10.79
1996-08-19,36.75,38.25,36.25,38.25,114800,10.79
1996-08-16,37.75,38.75,36.00,36.12,225000,10.19
1996-08-15,39.38,39.38,37.75,38.50,271600,10.86
1996-08-14,39.62,40.00,39.25,39.25,67800,11.07
1996-08-13,39.50,40.50,39.25,39.25,374000,11.07
1996-08-12,40.50,40.50,39.50,39.50,104800,11.14
1996-08-09,39.50,40.50,39.50,40.50,3000,11.43
1996-08-08,39.25,40.50,39.25,40.50,3000,11.43
1996-08-07,39.25,40.50,39.25,40.50,4200,11.43
1996-08-06,39.50,40.50,39.25,40.00,41600,11.28
1996-08-05,40.50,40.50,39.25,40.00,55600,11.28
1996-08-02,40.75,40.75,39.50,39.50,96800,11.14
1996-08-01,40.75,40.75,40.25,40.38,115800,11.39
1996-07-31,40.25,40.75,40.25,40.50,69000,11.43
1996-07-30,40.62,40.75,40.00,40.50,577400,11.43
1996-07-29,39.75,40.75,39.25,40.75,232000,11.50
1996-07-26,38.75,39.75,37.88,38.75,170600,10.93
1996-07-25,37.75,38.75,37.75,38.75,91000,10.93
1996-07-24,37.75,38.75,37.50,37.75,73800,10.65
1996-07-23,42.25,42.25,38.25,38.50,105200,10.86
1996-07-22,43.00,43.00,42.25,42.38,44000,11.95
1996-07-19,43.00,43.00,42.25,42.50,44800,11.99
1996-07-18,43.00,43.00,42.25,42.62,146800,12.02
1996-07-17,43.25,43.75,42.00,42.50,220600,11.99
1996-07-16,45.75,46.50,42.25,43.25,416600,12.20
1996-07-15,45.50,48.25,45.50,46.50,333400,13.12
1996-07-12,44.75,45.50,44.75,45.50,19000,12.84
1996-07-11,44.75,45.50,44.75,44.75,149200,12.62
1996-07-10,45.00,45.75,44.00,45.12,195200,12.73
1996-07-09,43.00,45.50,42.00,44.50,476000,12.55
1996-07-08,42.00,43.00,42.00,42.62,114400,12.02
1996-07-05,42.00,43.00,42.00,43.00,27200,12.13
1996-07-03,44.25,44.75,42.75,42.75,241200,12.06
1996-07-02,46.75,46.75,44.50,44.50,530000,12.55
1996-07-01,43.50,47.00,43.00,46.50,541600,13.12
1996-06-28,42.50,43.50,41.75,43.50,173400,12.27
1996-06-27,40.75,42.50,40.25,42.25,721600,11.92
1996-06-26,39.00,40.50,39.00,39.75,292400,11.21
1996-06-25,38.38,38.62,38.38,38.62,13400,10.90
1996-06-24,38.25,39.25,38.25,39.00,13400,11.00
1996-06-21,38.00,39.25,38.00,38.00,16200,10.72
1996-06-20,39.25,39.25,38.00,38.00,76200,10.72
1996-06-19,38.00,39.25,38.00,39.25,324000,11.07
1996-06-18,38.38,38.38,38.00,38.00,144600,10.72
1996-06-17,38.00,38.75,38.00,38.75,121000,10.93
1996-06-14,39.25,39.25,37.88,39.00,202800,11.00
1996-06-13,39.25,39.25,37.75,39.00,61600,11.00
1996-06-12,37.81,38.50,37.25,38.00,163600,10.72
1996-06-11,38.00,38.00,37.25,37.25,5600,10.51
1996-06-10,38.00,38.00,37.75,38.00,25800,10.72
1996-06-07,37.00,38.00,36.50,38.00,115200,10.72
1996-06-06,37.50,38.50,37.50,38.50,103200,10.86
1996-06-05,37.00,38.50,37.00,37.50,50200,10.58
1996-06-04,38.25,38.25,37.00,38.25,42400,10.79
1996-06-03,37.00,38.25,37.00,38.25,499200,10.79
1996-05-31,38.50,38.50,37.00,38.00,248600,10.72
1996-05-30,37.50,38.50,37.00,37.12,81000,10.47
1996-05-29,37.25,38.25,34.25,37.25,729800,10.51
1996-05-28,39.25,39.31,37.50,37.50,96200,10.58
1996-05-24,39.25,40.50,39.25,40.00,6400,11.28
1996-05-23,39.25,40.50,39.25,40.00,30600,11.28
1996-05-22,41.75,41.75,39.25,39.25,101200,11.07
1996-05-21,40.25,41.75,40.25,41.75,14200,11.78
1996-05-20,40.25,41.75,40.25,40.88,42600,11.53
1996-05-17,40.75,41.75,40.25,40.75,46200,11.50
1996-05-16,41.75,41.75,40.38,41.00,42800,11.57
1996-05-15,40.25,41.75,40.25,41.75,23000,11.78
1996-05-14,40.25,41.75,40.25,40.50,72800,11.43
1996-05-13,41.25,42.25,40.25,40.75,226000,11.50
1996-05-10,42.25,42.25,41.25,41.62,94800,11.74
1996-05-09,42.25,42.25,41.25,41.38,106800,11.67
1996-05-08,42.25,42.25,41.25,41.50,40400,11.71
1996-05-07,41.25,42.25,41.25,42.25,153200,11.92
1996-05-06,41.25,42.25,41.25,42.00,107200,11.85
1996-05-03,40.25,43.25,40.25,41.38,383800,11.67
1996-05-02,39.50,41.75,38.25,41.25,391200,11.64
1996-05-01,38.25,39.00,37.00,39.00,68200,11.00
1996-04-30,38.25,38.25,37.00,38.12,47800,10.76
1996-04-29,36.75,38.25,36.75,37.31,168800,10.53
1996-04-26,36.00,37.50,36.00,36.75,703400,10.37
1996-04-25,36.50,37.25,36.00,36.00,54600,10.16
1996-04-24,37.25,37.25,36.00,37.25,69200,10.51
1996-04-23,36.75,37.25,35.50,37.25,67600,10.51
1996-04-22,34.75,36.75,34.25,36.25,762400,10.23
1996-04-19,33.00,34.25,32.50,34.00,93200,9.59
1996-04-18,33.75,33.75,32.50,32.50,9200,9.17
1996-04-17,32.75,35.00,32.50,33.75,168000,9.52
1996-04-16,32.50,33.50,32.50,32.75,170000,9.24
1996-04-15,33.00,34.25,31.50,31.50,138200,8.89
1996-04-12,32.25,34.50,30.75,34.25,378200,9.66
1996-04-11,28.00,32.75,27.00,32.25,532600,9.10
1996-04-10,27.25,27.25,26.50,27.25,199200,7.69
1996-04-09,27.25,27.25,26.50,26.50,105400,7.48
1996-04-08,26.50,27.25,26.50,26.50,102800,7.48
1996-04-04,27.25,27.25,26.50,27.00,234800,7.62
1996-04-03,26.50,27.25,25.50,27.25,328600,7.69
1996-04-02,26.50,26.50,25.50,26.00,35600,7.33
1996-04-01,26.50,26.50,25.50,25.50,4800,7.19
1996-03-29,25.50,26.50,25.50,26.50,116600,7.48
1996-03-28,25.50,26.50,25.50,25.50,101200,7.19
1996-03-27,26.50,26.50,25.50,26.00,30600,7.33
1996-03-26,25.50,26.50,25.50,26.50,58000,7.48
1996-03-25,26.50,26.50,25.50,25.50,9000,7.19
1996-03-22,26.50,26.50,25.50,25.50,29600,7.19
1996-03-21,25.50,26.50,25.50,25.50,12800,7.19
1996-03-20,26.50,26.50,25.50,26.00,69600,7.33
1996-03-19,25.00,26.50,25.00,26.50,152600,7.48
1996-03-18,25.62,26.00,25.00,26.00,57400,7.33
1996-03-15,25.00,25.75,25.00,25.75,15000,7.26
1996-03-14,25.38,25.38,25.00,25.00,65000,7.05
1996-03-13,25.00,25.75,25.00,25.75,53600,7.26
1996-03-12,25.00,25.50,25.00,25.25,35400,7.12
1996-03-11,26.00,26.00,25.00,25.00,72000,7.05
1996-03-08,26.00,26.00,25.00,25.25,121200,7.12
1996-03-07,25.50,26.25,24.75,25.50,306200,7.19
1996-03-06,24.75,25.25,24.00,25.00,295400,7.05
1996-03-05,23.75,25.75,23.50,24.00,328600,6.77
1996-03-04,22.50,23.25,22.50,23.25,67600,6.56
1996-03-01,23.50,23.50,22.38,23.00,185800,6.49
1996-02-29,21.50,23.50,20.75,23.50,343600,6.63
1996-02-28,21.00,21.50,20.75,21.12,468800,5.96
1996-02-27,21.38,21.50,20.75,21.50,65200,6.07
1996-02-26,21.00,21.50,20.81,21.25,176000,5.99
1996-02-23,21.12,21.50,20.75,21.50,451000,6.07
1996-02-22,21.50,21.50,20.75,21.50,155000,6.07
1996-02-21,21.25,21.50,20.75,21.50,104000,6.07
1996-02-20,21.25,21.50,20.75,21.25,50200,5.99
1996-02-16,21.50,21.50,20.38,21.25,308400,5.99
1996-02-15,20.50,21.50,20.25,21.50,519200,6.07
1996-02-14,17.25,20.25,17.25,20.25,948400,5.71
1996-02-13,17.75,18.00,17.00,18.00,869000,5.08
1996-02-12,17.00,17.75,17.00,17.38,169600,4.90
1996-02-09,17.75,17.75,17.00,17.75,69200,5.01
1996-02-08,17.38,17.75,17.00,17.00,48200,4.80
1996-02-07,17.75,17.75,17.00,17.50,87600,4.94
1996-02-06,17.25,17.75,17.25,17.75,61600,5.01
1996-02-05,17.00,17.75,17.00,17.25,6400,4.87
1996-02-02,18.00,18.75,17.25,17.75,308600,5.01
1996-02-01,18.00,18.00,17.25,18.00,148000,5.08
1996-01-31,17.00,18.00,17.00,18.00,23000,5.08
1996-01-30,18.75,18.88,16.75,17.12,186400,4.83
1996-01-29,18.75,19.12,18.75,18.75,6400,5.29
1996-01-26,19.50,19.50,18.75,18.88,9800,5.32
1996-01-25,19.50,19.50,18.75,18.88,67800,5.32
1996-01-24,19.00,19.25,18.75,18.75,60800,5.29
1996-01-23,19.00,19.00,18.25,18.75,5600,5.29
1996-01-22,18.25,19.00,18.25,18.25,8400,5.15
1996-01-19,19.00,19.00,18.25,18.25,52800,5.15
1996-01-18,18.25,19.00,18.25,19.00,21600,5.36
1996-01-17,19.00,19.00,19.00,19.00,16000,5.36
1996-01-16,19.00,19.00,18.50,19.00,75200,5.36
1996-01-15,19.00,19.00,19.00,19.00,2000,5.36
1996-01-12,19.00,19.00,18.50,18.50,20000,5.22
1996-01-11,19.00,19.00,18.50,18.75,94800,5.29
1996-01-10,19.00,19.25,18.50,18.88,701000,5.32
1996-01-09,18.50,19.25,18.50,18.62,516400,5.25
1996-01-08,19.25,19.25,18.50,19.25,9600,5.43
1996-01-05,18.50,19.50,18.25,19.25,418400,5.43
1996-01-04,17.75,18.25,16.75,18.25,441200,5.15
1996-01-03,17.00,17.75,16.88,17.75,279600,5.01
1996-01-02,17.25,17.25,16.75,16.88,69400,4.76
1995-12-29,17.25,17.50,16.50,17.25,51800,4.87
1995-12-28,17.25,17.25,16.50,16.50,210600,4.65
1995-12-27,19.50,19.50,16.25,17.25,722600,4.87
1995-12-26,19.25,19.50,18.75,18.75,48800,5.29
1995-12-22,19.25,20.00,19.25,19.25,11800,5.43
1995-12-21,19.75,20.00,19.25,20.00,158800,5.64
1995-12-20,19.00,19.75,19.00,19.75,19400,5.57
1995-12-19,19.00,19.75,19.00,19.75,400,5.57
1995-12-18,19.25,19.75,19.00,19.75,25600,5.57
1995-12-15,20.00,20.00,19.25,19.88,5000,5.61
1995-12-14,20.25,20.25,20.00,20.00,4200,5.64
1995-12-13,20.25,20.25,19.75,19.75,97400,5.57
1995-12-12,20.25,20.25,19.75,20.25,12800,5.71
1995-12-11,20.75,20.75,19.88,20.25,16000,5.71
1995-12-08,20.75,20.75,20.00,20.75,49400,5.85
1995-12-07,20.75,20.75,19.62,20.00,774600,5.64
1995-12-06,20.25,20.75,19.75,20.75,17800,5.85
1995-12-05,19.75,20.25,19.75,20.25,733200,5.71
1995-12-04,20.25,20.25,19.75,20.25,37000,5.71
1995-12-01,20.75,22.50,19.75,19.88,219800,5.61
1995-11-30,19.75,20.50,19.75,19.75,44800,5.57
1995-11-29,19.00,19.50,18.25,19.25,71200,5.43
1995-11-28,19.00,19.00,18.00,19.00,47800,5.36
1995-11-27,19.00,19.00,18.00,18.50,32400,5.22
1995-11-24,18.25,18.25,18.25,18.25,16600,5.15
1995-11-22,18.00,18.00,17.50,17.75,40000,5.01
1995-11-21,17.25,17.75,17.00,17.75,202800,5.01
1995-11-20,17.00,17.25,16.25,17.25,1975600,4.87
1995-11-17,17.00,17.00,16.00,16.75,660400,4.73
1995-11-16,17.75,17.75,16.25,16.25,966400,4.58
1995-11-15,18.25,18.25,17.25,17.38,202600,4.90
1995-11-14,19.25,19.50,17.50,17.50,60800,4.94
1995-11-13,19.25,20.00,19.25,19.25,19000,5.43
1995-11-10,20.00,20.00,19.25,20.00,7800,5.64
1995-11-09,20.25,20.25,19.25,20.00,15800,5.64
1995-11-08,20.25,20.25,19.25,20.25,14800,5.71
1995-11-07,19.50,20.25,19.25,19.25,66200,5.43
1995-11-06,21.75,21.75,20.00,20.06,205800,5.66
1995-11-03,21.00,21.75,20.75,21.38,34400,6.03
1995-11-02,20.88,21.75,20.75,21.25,28600,5.99
1995-11-01,21.75,21.75,20.88,21.75,280400,6.14
1995-10-31,22.50,22.50,20.75,20.75,26600,5.85
1995-10-30,22.75,23.25,22.00,22.50,555400,6.35
1995-10-27,23.25,23.75,22.75,22.75,16400,6.42
1995-10-26,24.25,24.25,23.25,23.25,22200,6.56
1995-10-25,25.00,25.00,24.25,24.25,91200,6.84
1995-10-24,24.75,25.75,24.25,24.25,549600,6.84
1995-10-23,25.75,25.75,24.75,25.38,160200,7.16
1995-10-20,25.50,25.75,24.88,25.00,49200,7.05
1995-10-19,25.75,25.75,25.75,25.75,600,7.26
1995-10-18,25.75,25.75,24.75,25.25,30200,7.12
1995-10-17,24.75,25.75,24.75,25.75,1000,7.26
1995-10-16,24.75,25.62,24.75,24.75,7000,6.98
1995-10-13,25.75,25.75,25.50,25.50,3400,7.19
1995-10-12,25.50,25.75,24.75,25.75,8600,7.26
1995-10-11,24.75,25.25,24.75,24.75,3000,6.98
1995-10-10,26.25,26.25,25.25,25.25,10400,7.12
1995-10-09,25.31,26.25,25.25,25.25,155000,7.12
1995-10-06,25.50,25.50,25.25,25.25,600,7.12
1995-10-05,26.25,26.25,25.25,25.25,5000,7.12
1995-10-04,25.25,25.75,25.25,25.25,9200,7.12
1995-10-03,26.75,27.75,25.25,25.25,213000,7.12
1995-10-02,27.75,28.00,27.25,27.75,19600,7.83
1995-09-29,27.75,28.75,27.75,28.75,11600,8.11
1995-09-28,28.75,28.75,28.00,28.75,5800,8.11
1995-09-27,28.75,28.75,28.75,28.75,2000,8.11
1995-09-26,29.75,29.75,29.62,29.62,2000,8.36
1995-09-25,28.75,29.75,28.75,28.75,2800,8.11
1995-09-22,28.75,29.75,28.75,29.75,10000,8.39
1995-09-21,29.75,29.75,28.75,28.75,2400,8.11
1995-09-20,29.25,29.25,28.75,28.88,163600,8.15
1995-09-19,28.75,29.12,28.75,28.88,160200,8.15
1995-09-18,30.12,30.12,28.75,28.75,38400,8.11
1995-09-15,30.00,30.00,30.00,30.00,5200,8.46
1995-09-14,30.00,31.00,30.00,30.00,25200,8.46
1995-09-13,30.00,30.50,30.00,30.00,4000,8.46
1995-09-12,30.25,30.38,30.00,30.00,9800,8.46
1995-09-11,30.00,30.00,30.00,30.00,2000,8.46
1995-09-08,30.00,31.00,30.00,31.00,3200,8.75
1995-09-07,30.00,31.00,30.00,30.00,7000,8.46
1995-09-06,31.00,31.00,30.00,30.00,6600,8.46
1995-09-05,30.00,31.00,30.00,31.00,3000,8.75
1995-09-01,30.38,31.00,30.00,30.00,1800,8.46
1995-08-31,30.00,30.38,30.00,30.25,55600,8.53
1995-08-30,30.00,30.00,30.00,30.00,1200,8.46
1995-08-29,31.00,31.00,30.00,31.00,59800,8.75
1995-08-28,30.00,30.38,30.00,30.25,97400,8.53
1995-08-25,30.00,31.00,30.00,30.00,30400,8.46
1995-08-24,30.00,30.50,30.00,30.38,8600,8.57
1995-08-23,30.00,31.00,30.00,30.00,3000,8.46
1995-08-22,31.00,31.00,30.00,30.25,45000,8.53
1995-08-21,30.12,31.00,30.00,30.00,98200,8.46
1995-08-18,30.00,30.50,30.00,30.00,53800,8.46
1995-08-17,30.25,30.25,30.00,30.12,47800,8.50
1995-08-16,30.00,31.00,30.00,30.00,217800,8.46
1995-08-15,31.00,31.00,30.00,30.12,12200,8.50
1995-08-14,30.00,30.00,30.00,30.00,800,8.46
1995-08-11,30.00,31.00,30.00,30.00,4400,8.46
1995-08-10,30.50,31.00,30.00,30.00,152800,8.46
1995-08-09,31.00,31.00,30.00,30.00,227400,8.46
1995-08-08,31.00,31.00,30.00,31.00,63000,8.75
1995-08-07,31.00,31.00,30.25,31.00,22000,8.75
1995-08-04,29.50,31.00,29.50,30.75,47800,8.67
1995-08-03,29.50,29.50,29.50,29.50,600,8.32
1995-08-02,30.50,30.50,29.50,30.00,35600,8.46
1995-08-01,30.50,30.50,29.50,30.00,53400,8.46
1995-07-31,30.50,30.50,29.50,30.50,53800,8.60
1995-07-28,29.25,30.12,29.00,29.75,105600,8.39
1995-07-27,30.00,30.00,29.00,29.25,307600,8.25
1995-07-26,29.25,30.00,28.50,29.50,93000,8.32
1995-07-25,28.25,29.25,28.25,28.25,10000,7.97
1995-07-24,29.25,29.25,28.25,29.25,11200,8.25
1995-07-21,29.25,29.25,28.25,29.00,246800,8.18
1995-07-20,29.25,29.25,28.50,29.25,29600,8.25
1995-07-19,30.00,30.00,28.25,29.25,338600,8.25
1995-07-18,27.75,31.00,27.75,29.50,223400,8.32
1995-07-17,28.50,28.50,27.75,27.88,108400,7.86
1995-07-14,28.50,28.50,27.75,28.50,19200,8.04
1995-07-13,27.75,28.50,27.75,27.75,19200,7.83
1995-07-12,27.50,28.50,27.50,27.75,320800,7.83
1995-07-11,27.50,28.50,27.50,27.50,158800,7.76
1995-07-10,27.50,28.50,27.50,27.50,29200,7.76
1995-07-07,28.50,28.50,27.50,28.50,122000,8.04
1995-07-06,27.50,28.50,27.50,28.50,96400,8.04
1995-07-05,28.25,28.50,27.50,28.00,49800,7.90
1995-07-03,27.38,27.38,27.38,27.38,6200,7.72
1995-06-30,27.50,28.00,27.38,28.00,602200,7.90
1995-06-29,27.50,28.00,27.50,27.50,16800,7.76
1995-06-28,27.50,28.25,27.50,27.50,337600,7.76
1995-06-27,28.00,28.81,27.50,27.75,211600,7.83
1995-06-26,28.00,29.00,28.00,28.00,87600,7.90
1995-06-23,28.00,29.00,28.00,28.00,316600,7.90
1995-06-22,28.00,29.00,28.00,29.00,351000,8.18
1995-06-21,28.00,28.50,28.00,28.00,233400,7.90
1995-06-20,28.00,29.00,28.00,28.00,283400,7.90
1995-06-19,28.00,29.00,28.00,28.00,296000,7.90
1995-06-16,25.25,28.75,24.50,28.00,1093000,7.90
1995-06-15,24.50,25.25,24.50,24.50,409200,6.91
1995-06-14,23.50,25.50,23.50,24.50,468200,6.91
1995-06-13,23.50,24.25,23.50,23.50,397800,6.63
1995-06-12,23.50,24.25,23.50,24.00,492600,6.77
1995-06-09,23.50,24.25,23.50,23.75,702000,6.70
1995-06-08,23.50,24.25,23.50,23.62,1036400,6.66
1995-06-07,23.50,24.25,23.25,24.12,7806200,6.81
